0.4289674584562625
0.4278692412319828
0.42677102400770306
0.42567280678342334
0.4245745895591436
0.4234763723348639
0.4223781551105842
0.4212799378863045
0.4201817206620248
0.4190835034377451
0.41798528621346537
0.41688706898918565
0.41578885176490593
0.4146906345406262
0.4135924173163465
0.4124942000920668
0.41139598286778706
0.41029776564350734
0.4091995484192276
0.40810133119494796
0.40700311397066824
0.4059048967463885
0.4048066795221088
0.4037084622978291
0.40261024507354937
0.40151202784926965
0.40041381062498993
0.3993155934007102
0.3982173761764305
0.3971191589521508
0.39602094172787106
0.39492272450359134
0.3938245072793116
0.3947594989086059
0.39628750978685917
0.3978155206651125
0.3993435315433658
0.4008715424216191
0.4023995532998724
0.4039275641781257
0.405455575056379
0.4069835859346323
0.4085115968128856
0.4100396076911389
0.4115676185693922
0.41309562944764555
0.4146236403258988
0.41615165120415215
0.4176796620824054
0.41920767296065875
0.420735683838912
0.42226369471716535
0.4237917055954187
0.42531971647367195
0.4268477273519253
0.42837573823017855
0.4299037491084319
0.43143175998668515
0.4329597708649385
0.4344877817431918
0.4360157926214451
0.4375438034996984
0.4390718143779517
0.440599825256205
0.4421278361344583
0.4424885681845582
0.4418880117879434
0.4412874553913287
0.44068689899471397
0.44008634259809926
0.4394857862014845
0.43888522980486977
0.43828467340825505
0.43768411701164034
0.43708356061502557
0.43648300421841085
0.43588244782179614
0.43528189142518137
0.43468133502856665
0.43408077863195194
0.4334802222353372
0.43287966583872245
0.43227910944210773
0.431678553045493
0.43107799664887825
0.43047744025226353
0.4298768838556488
0.4292763274590341
0.42867577106241933
0.4280752146658046
0.4274746582691899
0.42687410187257513
0.4262735454759604
0.4256729890793457
0.425072432682731
0.4244718762861162
0.4238713198895015
0.42338949367366796
0.42315700083747504
0.42292450800128206
0.42269201516508914
0.42245952232889616
0.42222702949270324
0.42199453665651027
0.4217620438203173
0.42152955098412437
0.4212970581479314
0.42106456531173847
0.4208320724755455
0.42059957963935257
0.4203670868031596
0.4201345939669667
0.4199021011307737
0.4196696082945807
0.4194371154583878
0.4192046226221948
0.4189721297860019
0.4187396369498089
0.418507144113616
0.418274651277423
0.41804215844123005
0.41780966560503713
0.41757717276884415
0.41734467993265123
0.41711218709645825
0.41687969426026533
0.41664720142407236
0.41641470858787943
0.41618221575168646
0.4161530131098245
0.41802118561505164
0.4198893581202788
0.42175753062550597
0.4236257031307331
0.42549387563596025
0.4273620481411874
0.42923022064641453
0.4310983931516417
0.43296656565686886
0.43483473816209606
0.43670291066732314
0.4385710831725503
0.4404392556777775
0.4423074281830046
0.4441756006882318
0.44604377319345895
0.44791194569868603
0.4497801182039132
0.45164829070914037
0.45351646321436756
0.4553846357195947
0.45725280822482184
0.459120980730049
0.4609891532352761
0.4628573257405033
0.46472549824573045
0.4665936707509576
0.46846184325618473
0.47033001576141187
0.47219818826663906
0.4740663607718662
0.4759345332770934
0.47414462352126574
0.47181277565268936
0.4694809277841129
0.4671490799155365
0.46481723204696
0.46248538417838364
0.46015353630980715
0.4578216884412308
0.45548984057265435
0.4531579927040779
0.4508261448355015
0.44849429696692505
0.4461624490983486
0.44383060122977225
0.44149875336119576
0.4391669054926194
0.4368350576240429
0.4345032097554665
0.43217136188689004
0.42983951401831366
0.42750766614973723
0.4251758182811608
0.42284397041258437
0.4205121225440079
0.4181802746754315
0.4158484268068551
0.41351657893827864
0.4111847310697022
0.4088528832011258
0.40652103533254935
0.4041891874639729
0.4018573395953965
0.4016614944097683
0.4026404506997616
0.4036194069897549
0.4045983632797482
0.40557731956974147
0.4065562758597347
0.40753523214972803
0.40851418843972126
0.4094931447297146
0.4104721010197078
0.4114510573097011
0.41243001359969444
0.41340896988968767
0.414387926179681
0.41536688246967424
0.4163458387596676
0.4173247950496608
0.4183037513396541
0.41928270762964737
0.42026166391964065
0.42124062020963393
0.4222195764996272
0.4231985327896205
0.4241774890796138
0.42515644536960706
0.42613540165960034
0.4271143579495936
0.4280933142395869
0.4290722705295802
0.4300512268195735
0.43103018310956676
0.43200913939956004
0.432248192754208
0.4314627651214548
0.43067733748870163
0.4298919098559484
0.4291064822231952
0.428321054590442
0.4275356269576888
0.42675019932493563
0.4259647716921824
0.4251793440594292
0.424393916426676
0.4236084887939228
0.4228230611611696
0.4220376335284164
0.4212522058956632
0.42046677826291
0.4196813506301568
0.4188959229974036
0.4181104953646504
0.4173250677318972
0.416539640099144
0.4157542124663908
0.4149687848336376
0.4141833572008844
0.4133979295681312
0.412612501935378
0.4118270743026248
0.4110416466698716
0.4102562190371184
0.40947079140436515
0.40868536377161196
0.4078999361388588
0.40682302995178315
0.4045316297883639
0.40224022962494477
0.3999488294615256
0.39765742929810644
0.39536602913468727
0.393074628971268
0.3907832288078489
0.3884918286444297
0.38620042848101055
0.3839090283175914
0.3816176281541721
0.379326227990753
0.37703482782733383
0.37474342766391466
0.3724520275004954
0.3701606273370762
0.3678692271736571
0.36557782701023794
0.3632864268468188
0.3609950266833995
0.35870362651998033
0.3564122263565612
0.35412082619314206
0.3518294260297229
0.3495380258663036
0.34724662570288445
0.3449552255394653
0.34266382537604617
0.340372425212627
0.33808102504920773
0.33578962488578856
0.3334982247223694
0.3348215261424884
0.33626531761539186
0.3377091090882955
0.33915290056119896
0.3405966920341025
0.342040483507006
0.3434842749799095
0.3449280664528131
0.3463718579257166
0.3478156493986201
0.3492594408715236
0.3507032323444272
0.3521470238173307
0.35359081529023423
0.35503460676313775
0.3564783982360412
0.35792218970894485
0.35936598118184837
0.36080977265475184
0.36225356412765536
0.3636973556005589
0.36514114707346246
0.366584938546366
0.3680287300192695
0.36947252149217297
0.3709163129650765
0.37236010443798007
0.3738038959108836
0.3752476873837871
0.37669147885669063
0.37813527032959415
0.37957906180249773
0.3808221046572503
0.3819953219056895
0.38316853915412874
0.38434175640256796
0.3855149736510073
0.3866881908994465
0.3878614081478857
0.38903462539632494
0.39020784264476427
0.3913810598932035
0.3925542771416427
0.3937274943900819
0.39490071163852114
0.39607392888696047
0.3972471461353997
0.3984203633838389
0.3995935806322781
0.40076679788071734
0.40194001512915667
0.4031132323775959
0.4042864496260351
0.4054596668744743
0.4066328841229136
0.40780610137135287
0.4089793186197921
0.4101525358682313
0.4113257531166705
0.4124989703651098
0.41367218761354907
0.4148454048619883
0.4160186221104275
0.4171918393588668
0.41809990665216773
0.4187593958625267
0.4194188850728856
0.42007837428324446
0.42073786349360337
0.42139735270396234
0.42205684191432125
0.4227163311246801
0.423375820335039
0.4240353095453979
0.42469479875575683
0.42535428796611574
0.42601377717647465
0.42667326638683356
0.42733275559719247
0.4279922448075514
0.4286517340179103
0.4293112232282692
0.42997071243862806
0.43063020164898697
0.43128969085934593
0.4319491800697048
0.4326086692800637
0.4332681584904226
0.4339276477007815
0.4345871369111404
0.43524662612149934
0.43590611533185825
0.43656560454221716
0.43722509375257607
0.437884582962935
0.4385440721732939
0.43866407874983043
0.4374653499992458
0.43626662124866106
0.4350678924980764
0.4338691637474918
0.4326704349969071
0.4314717062463225
0.4302729774957378
0.42907424874515315
0.42787551999456847
0.42667679124398383
0.4254780624933992
0.42427933374281446
0.4230806049922298
0.4218818762416452
0.42068314749106056
0.41948441874047593
0.4182856899898912
0.41708696123930655
0.4158882324887219
0.41468950373813723
0.4134907749875526
0.4122920462369679
0.4110933174863832
0.4098945887357986
0.40869585998521396
0.4074971312346293
0.4062984024840446
0.40509967373345995
0.4039009449828753
0.40270221623229063
0.40150348748170595
0.4005343119214084
0.4028936576202726
0.40525300331913683
0.40761234901800103
0.40997169471686534
0.41233104041572954
0.41469038611459375
0.41704973181345795
0.41940907751232215
0.42176842321118646
0.42412776891005066
0.4264871146089148
0.428846460307779
0.4312058060066432
0.4335651517055075
0.4359244974043717
0.4382838431032359
0.4406431888021001
0.44300253450096433
0.44536188019982864
0.44772122589869284
0.450080571597557
0.4524399172964212
0.45479926299528556
0.4571586086941497
0.4595179543930139
0.4618773000918781
0.4642366457907423
0.4665959914896066
0.4689553371884708
0.471314682887335
0.4736740285861992
0.4760333742850634
0.4748613044463609
0.4730101162350495
0.47115892802373815
0.4693077398124268
0.46745655160111543
0.46560536338980396
0.4637541751784926
0.46190298696718124
0.4600517987558699
0.4582006105445585
0.45634942233324705
0.4544982341219357
0.4526470459106243
0.45079585769931296
0.4489446694880016
0.44709348127669013
0.44524229306537877
0.4433911048540674
0.44153991664275605
0.4396887284314446
0.4378375402201332
0.43598635200882185
0.4341351637975105
0.43228397558619913
0.43043278737488766
0.4285815991635763
0.42673041095226494
0.4248792227409536
0.4230280345296422
0.42117684631833074
0.4193256581070194
0.417474469895708
0.4169243709386177
0.4171960125631407
0.41746765418766363
0.4177392958121866
0.41801093743670953
0.41828257906123245
0.41855422068575543
0.41882586231027835
0.41909750393480133
0.41936914555932425
0.4196407871838472
0.41991242880837015
0.4201840704328931
0.42045571205741605
0.420727353681939
0.4209989953064619
0.4212706369309849
0.4215422785555078
0.4218139201800308
0.4220855618045537
0.4223572034290766
0.4226288450535996
0.4229004866781225
0.4231721283026455
0.4234437699271684
0.42371541155169135
0.4239870531762143
0.42425869480073725
0.4245303364252602
0.42480197804978315
0.42507361967430607
0.42534526129882905
0.42524625390432796
0.42456038556303877
0.4238745172217497
0.42318864888046054
0.42250278053917145
0.4218169121978823
0.4211310438565932
0.42044517551530414
0.419759307174015
0.4190734388327259
0.41838757049143677
0.4177017021501476
0.4170158338088585
0.4163299654675694
0.41564409712628025
0.41495822878499117
0.414272360443702
0.41358649210241294
0.41290062376112385
0.4122147554198347
0.4115288870785456
0.4108430187372564
0.41015715039596734
0.4094712820546782
0.4087854137133891
0.40809954537209997
0.4074136770308109
0.40672780868952174
0.40604194034823266
0.40535607200694357
0.40467020366565437
0.40398433532436523
0.40317999338811733
0.4017595887580838
0.40033918412805036
0.3989187794980169
0.3974983748679834
0.39607797023794994
0.3946575656079164
0.39323716097788297
0.3918167563478493
0.39039635171781584
0.3889759470877824
0.38755554245774887
0.3861351378277154
0.3847147331976819
0.38329432856764845
0.381873923937615
0.3804535193075815
0.379033114677548
0.37761271004751434
0.3761923054174809
0.3747719007874474
0.3733514961574139
0.37193109152738046
0.37051068689734695
0.3690902822673135
0.36766987763728
0.36624947300724653
0.36482906837721285
0.3634086637471794
0.36198825911714594
0.3605678544871124
0.35914744985707897
0.35772704522704546
0.35750673725748544
0.3573691945748546
0.3572316518922238
0.35709410920959295
0.3569565665269621
0.3568190238443313
0.35668148116170045
0.3565439384790696
0.3564063957964388
0.35626885311380796
0.35613131043117713
0.3559937677485463
0.35585622506591547
0.35571868238328463
0.3555811397006538
0.35544359701802297
0.35530605433539214
0.3551685116527613
0.3550309689701305
0.35489342628749965
0.3547558836048688
0.35461834092223793
0.3544807982396071
0.35434325555697627
0.35420571287434544
0.3540681701917146
0.3539306275090838
0.35379308482645294
0.3536555421438221
0.3535179994611913
0.35338045677856045
0.3532429140959296
0.35515726312474033
0.35791102239914113
0.36066478167354166
0.3634185409479422
0.36617230022234265
0.3689260594967432
0.37167981877114364
0.37443357804554417
0.3771873373199447
0.37994109659434516
0.3826948558687457
0.3854486151431465
0.388202374417547
0.3909561336919475
0.393709892966348
0.3964636522407485
0.399217411515149
0.40197117078954947
0.40472493006395
0.4074786893383505
0.4102324486127513
0.4129862078871518
0.4157399671615523
0.41849372643595284
0.4212474857103533
0.42400124498475383
0.42675500425915436
0.4295087635335548
0.43226252280795535
0.4350162820823558
0.4377700413567567
0.44052380063115715
0.44260251995207195
0.4439611966559355
0.445319873359799
0.4466785500636625
0.44803722676752605
0.4493959034713896
0.4507545801752531
0.45211325687911663
0.45347193358298027
0.4548306102868438
0.4561892869907073
0.45754796369457085
0.4589066403984344
0.4602653171022979
0.4616239938061614
0.46298267051002495
0.4643413472138885
0.46570002391775217
0.4670587006216157
0.4684173773254792
0.46977605402934275
0.4711347307332063
0.4724934074370698
0.4738520841409333
0.47521076084479685
0.4765694375486604
0.4779281142525239
0.4792867909563876
0.4806454676602511
0.48200414436411465
0.4833628210679781
0.4847214977718417
0.48581599352941834
0.48615096906642025
0.4864859446034222
0.48682092014042416
0.4871558956774261
0.4874908712144281
0.48782584675143004
0.488160822288432
0.48849579782543395
0.4888307733624359
0.48916574889943787
0.48950072443643977
0.48983569997344173
0.4901706755104437
0.4905056510474457
0.4908406265844476
0.49117560212144956
0.4915105776584515
0.4918455531954535
0.49218052873245544
0.4925155042694574
0.49285047980645935
0.49318545534346125
0.4935204308804632
0.4938554064174652
0.4941903819544672
0.4945253574914691
0.49486033302847104
0.495195308565473
0.49553028410247496
0.4958652596394769
0.4962002351764789
0.4965295996065899
0.4966906308299732
0.4968516620533566
0.49701269327673997
0.49717372450012337
0.4973347557235067
0.49749578694689006
0.4976568181702734
0.4978178493936568
0.49797888061704015
0.4981399118404235
0.4983009430638069
0.49846197428719025
0.4986230055105736
0.498784036733957
0.49894506795734034
0.4991060991807237
0.49926713040410703
0.49942816162749043
0.4995891928508738
0.4997502240742571
0.4999112552976405
0.5000722865210239
0.5002333177444073
0.5003943489677906
0.500555380191174
0.5007164114145574
0.5008774426379407
0.501038473861324
0.5011995050847075
0.5013605363080907
0.5015215675314741
0.5016825987548575
0.5025744648908536
0.5036417314058766
0.5047089979208997
0.5057762644359228
0.5068435309509459
0.507910797465969
0.5089780639809921
0.5100453304960153
0.5111125970110384
0.5121798635260615
0.5132471300410846
0.5143143965561077
0.5153816630711308
0.5164489295861538
0.5175161961011769
0.5185834626162
0.5196507291312231
0.5207179956462463
0.5217852621612694
0.5228525286762925
0.5239197951913156
0.5249870617063387
0.5260543282213618
0.5271215947363849
0.528188861251408
0.529256127766431
0.5303233942814543
0.5313906607964773
0.5324579273115004
0.5335251938265235
0.5345924603415466
0.5356597268565697
0.5359829191888951
0.5357687246114944
0.5355545300340937
0.535340335456693
0.5351261408792922
0.5349119463018915
0.5346977517244909
0.5344835571470902
0.5342693625696895
0.5340551679922888
0.5338409734148881
0.5336267788374873
0.5334125842600866
0.533198389682686
0.5329841951052853
0.5327700005278846
0.5325558059504839
0.5323416113730831
0.5321274167956824
0.5319132222182817
0.5316990276408811
0.5314848330634804
0.5312706384860797
0.531056443908679
0.5308422493312782
0.5306280547538775
0.5304138601764768
0.5301996655990762
0.5299854710216755
0.5297712764442748
0.5295570818668741
0.5293428872894734
0.5279902795689368
0.5245678297699712
0.5211453799710059
0.5177229301720405
0.5143004803730753
0.51087803057411
0.5074555807751446
0.5040331309761793
0.5006106811772141
0.49718823137824875
0.4937657815792834
0.49034333178031775
0.4869208819813524
0.4834984321823871
0.4800759823834218
0.47665353258445653
0.4732310827854912
0.46980863298652586
0.4663861831875606
0.46296373338859526
0.4595412835896296
0.45611883379066426
0.452696383991699
0.44927393419273365
0.44585148439376837
0.44242903459480304
0.43900658479583776
0.43558413499687243
0.4321616851979071
0.4287392353989418
0.4253167855999761
0.4218943358010108
0.4189134924277187
0.4189134924277187
0.4189134924277187
0.4189134924277187
0.4189134924277187
0.4189134924277187
0.4189134924277187
0.4189134924277187
0.4189134924277187
0.4189134924277187
0.4189134924277187
0.4189134924277187
0.4189134924277187
0.4189134924277187
0.4189134924277187
0.4189134924277187
0.4189134924277187
0.4189134924277187
0.4189134924277187
0.4189134924277187
0.4189134924277187
0.4189134924277187
0.4189134924277187
0.4189134924277187
0.4189134924277187
0.4189134924277187
0.4189134924277187
0.4189134924277187
0.4189134924277187
0.4189134924277187
0.4189134924277187
0.4189134924277187
0.4189134924277187
0.4189134924277187
0.4189134924277187
0.4189134924277187
0.4189134924277187
0.4189134924277187
0.4189134924277187
0.4189134924277187
0.4189134924277187
0.4189134924277187
0.4189134924277187
0.4189134924277187
0.4189134924277187
0.4189134924277187
0.4189134924277187
0.4189134924277187
0.4189134924277187
0.4189134924277187
0.4189134924277187
0.4189134924277187
0.4189134924277187
0.4189134924277187
0.4189134924277187
0.4189134924277187
0.4189134924277187
0.4189134924277187
0.4189134924277187
0.4189134924277187
0.4189134924277187
0.4189134924277187
0.4189134924277187
0.4189134924277187
0.4189134924277187
0.4189134924277187
0.4189134924277187
0.4189134924277187
0.4189134924277187
0.4189134924277187
0.4189134924277187
0.4189134924277187
0.4189134924277187
0.4189134924277187
0.4189134924277187
0.4189134924277187
0.4189134924277187
0.4189134924277187
0.4189134924277187
0.4189134924277187
0.4189134924277187
0.4189134924277187
0.4189134924277187
0.4189134924277187
0.4189134924277187
0.4189134924277187
0.4189134924277187
0.4189134924277187
0.4189134924277187
0.4189134924277187
0.4189134924277187
0.4189134924277187
0.4189134924277187
0.4189134924277187
0.4189134924277187
0.4189134924277187
0.4189134924277187
0.4189134924277187
0.4189134924277187
0.4189134924277187
0.4189134924277187
0.4189134924277187
0.4189134924277187
0.4189134924277187
0.4189134924277187
0.4189134924277187
0.4189134924277187
0.4189134924277187
0.4189134924277187
0.4189134924277187
0.4189134924277187
0.4189134924277187
0.4189134924277187
0.4189134924277187
0.4189134924277187
0.4189134924277187
0.4189134924277187
0.4189134924277187
0.4189134924277187
0.4189134924277187
0.4189134924277187
0.4189134924277187
0.4189134924277187
0.4189134924277187
0.4189134924277187
0.4189134924277187
0.4189134924277187
0.4189134924277187
0.4189134924277187
0.4189134924277187
0.4189134924277187
0.4189134924277187
0.4189134924277187
0.4189134924277187
0.4189134924277187
0.4189134924277187
0.4189134924277187
0.4189134924277187
0.4189134924277187
0.4189134924277187
0.4189134924277187
0.4189134924277187
0.4189134924277187
0.4189134924277187
0.4189134924277187
0.4189134924277187
0.4189134924277187
0.4189134924277187
0.4189134924277187
0.4189134924277187
0.4189134924277187
0.4189134924277187
0.4189134924277187
0.4189134924277187
0.4189134924277187
0.4189134924277187
0.4189134924277187
0.4189134924277187
0.4189134924277187
0.4189134924277187
0.4189134924277187
0.4189134924277187