0.5951060299918912
0.14449927938701412
0.034502859572935196
0.4070608137681416
0.9195547614949887
0.9723857822593724
0.6608330395676296
0.7922044750996972
0.416289513538157
0.968959714655931
0.3535428118069939
0.6942597465873093
0.28438932558220587
0.303628517389822
0.1486152517599728
0.21035202296868194
0.7814000850433774
0.926687861948701
0.36035652254181505
0.9807125332604819
0.34861193055271766
0.7649058094059126
0.5284979563356663
0.2714959022754705
0.6536516915598385
0.10320180187984707
0.6692883810979501
0.14013932983463273
0.5895790162584065
0.604013642752662
0.7005157422916332
0.2646143305444404
0.5237714946184286
0.7476694382462997
0.5224012906527339
0.48615321899028896
0.363845660469586
0.728518465458804
0.13613185085224777
0.11598565678065376
0.8542134146267002
0.9044149293839862
0.6490670975219013
0.3675281570110587
0.9321466124150076
0.6831330468464278
0.2043837472011163
0.4606689995648052
0.8987115476363315
0.03645596460658973
0.6708485847838412
0.8685473395787827
0.6189761551254176
0.2047425739033194
0.8967053824388608
0.06623066365722341
0.42270751949246377
0.8453937294247698
0.29102850551266335
0.3500152986586629
0.5563268459280079
0.3961408629887976
0.8686937617744749
0.9231926271039925
0.5140804800638278
0.9197040516161205
0.4420764909531014
0.6773147240399201
0.24868589977237288
0.7383717679328186
0.7326193979696795
0.544128811148073
0.572257126892877
0.35212850308273924
0.2425001338831292
0.8515418683419615
0.2116649086826694
0.7498237877463498
0.4256862863467882
0.2903129509984538
0.6854071308148176
0.05735104207668773
0.6572537503250354
0.7533575882909243
0.40574087255267977
0.50802064481927
0.5982314423352864
0.2719359127142036
0.7418950077656071
0.8182327715208089
0.6679290136981536
0.2566949477950784
0.41506378601142746
0.028311829501517005
0.012752796055833793
0.7919573778796138
0.30167198486517377
0.49544752453522223
0.9828502275973784
0.7728483279842019
0.9618429672425663
0.07838960008995399
0.7457710796186615
0.48355594519508993
0.15564497047258308
0.04677475987885038
0.6633211819875181
0.5847284642613482
0.756478159661393
0.545056925839632
0.5396006938650022
0.8903701064804121
0.5454199445747018
0.36922453596018134
0.24993338397391973
0.48299653734429093
0.8010492825777964
0.11377508934387437
0.8869096254426241
0.0366635999913153
0.8961700027629883
0.7887491903262582
0.3291306737078191
0.06079832007155084
0.7957348496429429
0.5079839709770652
0.782115093302974
0.006760085339058808
0.7377780233930064
0.22338696755667609
0.9937250300468312
0.7166358330647582
0.7458747033344636
0.9331352115949939
0.33732468167963314
0.7591720108764471
0.31748738431621293
0.747967260492299
0.209859518656353
0.2536861033725223
0.06575386591326893
0.10861461966530461
0.03019126252201254
0.571645011664638
0.9152671115767673
0.8192824392640676
0.8354912443518601
0.4695135537790843
0.6055805785065117
0.4360697789928746
0.6044185175592107
0.5019735988265632
0.7636481366550574
0.3591146312305723
0.6906331564716651
0.06776125316458903
0.6449899893786822
0.6843314845030682
0.8482016928201987
0.5030871026112579
0.38505249883729287
0.9315901918688047
0.8052716937942697
0.5493344780414607
0.10767205332346041
0.12365603900617494
0.8579412765577881
0.9769477162361891
0.05933928180596648
0.3689474496745101
0.7009007372663106
0.4640117726302363
0.37457045050700055
0.8105210808186973
0.04677018265068389
0.9799467426054181
0.5308683145404718
0.5563032955970896
0.431058349164431
0.6597232098028373
0.877944595715173
0.34280459140271
0.10002209979226229
0.008650231968616251
0.8888693717232513
0.9873473881715467
0.2128998000043134
0.3992406270823401
0.5701427112702602
0.35680298397019106
0.4371377301495174
0.9004295805852742
0.2999670791462292
0.32518348978036293
0.27869789246024534
0.9554140922028596
0.6971644645227189
0.34378193201508445
0.2790094262551044
0.09402278934926822
0.6942114756883051
0.0867876519308195
0.635185501169041
0.5937822033252649
0.2773429780739991
0.31097960933165536
0.836288987818495
0.932263314947925
0.6425544916256805
0.9738042924617659
0.8105730160309518
0.43000746022587755
0.788418440437892
0.5543605168118315
0.08565140224271584
0.9126563202875331
0.18343694315481307
0.735141337216524
0.06600063937917344
0.8463348042497547
0.23238458295834996
0.9467398411360721
0.5697944253841963
0.19015131546750108
0.6127905952113906
0.815751453233002
0.5619468843797455
0.855636415844625
0.8651304291325544
0.3121192865346657
0.22191778827306252
0.7269567206424544
0.4385727146351259
0.12254085049415664
0.40407643443504215
0.46218551758310056
0.5640653066141122
0.3640222550518841
0.19816111217988963
0.6742542297064018
0.6364052726908789
0.4510483594326289
0.499410846830174
0.4281973478913792
0.7195819092171568
0.8210829799309605
0.6347251182844816
0.6321569699381139
0.9022586575227122
0.5028875960897431
0.6676941429931259
0.3133381520784715
0.7152670015779814
0.5337280251993791
0.8176688061084885
0.1419521222589193
0.5102944128962273
0.33246724270539396
0.7675576007147737
0.18390761483521478
0.11976921811497476
0.4327775177109848
0.7307258339685299
0.6758541050380663
0.10417906749891659
0.9028057915473076
0.4028094740976247
0.7138075478055022
0.22574503246173905
0.9312746159476601
0.042872453402709176
0.19828898691215446
0.22887062422520565
0.47793935355046957
0.8698803480059475
0.236944033166388
0.5527976280655769
0.26893274775295906
0.526763309958291
0.5668128696881122
0.5290633809409716
0.10606601283018635
0.005707365430758671
0.008789830173146718
0.3227946856949331
0.5731051005795935
0.8267936637724543
0.606377205926258
0.2760422532247354
0.24019457030097835
0.2516167478811172
0.5391724026382425
0.2854998299986522
0.16810398912723923
0.4894281294006584
0.0818039699027443
0.7455715918598815
0.9394036907270701
0.01054945868899726
0.05643476887892762
0.9465919696849792
0.27710540562479413
0.7937231416562638
0.37393844416477773
0.514403726545596
0.9072018226956728
0.4823928350008564
0.2880683068696487
0.061098185693693186
0.7176290439549974
0.9132392173604946
0.17732558358609019
0.9709341010952943
0.3880289016804106
0.9588897437341136
0.31138991128973836
0.9290789786212142
0.44183737536765344
0.13605693199565272
0.5930703490476604
0.14322124151078175
0.5573796819499798
0.715362497325927
0.4443971241854586
0.7805546446090087
0.5943691682706036
0.21695254598732439
0.8941551348140816
0.5434421232545181
0.606555519453582
0.04437066655895072
0.478503882426326
0.26122405327551856
0.29637350963561715
0.7614077423032536
0.31108398809282534
0.3018745481180499
0.4137737240727847
0.4470300618845324
0.5658469594367465
0.5661919985753886
0.31729095691820164
0.2990616979590639
0.6245284467182017
0.6062625281841337
0.8401917107788192
0.5495190908462146
0.3997782907979496
0.09656377095591018
0.1340401701046351
0.045695653067845954
0.2605407596810636
0.9910622439849066
0.23246320698666445
0.860436889103977
0.9134397313216673
0.8949682699098884
0.5871696064672023
0.13444577437114602
0.13176952636698713
0.17267996833355626
0.41277344063640564
0.21055253369513605
0.24813367102146755
0.3385174493756291
0.6727134417641799
0.2582674663806719
0.9210805308722295
0.19236114424715167
0.5858647720055059
0.7947463802820433
0.8501999785985187
0.24237671957992268
0.4848763864333424
0.48324602885784707
0.06015184838305887
0.017412737798017552
0.3489145399776419
0.8871236483227775
0.5282460917449858
0.7699039896960552
0.3439075792814077
0.9666148926655971
0.7852819823206904
0.866804551684605
0.8161584022137031
0.4267800156293292
0.9802474789259381
0.5959066400481049
0.6028830410480958
0.6194224385459771
0.09988308182763717
0.48456306554710016
0.8043192040340401
0.3519957734140552
0.04968787256291818
0.022798060092097727
0.04061625944694014
0.5313556132743928
0.23305481644052994
0.1931187317995774
0.11342813317295886
0.5780769188637295
0.751160687503993
0.00723709059190325
0.6661865478226239
0.3104245316267945
0.5340621148368949
0.8021421319593204
0.014893034627314394
0.8417256553831839
0.010896858162946055
0.931366483634768
0.38863681888049584
0.42698693496739204
0.27253972888863076
0.02074929734840103
0.7084228746297895
0.6665107392901508
0.18864963807061286
0.11333189185451809
0.42508516764119375
0.976984574597891
0.03893221517131207
0.9923572118687657
0.3201702818898515
0.552768460788052
0.6225449969700303
0.7121379084761936
0.5172951425647084
0.4838742066237641
0.5318016276321379
0.8178885768150703
0.2908608646163865
0.5371856651679621
0.3726769575516724
0.5351685993190048
0.14745988624150674
0.4862813783901988
0.11869735620424249
0.12670025957370434
0.9169810255104409
0.21912995178763994
0.5431261143289915
0.3811401322120579
0.16359163109598884
0.6213348826638952
0.17462851529763646
0.9219300947040774
0.1574372213665739
0.774420266630184
0.899327617006751
0.09511018925687664
0.3281501065777578
0.8850283453823573
0.21739566380538244
0.25276796995434403
0.9247795657548079
0.4779095250282589
0.671494959034475
0.42401892040806344
0.33773887887491927
0.6488733602099511
0.4008288010452511
0.9416713419182046
0.5695739042907437
0.564559611385514
0.737994837672064
0.743385456668165
0.22802496798239513
0.5170308239566442
0.27430500608496
0.37549479466269997
0.628080682742068
0.7270441340924628
0.5238909335783456
0.07585313121944293
0.5327265473693957
0.7152012056523631
0.45304423694056817
0.8569255614666667
0.6413894538192093
0.3307544395450538
0.20205739351800578
0.7424597231119682
0.4771463839147966
0.5500349615253045
0.051004003481111004
0.6791645655016115
0.09266294805333608
0.04122400063265208
0.37053695386202534
0.49391983940944484
0.9210364033507512
0.8586955961486545
0.6407100326611144
0.5040112188815833
0.3766594394480156
0.8069148128246236
0.362276507258975
0.6113587929380867
0.8488902456309713
0.6554188139704179
0.8049614761490141
0.9235295311182141
0.3395696287048737
0.577001979249105
0.859319286360801
0.15402460422990016
0.5216419449432894
0.5490945443951704
0.4255796242971076
0.605437723293055
0.8645714040068304
0.5098894839997637
0.3158507856280586
0.21039731775484838
0.6155663657485416
0.8348042399457561
0.6571726673537113
0.7844673876504505
0.14335506240533025
0.14062625256374184
0.5455039946588554
0.6682133716032996
0.7652832210985782
0.9678636826966377
0.7051064908779283
0.6280205054671179
0.7906815848402545
0.6538744534110746
0.823872058172298
0.3281898435338123
0.7811390830507449
0.8946645600311582
0.8323830040110404
0.5984455548110574
0.46350426055670757
0.6250275472797362
0.3238897744064616
0.25537871187862393
0.3180774716083459
0.060877084238531665
0.40937003586344944
0.7042702525293433
0.02702387067793588
0.5896020528410423
0.10646728580649523
0.6044263513635885
0.6184368167802141
0.6930781293898938
0.7816541506506738
0.45019488190629353
0.34867905186083714
0.36980454670122964
0.5400024135520718
0.8665203541623302
0.8000578403082471
0.15225899649707586
0.9428510672467716
0.16073093313233655
0.026790744281747325
0.8607481240853876
0.3255573659082396
0.9589500108763186
0.6473221916122301
0.2090438378595797
0.4373557640032908
0.09580974169920542
0.31582481872666957
0.44125629566475155
0.6142621615116856
0.04327820238343838
0.16077803702063853
0.2963427733505055
0.8471142963548078
0.9546657796340118
0.2147982979996902
0.9189591751390594
0.28372860823987855
0.9162947160217355
0.3629517537739869
0.305548606465454
0.7849720575062682
0.5868423222862394
0.7203879625837936
0.5955627853634123
0.933076132390224
0.3890891645262815
0.8028612985114175
0.5667359590777519
0.07339297754113439
0.893815067765001
0.5239832348744309
0.019371438941446106
0.042434080682825726
0.4818717586827794
0.49327524044897264
0.7341606223179953
0.14014983904756884
0.935097532794382
0.8018933546308902
0.038208071250300235
0.911980388159437
0.1886454792523672
0.5706030940433625
0.6194676194892328
0.7220804836256844
0.19792842685649137
0.6346480610623583
0.43158049477767746
0.6335950128009531
0.000213519900528647
0.43621543332966983
0.08131758378053078
0.25084682092737576
0.19427348153546897
0.6689632421705023
0.11551577284462955
0.9207972004531583
0.4994834932259524
0.07976729755300149
0.9820960264004184
0.012548730390078311
0.7333804027497175
0.8004026434037259
0.7028478703746128
0.5767856401392504
0.4775069716301785
0.16532359657436657
0.4576891511925839
0.3932329443373058
0.515853940465661
0.9390544957661646
0.9543539533178654
0.6113246735834581
0.7822930443349989
0.2992604780896596
0.247258410890272
0.09119568654014598
0.5423281907332727
0.28283035398440837
0.01347025382827427
0.5255327693479978
0.27047302189655864
0.19527628105256956
0.9802898372228397
0.9557395001716972
0.6363263864968611
0.2965213798438959
0.32264176455558724
0.760504441331534
0.17141074721431337
0.5655941348030066
0.34804191570121223
0.42861067506283135
0.015561544130517357
0.8381160107710278
0.744487782471236
0.1614254964283215
0.7707921728708327
0.16058696474752676
0.25526231033022573
0.8977148183687099
0.28445180264740877
0.14588522047417207
0.4023093040690592
0.8850976489984698
0.6123182378828723
0.3290133007528383
0.41880349548946494
0.8331217665257918
0.3875565540857021
0.2401627223999827
0.19634188281082177
0.3168138120787567
0.7361895209631454
0.9903714020660173
0.3653435004544605
0.5676634008017005
0.4375321669044715
0.4855801730418108
0.648646966752457
0.19124074521726675
0.8585588751461483
0.8724595869781618
0.6873181643848075
0.9676363925140611
0.13873912498289132
0.9847864821618681
0.8795182282238856
0.677703717559804
0.4249078706005811
0.3329918130076459
0.4284029557525112
0.0867148364464776
0.9706106283703431
0.1019333346603919
0.11043392032599508
0.6345898415864433
0.4141740448393616
0.9657738502936367
0.7180634303352323
0.6696251852068302
0.005665788041372299
0.3760373414016287
0.17980931301834924
0.182731555976116
0.009067815918826994
0.27751066397772384
0.7983717862886159
0.5229285966836377
0.46609012789182047
0.6436513858798619
0.4670741440192261
0.45539304044914386
0.7892759713334445
0.3541605346002763
0.9954463850304353
0.5050001461296634
0.1329927034714985
0.9253297357563319
0.1934312614762771
0.3420690160009381
0.6010322204712132
0.9593588519977403
0.021422255825933156
0.8878221879149572
0.7864723825615433
0.6512160844984072
0.2667839677550188
0.08824081641569559
0.3744542112882191
0.8271480952057912
0.06156835752656009
0.9231829798520841
0.22406296602372477
0.5621268214602086
0.920929330213143
0.5990993828077568
0.8539559504309712
0.8619258217127809
0.8938414208360619
0.9270650607295353
0.18812445633757635
0.716702205355208
0.7124744326059959
0.0644670313404665
0.9824531919320795
0.6523872955000244
0.7857961608354996
0.8909686251011709
0.7980077079482839
0.36298602925257295
0.7079392581972092
0.6562510139696278
0.056405061817831226
0.8567618380857857
0.678612260727945
0.6354597409988191
0.9384858230369599
0.9558673131831482
0.38457655048081274
0.9364419261446335
0.5344735710993502
0.45427051355357617
0.0321347695776113
0.8322966320692771
0.46102708907200085
0.2869887480377934
0.41832227280813816
0.2729869239388252
0.2644936245347419
0.567655814917706
0.6253516750953563
0.0640642912077325
0.3118551022592597
0.6152346802577209
0.10154235040208626
0.9084826290158223
0.6004209935124335
0.07319116351074928
0.7283525959687795
0.7365019866762317
0.9482376998963472
0.3832122131177327
0.1541994466530815
0.8745284490029136
0.029696711681608035
0.5928685174808869
0.20719427720118444
0.6457981769230853
0.056283919330151644
0.5367860382072513
0.18411296924328924
0.8308250124260417
0.1202811564993077
0.6681025310960133
0.8906693818914794
0.7304423631805315
0.4723595426902638
0.1536281892012743
0.5741595022775912
0.5217489153070812
0.4297532640356
0.35519579272145696
0.7433460859444504
0.6917796494550198
0.9935785216099802
0.2810487914684112
0.37736120620723723
0.07254595002131126
0.3808544450768738
0.9869549462203269
0.3009049698968581
0.031833122910642886
0.8120881524433335
0.21033233107861748
0.003905352446544219
0.7386067593261705
0.6979676490070283
0.1661083701878805
0.9085193351589022
0.8391252494571563
0.10514704527487195
0.010036035088008877
0.8981916438908194
0.7758437429521713
0.8072240672992926
0.06382538815329242
0.5223065812267731
0.4642652156949423
0.03409840686931187
0.11697665011398406
0.3425914308710707
0.08504627052453972
0.27484615927259437
0.9716332843381383
0.9891646629404773
0.16130219294524573
0.2221611364137791
0.25571337739459243
0.27229144434113917
0.5728444083132388
0.798267511815813
0.8637585448113684
0.8930051026012801
0.3504985811641631
0.6276789870306171
0.05783275557578427
0.8948206386653845
0.9628959965563638
0.4078532133021864
0.010201477699954276
0.7496155290399126
0.7271247002547561
0.20579529624370263
0.16360284756414645
0.5031991301758988
0.4625284858533406
0.12511776526393936
0.3061149837700994
0.3256426042101024
0.6165673180232715
0.7527659522180065
0.2469838861724839
0.8756124405955589
0.22611744996837602
0.3707660972098321
0.41003157861891304
0.5809138548746776
0.8592992197861707
0.9977195461253844
0.04749922186108191
0.5855933251184058
0.8378356729867292
0.7796128687935406
0.8856490595450797
0.815605650274375
0.731686535857453
0.7952866696822427
0.750622276854173
0.0662549192095816
0.2817545546872344
0.25124154936046317
0.9965887012978472
0.5300329760357947
0.17585103030936677
0.8368760700678644
0.20911328265604578
0.949801112365997
0.32942007796459216
0.25652905979294194
0.7757588863365371
0.2909879158497536
0.9203741183609625
0.06306788785060535
0.2865429974989001
0.9411773346139175
0.192217280991817
0.2657382441748283
0.5993719736148149
0.1065463328430658
0.2007020380092066
0.4293252921912797
0.5549132068923534
0.9001609820677673
0.2115889402773372
0.015135679851089101
0.27701909991857165
0.528780867264508
0.3963972787211488
0.0416406134819034
0.16784804893789707
0.7266328615066108
0.13969885095718393
0.02976220267494456
0.4486610349304867
0.9566555343435741
0.05354653043525259
0.7574422634979607
0.6316738728806073
0.07203734907937764
0.3110527175374048
0.3630448624863786
0.9462678430708867
0.12577553967206545
0.9045541062557895
0.528356973513347
0.7402086158821021
0.7558124005177814
0.25281556381236614
0.8437987683085257
0.460123193526339
0.8931771390201438
0.47264650187597335
0.23356746324124422
0.35721673258911957
0.24763179176076766
0.18447747380825508
0.8328176779283795
0.9395672538695943
0.23732674196650483
0.49883426688338794
0.6512788084605956
0.33349233126222455
0.8398278782371535
0.5535042130304223
0.8647732422465948
0.09260030947718578
0.7686918633471026
0.04733764246107197
0.017036369867403756
0.7925096195246536
0.08934396545025969
0.7308157462703389
0.48593081040428443
0.18800509441854107
0.027815525328908408
0.6220193501729173
0.7454446032575741
0.5255733465975282
0.7324052619005142
0.7773877971162166
0.8745866517969918
0.05568914805762648
0.6591684910005287
0.7736061387653853
0.2546905676929907
0.3905173370040822
0.6414803217665733
0.061885213586445054
0.5461782284523218
0.900403578496246
0.651369764923278
0.9138603220015001
0.041042881214487625
0.8333829966603464
0.7745822354175574
0.5815585692448085
0.04320226335234112
0.4960578152540337
0.6257197962108451
0.8407294198536139
0.5593123951518301
0.05287268589606575
0.3058433412127314
0.5368921960273919
0.9443826288012678
0.7360513855597403
0.7734040826781718
0.2005430061726864
0.49008338548589514
0.35391094423113345
0.6831565636260779
0.9490348122751782
0.4162250206482634
0.752369935610807
0.7312943463150028
0.4284020018037852
