0.6664674737451314
0.5755021201388412
0.21431313656305873
0.4054620932274119
0.8156027169748861
0.5743342690427795
0.5940219843567901
0.3175373821435402
0.7461070101012259
0.06767865791122851
0.6738503049034008
0.8906850817887497
0.33722337277034176
0.2894758422271877
0.0812529368529431
0.5182117874780162
0.3150930446933725
0.15685359576627145
0.9049729633149691
0.6186996158440548
0.7916307772859061
0.6719841527636986
0.9316574625285561
0.8392890646210618
0.5843726562138227
0.38448007785102023
0.43471377122816957
0.40539932391440003
0.9746862342364665
0.2606165374357907
0.8245745575795271
0.12605645688735767
0.8401544077067175
0.07521806882476845
0.22815462414369547
0.2716245427900368
0.00452965794227167
0.07573681218851136
0.7984110373033433
0.48393614988637734
0.20394320577480618
0.9884454110982726
0.5356341236786958
0.566181660029233
0.9746984724768568
0.7544520339646272
0.07507401282813264
0.6496910305223152
0.07307797214026102
0.78499704935695
0.5876680334483324
0.9043200735134127
0.7736944161764253
0.7810987867652376
0.6139635156382427
0.6716410590300377
0.6173390771188878
0.3527793701087243
0.4073515906547045
0.1852455921640216
0.06511549244643056
0.5873512511693691
0.5953305187335833
0.47549696416781284
0.909519716676513
0.3663482005031524
0.7257269241085924
0.8041950990547704
0.9135476866707257
0.2530443159497675
0.5297734481097576
0.8844112691827061
0.8106321671139901
0.012921617969371413
0.17524281419546395
0.1946949938879885
0.14759197194235407
0.6249464001503007
0.16760088066963452
0.5917931898989199
0.9947253226544733
0.2818941100872707
0.9491745030341201
0.49177011003963755
0.15609725262249452
0.042090370840507374
0.2760863235385188
0.9393280420477921
0.9719227906662314
0.879697071734274
0.23372872211890716
0.03436413841914976
0.16448943464070465
0.5753456173051732
0.06533982625448276
0.26491370115677493
0.40264876384494563
0.8044026600276867
0.3613315009527467
0.765281007439517
0.17628331208509962
0.1770789509406625
0.27385382792303303
0.670181711837157
0.17547259515222724
0.4319993365323298
0.012706483733863294
0.8051804726140946
0.500586832937867
0.8231456327962222
0.888579082696153
0.06181296733962083
0.18545281341317987
0.03705913609328182
0.8992282129989015
0.6509932043326594
0.1930395925189866
0.3379925622765477
0.34585529022105865
0.7977360762876194
0.46023096667305974
0.7779091704883201
0.7290023523618018
0.8214046539799518
0.1401134711461579
0.8262662848327104
0.4262537741836804
0.568129253291536
0.1880002926882477
0.009207498876388387
0.8143183988348451
0.26574120676272805
0.29156978603768624
0.043665222907303236
0.3142181962302225
0.5608157107077547
0.24992961871079733
0.5334821812930172
0.3574897105956125
0.17095687199416465
0.6352130852024921
0.29733495540534427
0.03403461820311726
0.7122001312512645
0.8188963954619936
0.2657435225530681
0.31147622383709683
0.006445215186191344
0.9531198363669494
0.7464391617996355
0.4851673389614233
0.0321980886506088
0.6247403313192486
0.11256598173420351
0.8133153154828248
0.44041498332195084
0.9860210492981354
0.9853465518648425
0.05600870239600331
0.044340588826076166
0.5057480988581485
0.45814598745771573
0.28485888539527815
0.42670069494431095
0.9894089023675298
0.0501705300904568
0.7732567355669214
0.2862843124773561
0.03498463953897646
0.39988419840852996
0.42364373695395574
0.7414078380492133
0.36596115190248246
0.6879441523106775
0.8957009177723637
0.7537438431561433
0.2741827357752019
0.2496458119989502
0.7694030789655754
0.2059690101399917
0.19836154694067398
0.8224206635713021
0.1873691394283068
0.3633642865600537
0.4024547154014083
0.8093531142756824
0.5922394766129229
0.635517157042319
0.021176819333055708
0.74859625770949
0.8040503598634691
0.9847490766475698
0.8315270536312038
0.5751853694413824
0.18238788228565084
0.9038089307483527
0.5040613543439686
0.9490880400801821
0.7269691630001054
0.6431331359146263
0.4262612920842911
0.2451769680066218
0.8177323614067371
0.9516986940095978
0.5369428233865832
0.5856513387678145
0.16196002937035547
0.1177970182041359
0.2823261548309298
0.2166245965414807
0.8109240072814052
0.6191800350043266
0.3099118185376789
0.6543599568845393
0.7292504904103418
0.37103562206782725
0.3611613831980671
0.5206756127328859
0.41231146262163143
0.2735456013475851
0.5446982047346801
0.07609388214594992
0.8530231906813747
0.3361325597997583
0.47101479121843803
0.09885883464659184
0.7111355322173016
0.5894025814090655
0.5711230750212033
0.33337271885373376
0.7194615424461375
0.7051620410858843
0.9534405158949757
0.32590351748198554
0.648284188903596
0.18761716378282522
0.9706733604094927
0.6962168987451168
0.4096401070385486
0.8583956342527481
0.16253757804285052
0.2189544084711359
0.506073239551631
0.9163138229417365
0.03699405835590863
0.05302306611705121
0.8935209400795815
0.3714302285728944
0.9652881611806178
0.8627819388159893
0.4159222059754041
0.261097070126752
0.11973180001457162
0.8015343822208483
0.6951856287630779
0.9754653685933943
0.38026409917040693
0.1993735167192624
0.035948205698348445
0.39954612679788426
0.47098087010900047
0.12561963974995127
0.1853855963176415
0.11766653719195463
0.23293706026738037
0.8942874115085592
0.39821210655869677
0.00653711267112822
0.0402967342405105
0.8113449194548804
0.3326268041423407
0.4521195753804469
0.9699640301009388
0.3671848008716717
0.5340079433811941
0.07695290160278645
0.8767544006441025
0.900180579053175
0.9906518869134946
0.27962366513992465
0.21680125990920573
0.2827131613541105
0.5396194137455058
0.13664487809197612
0.42817210609512313
0.6418689228647513
0.5464572378187861
0.29642607691889855
0.31999056128523484
0.9352985878758215
0.16163490232953426
0.5713812082114113
0.6855048193687764
0.018602925974201434
0.9336158818840916
0.8522757602356703
0.05693324913664444
0.736577210557302
0.34380273752601487
0.02430610891202689
0.41717624840672485
0.8695230744100507
0.5355208746546288
0.38298155563189196
0.004257699302852136
0.8931926478283468
0.33233782687118096
0.9816762756095453
0.9947197275699965
0.9809077460331924
0.20581625595512165
0.840084914750903
0.12675825154747355
0.21325968482224023
0.409702560581628
0.047003795023616846
0.09917142851585425
0.4494297560757181
0.25137615421606574
0.945725738031596
0.26180415036039306
0.1166248744130467
0.7513302728073304
0.2367314098987251
0.2250603643989263
0.5245730870823859
0.2956977742124759
0.059274971946819965
0.30730512649963004
0.6068305826556181
0.7721631901473834
0.8362977697262547
0.6714735504595667
0.957036603660137
0.23668674086102293
0.6460046998988234
0.8146409607316857
0.5911481167548239
0.06351209558117321
0.5277462311215678
0.7005612444273381
0.46031317551431594
0.619250862398691
0.671215882187005
0.495283388102016
0.6091349466323399
0.010727684183824748
0.22651970862410797
0.20404024385574393
0.43368121161326156
0.6038147851568596
0.7137031353897856
0.8389097967117527
0.062356001995923616
0.8099866751052623
0.4632951931362136
0.05761569019061141
0.030652398016812632
0.40853894393461276
0.8364896185075464
0.3932629003715431
0.19471955280456876
0.25887752888313253
0.8955819041636663
0.5905423842804741
0.8152313553939928
0.5210267345640333
0.16080801760773833
0.030613477638398945
0.13832312283515358
0.4893259402167808
0.23450498689786814
0.145539719046767
0.5799980926441121
0.90572542843413
0.6245707923149706
0.9226942251448733
0.8236939323428284
0.7129940400443148
0.38025459613469004
0.9311235460763742
0.13226192257645164
0.37757783000995726
0.19331874253287085
0.4713989939115728
0.5954719465130874
0.8472677404819596
0.7896905051746385
0.03650211570819095
0.7741788574596536
0.6115049115481113
0.7937564577744541
0.7730849841189572
0.3129330466078266
0.3401267187373087
0.6010019646880028
0.7391903523503698
0.5979011673664973
0.9650589001979685
0.5167794386588234
0.5392277588107164
0.866141711507937
0.30987643514383034
0.16567933056875228
0.011413985734805232
0.5365506163710747
0.928017819351718
0.8093505804455099
0.14040374395334243
0.43026733503695946
0.22330083216023588
0.626153350872166
0.9164176551830022
0.2670305385331463
0.7614438071592672
0.6771182291469356
0.9431243863760144
0.899412070007634
0.26975005878169545
0.9797043935501176
0.6507139058378439
0.14971579568650384
0.8015253284481004
0.4149572781966827
0.8958225220060354
0.3909669014180981
0.6978350110111545
0.08861475404851116
0.19945859461218296
0.30759449328371347
0.26521107299318936
0.8126523627029814
0.8198646653608972
0.7308177919225947
0.9001424101560909
0.1211755795284798
0.12647218100128121
0.9135855290470315
0.1813723341919803
0.5656948904787462
0.7405926058774894
0.0701017955431682
0.7780511989196828
0.14903029395655532
0.4381676271480731
0.369205288387103
0.5179715029330233
0.3956500034640815
0.9714377561616435
0.9809171482482307
0.5490661100824958
0.2907064457366064
0.5604383194426836
0.866133174458814
0.1582726717213493
0.7776928596567908
0.08084406734640592
0.5630109420060803
0.8493517159621972
0.401725149781485
0.8453427830727808
0.21413746725364613
0.8720600964548314
0.4720217045978513
0.16950137124419218
0.30306689426586986
0.06068708098288489
0.5684543612247667
0.5320061047608052
0.986535038305855
0.34545326326227965
0.6797176529684242
0.5742505700496686
0.15134097233917032
0.25507349677079416
0.5985076965150186
0.5568353940526682
0.7040826145685115
0.6303868370384375
0.698700514398791
0.8761554982889809
0.07976922715262769
0.6218304726636762
0.3683969572655995
0.5346585428167638
0.3204046902513302
0.9133839955571644
0.7880909332951999
0.2866568550889035
0.06010396035803256
0.41502623529607796
0.20176450593463013
0.666717596291516
0.654894194672823
0.15705890675685774
0.9330507253292322
0.15017711031329684
0.636378993867555
0.9462285252060765
0.2622593415335639
0.058960180838889986
0.1939525974915598
0.36181126790099316
0.903434954973435
0.3718296688908309
0.9663073654170309
0.6967692782316625
0.632007918546994
0.7763100725646124
0.661988985856282
0.6683134455586297
0.11089676279284133
0.3983347342301592
0.8788196622365988
0.5747947648007127
0.7930347758333741
0.11461989413040408
0.032188201035742936
0.5049811028968764
0.9961729645775513
0.6341648456769755
0.9094920093698248
0.9143609850050882
0.5811753747781454
0.893421162093881
0.569481192222235
0.6043625836172547
0.19708068258862044
0.3645815355705344
0.3619166262203801
0.8016386795055256
0.9600303805744425
0.23410165656811444
0.8546556457289534
0.24533442021445984
0.2201841581558901
0.8134743882762805
0.001719798246255455
0.302514167097954
0.5537392663254042
0.6437041844601638
0.5413901888758336
0.505916952367429
0.9858249050680175
0.7644201449703214
0.182592785546406
0.9764450165415274
0.5170101491059526
0.3233112327634913
0.3564953925152411
0.36577795718078565
0.09735373077245502
0.46917956872012545
0.9829669652497847
0.693101291511103
0.5211678979066198
0.235983785402747
0.6287627758556209
0.4122787086952021
0.262888520703912
0.1729966755818494
0.8082404750221124
0.9694054949351824
0.553527268080585
0.757452586373487
0.9689770273968829
0.029968446154685968
0.8326607738688149
0.9912885233795912
0.7403931813313309
0.5424038992470034
0.07132694993467159
0.031120992731841213
0.7491483667903013
0.7626902556528705
0.20047624860799818
0.16821469114469634
0.9398003519207105
0.3471640388134991
0.8626026737659703
0.2294743121404349
0.6430023757583307
0.8397348533497924
0.7444868609714584
0.14048644719702208
0.28507525105117626
0.5517189135886937
0.9763435625790936
0.06508289435401593
0.8097487216131016
0.7176574942483024
0.7020035323134934
0.8644287336565548
0.2667909268405806
0.6700958488518832
0.9991853810414675
0.06328320863149339
0.24076409201761118
0.06282618415973118
0.28933790031166673
0.98476341075456
0.7304254466949179
0.6723719037918655
0.25614835418664084
0.8025546921279201
0.8286911371550864
0.6101416836616301
0.9953992499227335
0.22273225389586848
0.7733792386655669
0.48965435357509113
0.2931493615383456
0.25907603013289016
0.34079201127812064
0.5818889524260442
0.7060287698711759
0.5267510465262619
0.04938240410601624
0.6676461035238305
0.9143677771248452
0.26550981227099557
0.8178794956496196
0.6834002854945511
0.1680155194005577
0.5641722569543599
0.13164108169640343
0.19725821910251407
0.06332631320560689
0.7323998938897627
0.20767412609455027
0.8595782105011031
0.6292735534938853
0.4464686352103907
0.6375820758180238
0.6982072297518723
0.16658763617198868
0.006692259432472314
0.876841950126606
0.38012026988476155
0.4768527037807606
0.03255668692429747
0.8915477445825288
0.6939811835678699
0.5382392103905476
0.08891241987877085
0.03672951764671639
0.9956094979595856
0.36820284923370583
0.5816070677512135
0.5837458083438029
0.8362732175193978
0.12698637232359478
0.7595360519417701
0.8651170772427064
0.4220267604794746
0.22830788021997483
0.07774027274455797
0.6488021648240714
0.3869444735111198
0.7055904268451906
0.9663212268519475
0.7241140743010309
0.10590134361917025
0.6443014287422536
0.03702855263817051
0.017020290616565847
0.08044523559713435
0.5450714620531477
0.6487421559400942
0.3713410873007521
0.69524232009641
0.2366190214764926
0.4288839981396291
0.9598291971266723
0.20590896146115556
0.775441191849293
0.6338797604405104
0.09883243261753194
0.07129016483686601
0.18055655138818805
0.13331514296712588
0.258034138178981
0.034431486568194836
0.5886820259830569
0.39426317522453724
0.18472743567693561
0.25119233983820366
0.5554374967858963
0.9308422639061563
0.47044578007175974
0.905860654267547
0.5974625043056686
0.24994889148348243
0.6501742058657431
0.569588130258967
0.29488444894035815
0.8575728398375616
0.4789548752091699
0.5698637830092881
0.9912528332470355
0.8188085340530983
0.3172500229899933
0.6088398989722832
0.1072526666551934
0.741299145546488
0.5925725203663342
0.2702538442182024
0.5621073911660388
0.822436494195938
0.680639558805679
0.30010190789230806
0.842201246346141
0.020416159487894325
0.7897565945165164
0.25532485872012123
0.205580672525719
0.4002437087649734
0.596120074814002
0.06468725243044449
0.03544336071412679
0.9492401687514228
0.9502091290515824
0.15533124877979654
0.23571250662743648
0.20449501640301215
0.3357233901329697
0.511692843699699
0.8773543111268215
0.9432132859032207
0.764700787129096
0.3735197588551399
0.832637846023809
0.9506126048767749
0.4095112636632703
0.42332181167326743
0.8026424175917379
0.7321963784669984
0.8978751481257359
0.727471425400281
0.1781778540474811
0.8383368657284138
0.7844395904130966
0.684164039434468
0.25470448493921893
0.7516824360986025
0.741277039706823
0.16665973060919548
0.10497704663602136
0.13528150510850712
0.1856387204842579
0.12436115763015698
0.14459597505158428
0.20125101114743338
0.5274400493921487
0.39773575757079727
0.6343538147697312
0.3071616105176741
0.6653414225910534
0.8007229052963534
0.8858129743722286
0.6573851924771555
0.20399708742417
0.6601787591113502
0.4631336184398659
0.03196915906091213
0.48512799328393796
0.28167502725160287
0.5302969327638362
0.7682059675252312
0.4173783496325104
0.3747770720122441
0.8210205714485846
0.01651151985071675
0.5834832346846496
0.5204938299927608
0.3326559419970312
0.8294826529381347
0.6545977589519625
0.5084624125340466
0.061531891696918306
0.7312597591274247
0.9541837716050096
0.1959038737446559
0.19673967665562364
0.2431247771876911
0.38510491275454095
0.2138630415762952
0.9227339837033027
0.329003720477966
0.6569201508285132
0.10920601050345746
0.35294966000503036
0.12138257139349673
0.5765114802814753
0.0910835989867731
0.4593284358225763
0.6859341321652576
0.8614863870556873
0.09083460043020708
0.5819782218269014
0.010401030262612632
0.06223519777542785
0.689133387111918
0.41859635683817353
0.8274627562305156
0.8632907460557137
0.16451988129303508
0.2791522490339753
0.7350376573725484
0.24561651639545556
0.8545364507161977
0.18829420859124346
0.8554820001539658
0.8469618267717237
0.5266740130057964
0.5777409945604257
0.08374023965359612
0.6687030297435452
0.6130419659693638
0.26552355516225035
0.35260597642744396
0.5365614906948087
0.1855005191757978
0.2327585232585312
0.8297878337176499
0.3546145471440947
0.907728138232779
0.7849300192600217
0.7784218947910417
0.6741528067314106
0.33194761180904486
0.3103864670282479
0.1493346484432273
0.5191384641417214
0.544717402931226
0.8968059237083125
0.01725173556549342
0.25717041885619574
0.3432061004529793
0.485886568306244
0.8318924380200677
0.1023678244639985
0.7301636443976498
0.3383217104364932
0.9323393631008773
0.18331147235324108
0.39132321150454286
0.4906799881295385
0.44298583833576266
0.6861838934730845
0.817629593178259
0.6652955708769811
0.12131980019493471
0.9340134484455704
0.9975475061786998
0.5672209066735173
0.5942320047802008
0.7003400336242749
0.22934833138875999
0.7920212257622182
0.9424134544029087
0.9832297406147619
0.647387612054223
0.385444913449854
0.35346237654020607
0.9154460133053559
0.008734586261805344
0.8122687810044628
0.37175562373958027
0.5237870842837171
0.4402987539287967
0.9292298273898705
0.02374368458322862
0.02117612709758876
0.0072604968429957895
0.2100826386161102
0.10752793226988455
0.12905541755252925
0.262045600010979
0.28898887176416554
0.8047876587769685
0.41957262706614873
0.4941945005597439
0.7257560005639649
0.40545895620217975
0.6282877187679008
0.10925225758110135
0.4790504206200855
0.14596829585638738
0.1418766594902261
0.610372884898342
0.9267452776248125
0.9317284890515455
0.15971794954584484
0.5646215489599107
0.3744037274398143
0.7697666795309588
0.8832742000664819
0.4226128429706679
0.912403797092404
0.7460111753326317
0.3592337126219578
0.6868110000877498
0.36865405180011945
0.8256044215931905
0.5495740613500467
0.6163374974798265
0.16027518401391827
0.4717479372468587
0.37444269618741266
0.7719447583284079
0.6663621110859693
0.331172143158993
0.04556361080693039
0.9090267237439834
0.3384798282821817
0.13013314587133085
0.18135583665539545
0.6062611185851841
0.3460498097229183
0.5249140507853342
0.43527037659079615
0.6576470514037626
0.7918160707512576
0.1098379265023145
0.9218128176929803
0.9640532460199904
0.7861771069970039
0.4217998500354161
0.24295109716710428
0.65736400742521
0.5989596621475508
0.6373328670746367
0.4127584785400721
0.30049314659849813
0.6498136351835405
0.6836238799123402
0.3077728917473491
0.5863838215828617
0.9352235558126234
0.2071250843325526
0.1327689197087234
0.19271769048072251
0.2631525558073785
0.7410557217289263
0.5792609554591127
0.14969719783141022
0.24665341279769826
0.9926180289960884
0.31702299277321966
0.13741405167883347
0.7326062202460365
0.04758679604571037
0.22854875848867928
0.24858186666284066
0.965878653656859
0.20290855085132176
0.8115559584781585
0.687187108739133
0.985066160212212
0.5104153686790999
0.22736914588333912
0.12244217872715235
0.7058151239375153
0.5635709456089015
0.11946774971551544
0.7768480870934591
0.15384588024556267
0.67117348420843
0.7217675912119677
0.9590403295887869
0.7304822129066415
0.12049180847294083
0.5543593445327928
0.9819712604433755
0.292349818765551
0.8968204155043886
0.32824539451789125
0.9967069523544075
0.3626290363530005
0.9221797296846639
0.5389785479532306
0.27205526107749745
0.289964256670719
0.5061575873423215
0.967857580858451
0.7757539897891018
0.04366898122707641
0.2503010426945721
0.41521907135940683
0.3692110583898722
0.23655995900989535
0.8448673563829748
0.7394323504440579
0.2708970753469574
0.005662120280467531
0.315509503046714
0.7674968623094862
0.94296745422646
0.4736044964864784
