0.4745889387145
0.476547670065212
0.478506401415924
0.48046513276663605
0.48242386411734806
0.48438259546806006
0.48634132681877207
0.48498971286547043
0.4813956069320305
0.47780150099859053
0.4742073950651506
0.47061328913171063
0.4670191831982707
0.4642573688176952
0.4649911789591506
0.465724989100606
0.46645879924206146
0.46719260938351687
0.46792641952497227
0.4686602296664277
0.47115651089472427
0.4741256502194905
0.4770947895442567
0.48006392886902294
0.48303306819378916
0.4860022075185554
0.48511556316388826
0.47805966492212765
0.47100376668036714
0.4639478684386066
0.4568919701968461
0.44983607195508546
0.44278017371332495
0.4462211546664441
0.44986795678024716
0.4535147588940502
0.4571615610078532
0.46080836312165624
0.46445516523545927
0.46377723676945376
0.45992783921158864
0.4560784416537235
0.45222904409585835
0.4483796465379932
0.4445302489801281
0.44251838666360166
0.44928585938902676
0.45605333211445176
0.46282080483987675
0.4695882775653018
0.47635575029072685
0.4831232230161519
0.48255588693789486
0.47978810821853324
0.4770203294991716
0.47425255077981
0.47148477206044836
0.46871699334108674
0.4689014530145216
0.4742134846333398
0.47952551625215795
0.4848375478709761
0.4901495794897944
0.49546161110861253
0.5007736427274307
0.49237504977427726
0.483428031838245
0.4744810139022126
0.4655339959661803
0.456586978030148
0.4476399600941157
0.44592384010893343
0.44994257022270107
0.45396130033646875
0.45798003045023644
0.46199876056400413
0.4660174906777718
0.4700643347953636
0.47426580593398787
0.4784672770726123
0.48266874821123656
0.48687021934986086
0.4910716904884852
0.4952731616271095
0.488305771867217
0.4776154284744856
0.4669250850817543
0.45623474168902295
0.44554439829629144
0.4348540549035601
0.4301048745265308
0.4365778909569386
0.4430509073873465
0.44952392381775425
0.45599694024816206
0.4624699566785698
0.46894297310897765
0.4667280872083454
0.4639812889200985
0.46123449063185157
0.4584876923436047
0.4557408940553577
0.4529940957671108
0.4519042380926726
0.45223461523007047
0.4525649923674683
0.4528953695048661
0.4532257466422639
0.45355612377966176
0.4554985680544282
0.467804301069422
0.4801100340844158
0.4924157670994093
0.5047215001144031
0.5170272331293967
0.5293329661443904
0.5291153468323404
0.5242838608734851
0.5194523749146296
0.5146208889557742
0.5097894029969188
0.5049579170380633
0.5030456295603243
0.5071434566025311
0.5112412836447379
0.5153391106869446
0.5194369377291513
0.5235347647713581
0.5276325918135648
0.5231722076772517
0.517998639276062
0.5128250708748723
0.5076515024736826
0.5024779340724929
0.4973043656713031
0.4910989938428959
0.4839382484707686
0.4767775030986413
0.4696167577265141
0.4624560123543868
0.4552952669822597
0.44913824795211754
0.45067646421052815
0.4522146804689387
0.4537528967273493
0.4552911129857599
0.4568293292441705
0.4583675455025811
0.4590354669673118
0.45935056621838855
0.4596656654694653
0.459980764720542
0.46029586397161876
0.46061096322269546
0.4609216067401147
0.4612222248568045
0.46152284297349433
0.46182346109018413
0.46212407920687393
0.4624246973235637
0.4627253154402536
0.4612659616781168
0.459619376865041
0.45797279205196517
0.45632620723888945
0.45467962242581367
0.4530330376127379
0.4529326428023185
0.4543784379945555
0.45582423318679255
0.4572700283790295
0.45871582357126656
0.4601616187635036
0.461049709479859
0.45669537812292826
0.4523410467659974
0.44798671540906654
0.4436323840521358
0.4392780526952049
0.43492372133827417
0.43549264467598964
0.4382496812113257
0.44100671774666167
0.4437637542819977
0.44652079081733376
0.44927782735266975
0.45194027988447766
0.4543694252075827
0.45679857053068784
0.45922771585379296
0.4616568611768981
0.4640860065000032
0.46651515182310827
0.46400859731253175
0.46085825586712714
0.4577079144217226
0.454557572976318
0.4514072315309134
0.44825689008550884
0.4527205430372286
0.4654073099378421
0.47809407683845584
0.4907808437390696
0.5034676106396831
0.5161543775402969
0.526791757092009
0.5128364884569064
0.49888121982180444
0.4849259511867019
0.47097068255159935
0.45701541391649675
0.4430601452813942
0.4432787215846653
0.4503817368580032
0.4574847521313411
0.464587767404679
0.47169078267801684
0.47879379795135446
0.4840295699479384
0.48419711019333295
0.4843646504387275
0.48453219068412207
0.4846997309295166
0.48486727117491113
0.4850348114203057
0.4801909892154291
0.4745676217405103
0.46894425426559155
0.46332088679067307
0.45769751931575425
0.4520741518408355
0.4505471664849403
0.453799293601239
0.45705142071753757
0.46030354783383626
0.463555674950135
0.4668078020664337
0.46979849751147323
0.46851914232594866
0.467239787140424
0.4659604319548994
0.4646810767693748
0.4634017215838502
0.4621223663983256
0.4657227148904239
0.47190643591773446
0.47809015694504503
0.4842738779723556
0.4904575989996661
0.4966413200269764
0.49940588708871525
0.49191299225373875
0.48442009741876224
0.47692720258378574
0.46943430774880957
0.46194141291383306
0.4544485180788566
0.45265169674189715
0.45189052513184974
0.4511293535218024
0.45036818191175504
0.4496070103017077
0.4488458386916603
0.4508535720010203
0.4563525332522412
0.4618514945034623
0.4673504557546834
0.4728494170059046
0.47834837825712573
0.4833967064202686
0.4771792073814653
0.47096170834266166
0.46474420930385807
0.4585267102650544
0.45230921122625084
0.4460917121874475
0.44688261213232294
0.4517086508859834
0.45653468963964383
0.4613607283933043
0.4661867671469645
0.47101280590062494
0.4727626151280532
0.4642583259347077
0.45575403674136233
0.4472497475480173
0.4387454583546719
0.43024116916132643
0.42173687996798104
0.42384924763818155
0.42818370627982144
0.4325181649214615
0.4368526235631016
0.4411870822047417
0.4455215408463818
0.456611146931163
0.4769123177111346
0.49721348849110714
0.5175146592710796
0.5378158300510523
0.5581170008310248
0.5778916096059671
0.5708115561244052
0.5637315026428432
0.5566514491612813
0.5495713956797194
0.5424913421981579
0.5354112887165959
0.5273560981818742
0.5186914469889277
0.5100267957959811
0.501362144603035
0.4926974934100884
0.4840328422171418
0.4801941366512333
0.49434304660428313
0.508491956557333
0.5226408665103822
0.5367897764634321
0.5509386864164819
0.5650875963695319
0.5512493083243885
0.5307474017082487
0.510245495092108
0.48974358847596733
0.4692416818598267
0.44873977524368597
0.43575441015091754
0.4338648920688396
0.43197537398676167
0.43008585590468373
0.4281963378226058
0.4263068197405279
0.42441730165845
0.4164670766238626
0.4085168515892753
0.40056662655468794
0.39261640152010097
0.3846661764855136
0.37671595145092623
0.3728621794813639
0.3717834241042378
0.37070466872711166
0.3696259133499856
0.3685471579728595
0.3674684025957333
0.36623500003840864
0.3643520793242499
0.36246915861009127
0.3605862378959325
0.35870331718177384
0.3568203964676151
0.3549374757534564
0.3569474856599771
0.3600019403671678
0.36305639507435855
0.3661108497815493
0.3691653044887401
0.37221975919593064
0.3746508435347686
0.3760845352842419
0.37751822703371524
0.37895191878318857
0.3803856105326619
0.3818193022821351
0.38325299403160845
0.3825746332617483
0.3818548596973914
0.38113508613303454
0.3804153125686777
0.37969553900432085
0.378975765439964
0.37681775382096117
0.3736050342952182
0.37039231476947526
0.3671795952437323
0.36396687571798925
0.3607541561922462
0.35846976329539254
0.3606207087365648
0.3627716541777372
0.36492259961890955
0.36707354506008194
0.3692244905012543
0.37137543594242656
0.37482745502065784
0.37866979619000685
0.3825121373593558
0.38635447852870475
0.39019681969805375
0.39403916086740254
0.39467740670388035
0.3897506448569504
0.3848238830100204
0.37989712116309043
0.3749703593161607
0.37004359746923077
0.3651168356223008
0.3746545892716521
0.3847709235408545
0.39488725781005646
0.40500359207925885
0.41511992634846123
0.4252362606176636
0.42964164065442617
0.42951764319649544
0.42939364573856476
0.429269648280634
0.42914565082270334
0.42902165336477266
0.4289244129056622
0.42897433594006323
0.4290242589744643
0.4290741820088653
0.42912410504326637
0.4291740280776674
0.42922395111206846
0.43096201585089094
0.4332627944911872
0.4355635731314835
0.43786435177177974
0.440165130412076
0.44246590905237226
0.4430071436906436
0.4402247952139799
0.43744244673731597
0.4346600982606521
0.4318777497839882
0.42909540130732426
0.42631305283066034
0.4257423177171013
0.42530698750332413
0.42487165728954696
0.4244363270757698
0.4240009968619926
0.42356566664821543
0.4239248502442282
0.4249650456772039
0.4260052411101795
0.42704543654315513
0.4280856319761308
0.42912582740910643
0.42912411076461326
0.4224243879078231
0.4157246650510329
0.40902494219424335
0.40232521933745313
0.395625496480663
0.38892577362387276
0.38610988475224955
0.3847248820856878
0.38333987941912606
0.3819548767525643
0.3805698740860025
0.3791848714194408
0.3800504224954858
0.38554946657101574
0.39104851064654567
0.3965475547220756
0.4020465987976055
0.40754564287313544
0.41304468694866536
0.4126745665128793
0.41181534903448375
0.41095613155608823
0.4100969140776928
0.40923769659929726
0.4083784791209017
0.40688895427288224
0.4048158114900259
0.40274266870716946
0.40066952592431304
0.3985963831414567
0.39652324035860026
0.3950465656270087
0.39814281262177875
0.4012390596165485
0.4043353066113185
0.40743155360608857
0.4105278006008586
0.41362404759562865
0.4140464527891437
0.4133848680632312
0.41272328333731867
0.4120616986114062
0.41140011388549363
0.4107385291595812
0.41065828845563535
0.41188607180111453
0.4131138551465937
0.4143416384920729
0.4155694218375521
0.41679720518303126
0.41802498852851044
0.4161097074023026
0.41386005771527706
0.41161040802825155
0.40936075834122626
0.40711110865420075
0.4048614589671752
0.4069517816400416
0.4133820766727999
0.41981237170555824
0.42624266673831657
0.4326729617710749
0.4391032568038332
0.44408138629542454
0.43540915970005556
0.42673693310468575
0.418064706509316
0.40939247991394623
0.4007202533185764
0.39204802672320666
0.389819346943402
0.3904544657482926
0.39108958455318327
0.39172470335807397
0.3923598221629646
0.3929949409678552
0.3941176120903107
0.3964429122627597
0.39876821243520866
0.40109351260765763
0.4034188127801066
0.4057441129525556
0.40806941312500455
0.41307972230037276
0.418440250041339
0.4238007777823047
0.4291613055232709
0.43452183326423716
0.4398823610052034
0.44125503030936397
0.43832081250177457
0.43538659469418517
0.43245237688659577
0.42951815907900637
0.42658394127141697
0.42327544566939224
0.4154756165341482
0.4076757873989034
0.3998759582636587
0.39207612912841394
0.3842762999931692
0.37647647085792446
0.38101221915862715
0.3915395336425035
0.4020668481263799
0.4125941626102563
0.42312147709413167
0.433648791578008
0.4388979188645951
0.4298205380442535
0.420743157223912
0.41166577640357044
0.40258839558322884
0.3935110147628873
0.38443363394254576
0.3877058233690627
0.39289905705620126
0.3980922907433393
0.4032855244304779
0.4084787581176164
0.413671991804755
0.41462332126868845
0.41062576247221616
0.4066282036757439
0.40263064487927164
0.3986330860827994
0.39463552728632717
0.39134004145949736
0.39951174747015916
0.4076834534808209
0.4158551594914827
0.42402686550214447
0.4321985715128063
0.440370277523468
0.4402235654304318
0.4356729849295561
0.4311224044286804
0.42657182392780507
0.42202124342692937
0.41747066292605367
0.41411938132228976
0.4143659964098612
0.41461261149743267
0.4148592265850042
0.41510584167257564
0.4153524567601471
0.41559907184771855
0.41222991590608565
0.40820334705005257
0.4041767781940191
0.4001502093379857
0.3961236404819522
0.3920970716259188
0.39175162947870007
0.3960476079643343
0.40034358644996854
0.40463956493560277
0.408935543421237
0.41323152190687085
0.41774013452818837
0.4275646005415898
0.4373890665549912
0.44721353256839264
0.4570379985817941
0.46686246459519554
0.47668693060859696
0.4723306810909265
0.45980977717657984
0.44728887326223316
0.4347679693478876
0.4222470654335409
0.4097261615191942
0.4019031253769626
0.4097396484751138
0.41757617157326504
0.4254126946714163
0.43324921776956754
0.4410857408677188
0.44892226396587
0.4448944244517313
0.43838334625129965
0.4318722680508681
0.42536118985043647
0.4188501116500049
0.4123390334495733
0.4082731563635681
0.4075416444335985
0.40681013250362896
0.4060786205736594
0.40534710864368984
0.4046155967137203
0.40412441733787513
0.4158901982223764
0.4276559791068777
0.43942175999137895
0.4511875408758802
0.4629533217603815
0.47471910264488276
0.47436987175095413
0.4664487584955084
0.45852764524006334
0.4506065319846176
0.4426854187291719
0.43476430547372613
0.4276818210496958
0.42372513499730474
0.4197684489449136
0.41581176289252253
0.4118550768401314
0.4078983907877403
0.4039417047353492
0.4001373955801034
0.3963693666384633
0.3926013376968231
0.3888333087551829
0.38506527981354277
0.3812972508719026
0.3804528173638884
0.3839241675912264
0.3873955178185643
0.3908668680459022
0.39433821827323984
0.39780956850057775
0.40128091872791566
0.41221902001439403
0.4231571213008724
0.43409522258735084
0.4450333238738292
0.4559714251603076
0.46690952644678596
0.46974162279114545
0.4670825544972968
0.464423486203448
0.4617644179095991
0.4591053496157502
0.4564462813219014
0.454116351655028
0.4531688042214513
0.4522212567878746
0.4512737093542979
0.4503261619207212
0.4493786144871445
0.44843106705356794
0.45149212947815964
0.45562867259640644
0.45976521571465323
0.46390175883289997
0.46803830195114676
0.4721748450693935
0.47027406450668013
0.45871356605443214
0.4471530676021842
0.43559256914993727
0.42403207069768933
0.4124715722454414
0.4009110737931934
0.40663029528292916
0.41268833481074285
0.41874637433855655
0.4248044138663703
0.430862453394184
0.4369204929219977
0.44026937128954197
0.44163153147288897
0.44299369165623614
0.4443558518395833
0.44571801202293043
0.4470801722062776
0.44764957829443847
0.44443138148337674
0.441213184672315
0.43799498786125324
0.4347767910501915
0.43155859423913007
0.42834039742806834
0.4316941594791211
0.4370195091888083
0.4423448588984954
0.4476702086081826
0.45299555831786975
0.45832090802755693
0.4601043157596966
0.4557359295308341
0.45136754330197154
0.44699915707310944
0.4426307708442469
0.43826238461538436
0.4338939983865218
0.446226952960169
0.4592279611659164
0.4722289693716638
0.48522997757741115
0.49823098578315855
0.511231993988906
0.5121132371358365
0.5033822528223273
0.49465126850881813
0.48592028419530897
0.4771892998817998
0.46845831556829065
0.46159371578250225
0.4649942308991754
0.46839474601584863
0.4717952611325218
0.475195776249195
0.4785962913658679
0.48199680648254106
0.4787774544460279
0.47335148002511923
0.4679255056042106
0.46249953118330195
0.45707355676239336
0.4516475823414847
0.4474811316858624
0.4456937814757804
0.4439064312656986
0.44211908105561665
0.4403317308455347
0.4385443806354527
0.43675703042537073
0.43558924583666503
0.43445939383702314
0.4333295418373813
0.43219968983773943
0.4310698378380976
0.42993998583845583
0.43109343447137655
0.43420399793220815
0.43731456139303976
0.44042512485387136
0.44353568831470297
0.4466462517755345
0.4496492083280781
0.4519604061844844
0.45427160404089073
0.45658280189729705
0.4588939997537032
0.46120519761010953
0.46351639546651585
0.4679564624862561
0.4731808497240667
0.47840523696187737
0.483629624199688
0.4888540114374986
0.4940783986753093
0.49283925024546144
0.4782928224998512
0.46374639475423973
0.44919996700862824
0.4346535392630167
0.4201071115174052
0.40556068377179366
0.40110899419531865
0.3974985327996046
0.3938880714038906
0.39027761000817657
0.38666714861246254
0.3830566872167488
0.3861914421537969
0.3955717677693286
0.4049520933848603
0.4143324190003921
0.4237127446159238
0.4330930702314555
0.44154442942787125
0.44287371274440107
0.4442029960609309
0.4455322793774606
0.4468615626939904
0.4481908460105202
0.44952012932705004
0.4546915890173192
0.46142068777802314
0.4681497865387271
0.474878885299431
0.48160798406013494
0.4883370828208389
0.49352503289885846
0.4952453984408396
0.49696576398282066
0.4986861295248018
0.5004064950667829
0.502126860608764
0.5038472261507447
0.4987838378859115
0.4929987736841827
0.4872137094824539
0.48142864528072515
0.4756435810789963
0.46985851687726754
0.46604480866051934
0.4642024564287518
0.46236010419698426
0.4605177519652167
0.4586753997334492
0.45683304750168163
0.45492708319043196
0.4524231653320503
0.4499192474736687
0.447415329615287
0.4449114117569054
0.44240749389852374
0.43990357604014213
0.44005789045395755
0.44139364143319304
0.4427293924124288
0.44406514339166453
0.4454008943709003
0.446736645350136
0.44269821295373346
0.42540346156408887
0.4081087101744443
0.3908139587847997
0.3735192073951551
0.3562244560055105
0.3389297046158659
0.3545939922295809
0.3745572849306888
0.3945205776317967
0.41448387033290457
0.4344471630340125
0.4544104557351204
0.46111808850171393
0.4535096085390376
0.44590112857636127
0.43829264861368633
0.43068416865101
0.4230756886883337
0.41701877430552653
0.429580646881157
0.4421425194567875
0.454704392032418
0.46726626460804854
0.479828137183679
0.4923900097593095
0.49576898885687937
0.4946877054079632
0.493606421959047
0.49252513851013086
0.49144385506121463
0.49036257161229846
0.48820229313080243
0.483113313846591
0.4780243345623795
0.4729353552781681
0.4678463759939566
0.4627573967097461
0.45766841742553466
0.46259229001648244
0.4690737173435666
0.47555514467065085
0.4820365719977351
0.4885179993248193
0.4949994266519035
0.4996182665891021
0.5020640879047675
0.5045099092204329
0.5069557305360983
0.5094015518517637
0.5118473731674291
0.5139263069502462
0.5100127443632143
0.5060991817761824
0.5021856191891506
0.4982720566021187
0.49435849401508686
0.490444931428055
0.4890902366863906
0.4890902366863906
0.4890902366863906
0.4890902366863906
0.4890902366863906
0.4890902366863906
0.4890902366863906
0.4890902366863906
0.4890902366863906
0.4890902366863906
0.4890902366863906
0.4890902366863906
0.4890902366863906
0.4890902366863906
0.4890902366863906
0.4890902366863906
0.4890902366863906
0.4890902366863906
0.4890902366863906
0.4890902366863906
0.4890902366863906
0.4890902366863906
0.4890902366863906
0.4890902366863906
0.4890902366863906
0.4890902366863906
0.4890902366863906
0.4890902366863906
0.4890902366863906
0.4890902366863906
0.4890902366863906
0.4890902366863906
0.4890902366863906
0.4890902366863906
0.4890902366863906
0.4890902366863906
0.4890902366863906
0.4890902366863906
0.4890902366863906
0.4890902366863906
0.4890902366863906
0.4890902366863906
0.4890902366863906
0.4890902366863906
0.4890902366863906
0.4890902366863906
0.4890902366863906
0.4890902366863906
0.4890902366863906
0.4890902366863906
0.4890902366863906
0.4890902366863906
0.4890902366863906
0.4890902366863906
0.4890902366863906
0.4890902366863906
0.4890902366863906
0.4890902366863906
0.4890902366863906
0.4890902366863906
0.4890902366863906
0.4890902366863906
0.4890902366863906
0.4890902366863906
0.4890902366863906
0.4890902366863906
0.4890902366863906
0.4890902366863906
0.4890902366863906
0.4890902366863906
0.4890902366863906
0.4890902366863906
0.4890902366863906
0.4890902366863906
0.4890902366863906
0.4890902366863906
0.4890902366863906
0.4890902366863906
0.4890902366863906
0.4890902366863906
0.4890902366863906
0.4890902366863906
0.4890902366863906
0.4890902366863906
0.4890902366863906
0.4890902366863906
0.4890902366863906
0.4890902366863906
0.4890902366863906
0.4890902366863906