0.43300898203592814
0.4437300238990491
0.45445106576217004
0.46517210762529093
0.47285210939541616
0.4673128960674171
0.46177368273941805
0.456234469411419
0.45235812630941036
0.45126454562640617
0.450170964943402
0.4490773842603978
0.4437119397410551
0.4350045609279781
0.42629718211490125
0.41758980330182427
0.4150057724398346
0.41448368527566004
0.4139615981114855
0.41343951094731085
0.40637028656363616
0.3988467710259553
0.3913232554882744
0.38479220806240605
0.38539452519019013
0.3859968423179742
0.38659915944575834
0.38488554660046526
0.37799683097582687
0.37110811535118843
0.36421939972655
0.37552755416407885
0.4053125305108852
0.43509750685769155
0.46488248320449815
0.4665159993948424
0.4550960452333072
0.44367609107177214
0.432256136910237
0.4272985087014029
0.4233045606784979
0.41931061265559294
0.4155714358364013
0.41602749150502377
0.4164835471736462
0.41693960284226866
0.4186849004592768
0.4244187903541036
0.43015268024893033
0.4358865701437571
0.43912789431271687
0.4390825610201352
0.43903722772755355
0.43899189443497183
0.4376811425428042
0.43558926805829956
0.4334973935737949
0.4314055190892902
0.44288141303199763
0.4576367201964484
0.47239202736089914
0.48714733452535
0.47866264580822493
0.4699991878920108
0.46133572997579664
0.4553143779640942
0.4613792550900523
0.4674441322160105
0.4735090093419686
0.4702198590671062
0.45075603641165785
0.43129221375620924
0.41182839110076086
0.40423001118532026
0.4062058161014723
0.40818162101762434
0.41015742593377635
0.40468206272843926
0.39659494987227084
0.3885078370161024
0.3804207241599339
0.38902124546795247
0.39892656121679226
0.4088318769656321
0.4172735171576934
0.4143960663773324
0.4115186155969715
0.40864116481661056
0.4074961432820756
0.4103642173423024
0.4132322914025292
0.416100365462756
0.4165603009689756
0.4144992164264689
0.41243813188396217
0.4103770473414554
0.41231053823417935
0.416162328064726
0.42001411789527254
0.4238659077258192
0.42928689971649225
0.4349578531132031
0.44062880650991404
0.44583209872484353
0.4420778806118039
0.4383236624987643
0.43456944438572476
0.4289516169226569
0.41732214639498105
0.40569267586730534
0.3940632053396297
0.39081146231318353
0.3989564476893116
0.4071014330654398
0.41524641844156784
0.41616626319105093
0.4124800807910476
0.40879389839104424
0.4051077159910409
0.40026646718067627
0.3951323067925645
0.38999814640445274
0.3848639860163409
0.39268838906040576
0.40071370006465984
0.4087390110689137
0.4154190350100285
0.415611785780006
0.4158045365499835
0.415997287319961
0.4149193113330798
0.41157024922755747
0.4082211871220351
0.4048721250165126
0.4030296136899755
0.4024408054592372
0.401851997228499
0.40126318899776076
0.4098509799578142
0.42178440603951073
0.4337178321212073
0.4456512582029038
0.45758468428460064
0.46951811036629715
0.48145153644799366
0.49054913480639534
0.47594731576297333
0.4613454967195514
0.44674367767612944
0.43442030551301086
0.4275711239064659
0.42072194229992077
0.41387276069337586
0.4118948998259334
0.4151749724546653
0.4184550450833971
0.42173511771212896
0.41462615439202977
0.4023523560573685
0.3900785577227072
0.3778047593880456
0.3924141880336734
0.4115841641134575
0.43075414019324165
0.44824724374303404
0.42747716501754685
0.4067070862920597
0.3859370075665725
0.37172347340005113
0.37958363924871796
0.3874438050973851
0.3953039709460519
0.4022982597008646
0.40807714299366177
0.41385602628645896
0.4196349095792561
0.4161503181271553
0.4065682496277793
0.39698618112840334
0.38740411262902713
0.38683409039536276
0.3886585732081436
0.39048305602092453
0.3923075388337054
0.39616703159649225
0.4000742199049824
0.40398140821347256
0.4036281669629778
0.3815764588888104
0.35952475081464363
0.33747304274047685
0.32479668036997583
0.3294443263649455
0.3340919723599151
0.33873961835488475
0.3509189544262005
0.3695616557403389
0.3882043570544778
0.4068470583686162
0.41208592654554177
0.41224544742836533
0.4124049683111889
0.41256448919401245
0.4024837066949994
0.3914174556697005
0.3803512046444016
0.37109318494741406
0.3782483419227952
0.38540349889817643
0.39255865587355765
0.39844266934921574
0.4011572983655641
0.40387192738191235
0.40658655639826063
0.4091937916555595
0.41168150805198095
0.41416922444840226
0.4166569408448236
0.4116679064410756
0.4028324511054483
0.39399699576982106
0.3851615404341938
0.3966640257512179
0.41183100487953134
0.4269979840078448
0.44078199635417475
0.41568927582916704
0.3905965553041593
0.3655038347791516
0.35039524673450284
0.370403262586294
0.39041127843808526
0.41041929428987645
0.4192844164082082
0.41200796349208685
0.4047315105759657
0.3974550576598445
0.3982613387094523
0.4045597338639789
0.41085812901850555
0.4171565241730322
0.4203974018361593
0.42278814048948254
0.42517887914280583
0.427569617796129
0.42580090269422616
0.42390118117483583
0.4220014596554454
0.4206435981378089
0.42220649419060197
0.4237693902433951
0.4253322862961882
0.42484300355274296
0.4204317791098198
0.4160205546668964
0.4116093302239733
0.41752880118973246
0.4325898227689316
0.4476508443481299
0.46271186592732905
0.45899005975709267
0.44787501287697123
0.43675996599685035
0.4256449191167289
0.42621073116869196
0.42800870133585417
0.4298066715030164
0.43160843820296646
0.43344785385306417
0.4352872695031618
0.4371266851532596
0.43783921390259883
0.43563418615545335
0.433429158408308
0.4312241306611625
0.42534265049666825
0.41524229050898726
0.4051419305213057
0.39504157053362465
0.38958402798005165
0.386597224528841
0.38361042107763016
0.3806236176264195
0.3807737024271023
0.3815226477122377
0.3822715929973731
0.38302053828250854
0.38376948356764395
0.3845184288527794
0.3852673741379148
0.38601631942305026
0.3867652647081856
0.3875142099933211
0.3882631552784565
0.38901210056359187
0.38976104584872734
0.39050999113386275
0.39125893641899817
0.3920078817041336
0.392756826989269
0.3935057722744044
0.39425471755953984
0.39500366284467525
0.39575260812981067
0.39650155341494614
0.3972504987000815
0.39799944398521697
0.39874838927035233
0.39949733455548775
0.40024627984062316
0.4009952251257586
0.40174417041089405
0.40249311569602947
0.4032420609811649
0.4039910062663003
0.4047399515514357
0.4054888968365711
0.40623784212170655
0.4069867874068419
0.4077357326919773
0.4084846779771128
0.40923362326224816
0.40998256854738363
0.41073151383251905
0.41148045911765446
0.4122294044027899
0.4129783496879253
0.41372729497306066
0.4144762402581961
0.4152251855433315
0.41597413082846696
0.4167230761136024
0.4174720213987378
0.4182209666838732
0.4189699119690086
0.41971885725414404
0.42046780253927946
0.42121674782441487
0.4219656931095503
0.42271463839468576
0.4234635836798212
0.42421252896495654
0.424961474250092
0.42571041953522737
0.42645936482036284
0.4272083101054982
0.4279572553906337
0.4287062006757691
0.4294551459609045
0.4302040912460399
0.43095303653117534
0.4335525472091304
0.44328016162239114
0.45300777603565245
0.4627353904489132
0.47268932762025556
0.48299263681620797
0.49329594601216087
0.5035992552081139
0.5041257526848308
0.4975769258910476
0.4910280990972646
0.48447927230348126
0.47877180904936295
0.4733196849789237
0.46786756090848475
0.4624154368380455
0.4745511841587722
0.4875311493062748
0.500511114453778
0.5107908569338035
0.5046503264359208
0.4985097959380383
0.4923692654401555
0.4854755208000103
0.47704031465941943
0.4686051085188286
0.4601699023782382
0.4656043766387853
0.48408662431373695
0.5025688719886896
0.5210511196636414
0.5202385412932224
0.5112466344905251
0.5022547276878272
0.49326282088512935
0.4790693495181398
0.46422847311954213
0.44938759672094525
0.4359578269367902
0.43960244718739777
0.44324706743800557
0.44689168768861315
0.44710425495460177
0.43771702184331995
0.4283297887320387
0.4189425556207569
0.4217926678712962
0.4395764897159249
0.4573603115605526
0.4751441334051813
0.47616859548979396
0.467659290046252
0.45914998460271006
0.45064067915916856
0.4557338401556445
0.4637238227087913
0.4717138052619385
0.4795408227307357
0.4732985212506124
0.46705621977048944
0.4608139182903661
0.4584026903426831
0.4714631055067797
0.4845235206708771
0.49758393583497373
0.5008051474125168
0.4883420839659468
0.47587902051937614
0.46341595707280614
0.487744790085948
0.5395449057890147
0.5913450214920786
0.6431451371951453
0.6187413268822323
0.5702126555692797
0.5216839842563299
0.4731553129433773
0.4674716963317498
0.46420675216294033
0.4609418079941309
0.45828383551325325
0.4595625079798193
0.4608411804463853
0.4621198529129513
0.46123213670227003
0.455753739723135
0.45027534274400016
0.4447969457648651
0.4440682326660033
0.4479463558119183
0.45182447895783345
0.4557026021037484
0.4596087928037786
0.46352732089023274
0.46744584897668706
0.4713643770631412
0.4780786271094243
0.48516806062217777
0.49225749413493164
0.4986960891686135
0.496312207041538
0.49392832491446237
0.49154444278738685
0.49003607159518947
0.49107582924331
0.4921155868914306
0.4931553445395511
0.4941951021876717
0.4952348598357923
0.49627461748391277
0.49731437513203336
0.4983541327801539
0.4993938904282745
0.500433648076395
0.5014734057245156
0.5025131633726361
0.5035529210207567
0.5045926786688772
0.5056349412245642
0.5073309846551075
0.5090270280856506
0.5107230715161939
0.5110167472509977
0.5053643839558641
0.49971202066073095
0.4940596573655974
0.49096213046938897
0.4920710513815122
0.49317997229363547
0.4942888932057587
0.4916032671097818
0.48599481426432195
0.4803863614188618
0.474777908573402
0.4793754428813865
0.48734043487959516
0.4953054268778033
0.503270418876012
0.4998131679365267
0.4956130068872725
0.4914128458380183
0.48957926364262444
0.5041683044028221
0.5187573451630182
0.5333463859232144
0.5389128110482273
0.5246734945350289
0.5104341780218304
0.496194861508632
0.4981495465530332
0.5162982331550371
0.534446919757041
0.5525956063590467
0.5577489146037526
0.5569821060412449
0.5562152974787371
0.5554484889162293
0.5527887957277339
0.5498563287721747
0.5469238618166156
0.5456087281046881
0.5691600930136099
0.5927114579225319
0.6162628228314564
0.6292908009878886
0.6104248223713857
0.5915588437548829
0.572692865138378
0.5577296005840284
0.5478330174437032
0.5379364343033778
0.5280398511630514
0.5304508465385477
0.540336996963532
0.5502231473885174
0.5601092978135017
0.5499467295823559
0.5350556899700458
0.5201646503577342
0.5052736107454241
0.5199317254068099
0.5347030552186727
0.5494743850305339
0.5627646879341008
0.5694520792048535
0.5761394704756069
0.5828268617463596
0.5922100153918386
0.6061787442108225
0.620147473029808
0.634116201848792
0.6196960291877339
0.5827202909671796
0.5457445527466294
0.5087688145260791
0.511476009401893
0.5278178530851828
0.544159696768471
0.5605015404517592
0.5763484629196027
0.5921588748059773
0.607969286692352
0.6192962690814477
0.5972144703778859
0.5751326716743264
0.5530508729707669
0.5375030229716662
0.5368199062752156
0.5361367895787652
0.5354536728823147
0.5377361231696041
0.5430760960060208
0.5484160688424374
0.5537560416788541
0.5507293675390692
0.5437543880846714
0.5367794086302736
0.5298044291758751
0.5371076925186071
0.5466124470415137
0.5561172015644201
0.5660614930154244
0.5837918671927171
0.6015222413700098
0.6192526155473024
0.6346408024111413
0.6426306515705696
0.6506205007299979
0.6586103498894271
0.6556191901170855
0.6379213219539787
0.620223453790872
0.6025255856277631
0.5891926380067125
0.5785979324648403
0.5680032269229669
0.5574085213810946
0.5612658662484427
0.5687018140742653
0.5761377619000889
0.5835737097259116
0.5758059335836672
0.567862052530595
0.5599181714775219
0.5527958057373116
0.5495309901618453
0.5462661745863786
0.5430013590109124
0.5485604437586129
0.5696310164428321
0.5907015891270536
0.6117721618112728
0.6157983133218987
0.6058575085930473
0.595916703864197
0.5859758991353466
0.5805291351185196
0.5766890488692036
0.5728489626198879
0.5690088763705724
0.5653489448676218
0.5617039021866844
0.5580588595057474
0.5550247718557415
0.5568993918680486
0.5587740118803555
0.5606486318926622
0.5615659075321288
0.5602248323433554
0.5588837571545823
0.557542681965809
0.5591470913416487
0.5638825276168804
0.5686179638921119
0.5733534001673436
0.5773540902507065
0.5809957566266781
0.5846374230026499
0.5882790893786216
0.6066084124798296
0.6273530391314094
0.6480976657829893
0.6673591454571369
0.655721729768054
0.644084314078971
0.6324468983898881
0.6230233265456129
0.6208945516325953
0.6187657767195778
0.61663700180656
0.6129013465349081
0.6069452747676886
0.600989203000469
0.5950331312332487
0.5966928704910995
0.6032861225513552
0.6098793746116107
0.616472626671867
0.6083196368853274
0.5963382958500998
0.5843569548148708
0.5723756137796431
0.5992200550493997
0.626819861733652
0.6544196684179072
0.6757417077872752
0.6659602636419765
0.6561788194966778
0.646397375351378
0.6407741561636433
0.6427072812536346
0.6446404063436262
0.6465735314336174
0.642560984443461
0.6335239258362769
0.624486867229092
0.6154498086219079
0.6256789888174233
0.6430699645888158
0.6604609403602064
0.677851916131597
0.6509396416404719
0.6199662358752752
0.5889928301100819
0.56490525796753
0.6007499414295072
0.6365946248914882
0.6724393083534653
0.6921222030499808
0.6722512462941619
0.6523802895383451
0.6325093327825284
0.6182808153359018
0.6102364113721496
0.6021920074083982
0.5941476034446468
0.5837722135558242
0.5722179342336339
0.5606636549114434
0.549109375589253
0.5648203562264552
0.5852997007130596
0.605779045199664
0.6261731625225964
0.6444195553209895
0.6626659481193805
0.6809123409177716
0.6953491256157796
0.6966782756633062
0.698007425710833
0.6993365757583596
0.6887637715195811
0.6612196620947728
0.6336755526699644
0.6061314432451531
0.592165726036169
0.58728109916261
0.582396472289051
0.5775118454154915
0.5715464108106999
0.5652871643954761
0.5590279179802523
0.5527686715650278
0.5405090795346597
0.5280847721344636
0.5156604647342663
0.5079494846192711
0.5249273617124802
0.5419052388056893
0.5588831158989002
0.5680247686509772
0.5624412086301541
0.5568576486093304
0.5512740885885072
0.5535741937290515
0.5627443499387891
0.5719145061485277
0.5810846623582653
0.5794810801233556
0.5737162126690836
0.5679513452148107
0.5621864777605385
0.5478687890369374
0.5326886309416367
0.5175084728463376
0.50589237905165
0.5280636148267916
0.5502348506019357
0.5724060863770773
0.585820552465011
0.5769880901584051
0.5681556278518002
0.5593231655451953
0.5606124759033005
0.573340212280881
0.5860679486584599
0.5987956850360389
0.5952376988021344
0.583158113527332
0.5710785282525311
0.5589989429777301
0.552795421065135
0.5476820285545796
0.5425686360440243
0.5380380482218694
0.552011509256506
0.5659849702911411
0.5799584313257762
0.5926187490340337
0.6005563582877679
0.608493967541502
0.6164315767952361
0.6195276240208799
0.6154983535448029
0.6114690830687258
0.6074398125926488
0.6005608542632208
0.5917146920608349
0.5828685298584491
0.5740223676560622
0.5717689442111159
0.5713899268834814
0.5710109095558469
0.5706318922282123
0.5689192929047383
0.5671592539055229
0.5653992149063075
0.5626526325381092
0.5544307344720546
0.546208836406
0.5379869383399446
0.5323084737114135
0.5315739864389689
0.5308394991665242
0.5301050118940793
0.5345173146039875
0.543554269182098
0.5525912237602095
0.5616281783383201
0.5523847722823723
0.5358096707849547
0.5192345692875353
0.5026594677901177
0.5202202700591846
0.5415418074889691
0.5628633449187558
0.5807856432205803
0.5633854131926984
0.5459851831648146
0.5285849531369327
0.5173713855996758
0.5224837329682424
0.5275960803368094
0.532708427705376
0.5382628403705397
0.5443323869763674
0.5504019335821945
0.5564714801880215
0.5386281702213208
0.5078437849330077
0.4770593996446979
0.4462750143563881
0.4625415539007541
0.4880464028871624
0.513551251873568
0.538843387511187
0.5550597536005347
0.5712761196898807
0.5874924857792267
0.598862272704392
0.59199129804799
0.5851203233915888
0.5782493487351876
0.5664842078026913
0.5472836988738204
0.5280831899449497
0.508882681016079
0.507237070030441
0.5180978896056734
0.5289587091809057
0.539819528756138
0.5514662508163399
0.5633464092582146
0.5752265677000891
0.5871067261419649
0.5636701570187916
0.5386858428628857
0.5137015287069796
0.4939616855345524
0.5051366186858198
0.5163115518370873
0.5274864849883559
0.5427591112151746
0.5662742235135061
0.5897893358118376
0.6133044481101717
0.6129103425741659
0.5903650499269303
0.5678197572796947
0.5452744646324568
0.5266503385818254
0.5096582656551867
0.4926661927285461
0.4756741198019074
0.5019859422395241
0.5334794273703036
0.5649729125010866
0.5922933720377952
0.5717233949948756
0.5511534179519538
0.5305834409090343
0.5180750358088216
0.5276783708943293
0.537281705979838
0.5468850410653456
0.5530297618954158
0.5550183328218913
0.557006903748367
0.5589954746748427
0.5588137047926566
0.5574175775532424
0.5560214503138283
0.5546253230744143
0.5532092504020689
0.5517890415800372
0.5503688327580055
0.5488331656226215
0.5398504372759486
0.5308677089292766
0.5218849805826047
0.5161150372812408
0.5230143784038376
0.5299137195264336
0.5368130606490297
0.5509681732660228
0.5765048882271767
0.6020416031883279
0.6275783181494792
0.6272088169235178
0.607795673334838
0.5883825297461581
0.5689693861574783
0.5467580757381689
0.5236793336013672
0.5006005914645654
0.47752184932776354
0.500610312295465
0.5261091112726433
0.5516079102498214
0.5723441117912537
0.5631817849860276
0.5540194581808014
0.5448571313755755
0.5432491262585115
0.5573718851273921
0.5714946439962727
0.5856174028651548
0.5930477002843574
0.594085198706851
0.5951226971293446
0.5961601955518383
0.581708462068077
0.560570120275056
0.539431778482035
0.5182934366890118
0.5241448179868516
0.5334862496843741
0.5428276813818975
0.5510964567773704
0.5456465226255602
0.5401965884737502
0.5347466543219396
0.5268657313782142
0.5120493404104922
0.4972329494427686
0.4824165584750465
0.4661168915808028
0.4479789767434332
0.42984106190606164
0.41170314706869204
0.41826001584918204
0.4390982052761511
0.4599363947031224
0.4807745841300915
0.5016619633380861
0.5225600956610048
0.5434582279839213
0.5641704611009699
0.56071579745484
0.5572611338087097
0.5538064701625797
0.5509256884371765
0.5504192025014487
0.5499127165657208
0.549406230629993
0.5508826171999027
0.5555712572289472
0.5602598972579911
0.5649485372870351
0.556744958487725
0.5387640593689178
0.5207831602501126
0.5028022611313074
0.50260153444365
0.508147934198387
0.5136943339531241
0.5192407337078612
0.5157306473445697
0.5116705719457695
0.5076104965469692
0.5020366034558486
0.48631122701622653
0.4705858505766044
0.45486047413698233
0.45056541575016046
0.47092128424830415
0.4912771527464479
0.5116330212445915
0.5210481716158779
0.5196883723167677
0.5183285730176574
0.516968773718547
0.5112347086682941
0.5035430992763691
0.4958514898844441
0.4881598804925183
0.49211296801531185
0.49768618728276487
0.5032594065502167
0.5078625567045952
0.4984852990529009
0.48910804140120656
0.4797307837495122
0.46925110021028493
0.4554975458535292
0.4417439914967764
0.4279904371400236
0.4296447691451945
0.4509943993695271
0.47234402959385974
0.4936936598181923
0.5088508938410553
0.5203077935483988
0.5317646932557424
0.5432215929630859
0.5081421842810312
0.46235723986619703
0.4165722954513629
0.3707873510365187