0.36539586583463435
0.38614567823845575
0.40689549064227715
0.4267785947233746
0.4334959866640463
0.440213378604718
0.44609351625135135
0.4460331353355219
0.4459727544196925
0.4508095681087949
0.4771784914100582
0.5035474147113216
0.5089775443867313
0.4505942077738256
0.3922108711609199
0.3633611582199429
0.4006105077828064
0.43785985734566985
0.4610335034204423
0.460300795951949
0.4595680884834557
0.46137876132965694
0.4665287022080762
0.4716786430864954
0.4742120526843745
0.474066632637891
0.4739212125914075
0.4791269290942532
0.48860789225820306
0.4980888554221529
0.4984068527342568
0.4930525378523608
0.4876982229704648
0.47542124663233765
0.4598777330702746
0.44433421950821156
0.4184130858026701
0.38886802125337433
0.35932295670407854
0.3665826716304403
0.3828750613731723
0.3991674511159044
0.40147610533185607
0.4015968281388557
0.4017175509458553
0.4044563688550964
0.40740297208991216
0.4103495753247279
0.40790474460221676
0.4053957301421184
0.40279259850659094
0.39840124053791065
0.3940098825692303
0.39094195696412565
0.39839183593270067
0.40584171490127563
0.4125386427560668
0.41564948140792135
0.41876032005977587
0.4182940031948519
0.4062019309003977
0.3941098586059435
0.3836240845368036
0.3769393528028132
0.37025462106882284
0.36758066663397426
0.3720735109795594
0.37656635532514443
0.38417608986213764
0.3960797220754063
0.407983354288675
0.41572678150726267
0.4190055984876559
0.4222844154680491
0.4244626974847914
0.4257189096671233
0.4269751218494552
0.41580663423212916
0.3965560603373555
0.3773054864425819
0.3775770663396917
0.38756672279399496
0.3975563792482981
0.4043325223880775
0.40991655574988833
0.4155005891116992
0.4121038014342436
0.40633661117765074
0.4005694209210579
0.4060884230376615
0.4135533203910231
0.42101821774438475
0.4200573290989327
0.41831075622851077
0.4165641833580889
0.39771638362050094
0.37845650612707693
0.3607031569636895
0.3808447896404345
0.40098642231717957
0.4193787932376403
0.42202780835154363
0.424676823465447
0.4271373775027859
0.42862136050701827
0.4301053435112506
0.4288224737599112
0.4179284312786913
0.40703438879747134
0.39872681535882687
0.39689874684127346
0.39507067832372006
0.3902454052180574
0.37978132348052807
0.36931724174299874
0.36206026068006397
0.3594408856285933
0.3568215105771225
0.3591861235439561
0.36715772303138206
0.375129322518808
0.38234532240654556
0.38889756352991606
0.39544980465328655
0.4017116828243053
0.40777519422589564
0.4138387056274859
0.4134915515390682
0.4097809541218121
0.40607035670455593
0.40471725330665065
0.40429168853930963
0.40386612377196857
0.4252200758814255
0.45273804220129715
0.4802560085211688
0.4701518557810773
0.4529442260156778
0.4357365962502783
0.4426584097747406
0.4521739419590254
0.46168947414331024
0.44335317609738545
0.4239979086527942
0.40533490066418687
0.41213165711233335
0.4189284135604798
0.42477781853054036
0.42083792489371263
0.41689803125688485
0.41355115826996824
0.41356473563254853
0.4135783129951288
0.4141492105646521
0.41679457779335216
0.41943994502205223
0.42526899321016876
0.439553624161467
0.45383825511276527
0.45347237723352835
0.4240625081639303
0.3946526390943317
0.38829269025629143
0.4169344721402454
0.4455762540241994
0.45088838838838813
0.42868350260105914
0.4064786168137302
0.3962754723870887
0.397124779044018
0.39797408570094733
0.3985726855898235
0.39899148567534837
0.3994102857608733
0.3987318424355673
0.3974471596001675
0.39616247676476773
0.3962049014806375
0.39680028767620285
0.3973956738717682
0.3914028615880385
0.383415920262683
0.3754289789373276
0.37012502883672177
0.36537289962631275
0.3606207704159037
0.36862548043621635
0.3781879563031848
0.38775043217015326
0.3940166214655224
0.40012003117710876
0.4059608599186103
0.3942087636644097
0.38245666741020956
0.37255626783265894
0.3850186665807999
0.39748106532894145
0.40706944557169894
0.3987410721532349
0.3904126987347712
0.3838907176407175
0.3845943058443052
0.38529789404789294
0.38863781160631716
0.3994127703789439
0.4101877291515702
0.41322821047550884
0.4000966025885549
0.3869649947016004
0.38057729401270046
0.384948956716116
0.3893206194195314
0.39284978420595973
0.39533691209506167
0.3978240399841637
0.39589802747600894
0.3897119314629876
0.38352583544996655
0.3823233536798668
0.38487142695856374
0.3874195002372608
0.3997610003064498
0.41779635316080943
0.4358317060151683
0.4312586151213065
0.41672248121975397
0.4021863473182009
0.388401845739957
0.374860089231108
0.36131833272225944
0.3812218624092135
0.40858441275854057
0.4359469631078688
0.44208347961865907
0.44530940286061993
0.4485353261025807
0.44121414849798607
0.4332337770904818
0.42526418311466957
0.42094813848257967
0.41663209385048955
0.41231604921839965
0.40800000458630953
0.4036839599542196
0.39936791532212945
0.3950518706900395
0.39073582605794943
0.3864197814258595
0.3821037367937694
0.37778769216167946
0.37347164752958933
0.36915560289749944
0.3648395582654093
0.3605235136333194
0.3562074690012293
0.35189142436913934
0.3475753797370492
0.3432593351049591
0.3389432904728692
0.3346272458407791
0.3303112012086891
0.325995156576599
0.3216791119445091
0.317363067312419
0.313047022680329
0.30873097804823896
0.304414933416149
0.30009888878405894
0.295782844151969
0.29146679951987886
0.28715075488778896
0.28283471025569884
0.2785186656236089
0.27420262099151876
0.26988657635942886
0.26557053172733874
0.2612544870952488
0.2894541380075342
0.32548603675167553
0.3615179354958183
0.38402337335719056
0.40446545277881935
0.42490753220044725
0.4029799210974865
0.37783435881544325
0.352688796533399
0.34475526604028345
0.33697495838208374
0.3313166783729531
0.3636191151971767
0.395921552021399
0.42224353179838514
0.40240865077489735
0.38257376975140867
0.3675466219912155
0.3749555627930671
0.38236450359491836
0.3867552657119983
0.3814953083308578
0.37623535094971716
0.3715610084562307
0.36825310070060363
0.36494519294497674
0.3604585980703471
0.35389253079877814
0.3473264635272089
0.343352733761202
0.3429074633777658
0.3424621929943296
0.34399733449872366
0.3476329128538468
0.3512684912089701
0.3527955758521138
0.35257691838964006
0.3523582609271664
0.35962475763164775
0.3717005562888104
0.38377635494597345
0.3941998412313487
0.40381166529900425
0.4134234893666594
0.41368687342700833
0.41053375933207614
0.40738064523714407
0.40586776307979217
0.40478012623959075
0.4036924893993893
0.3953328722563751
0.3857487635847083
0.3761646549130418
0.3842342704379924
0.3938881945446906
0.4035421186513891
0.4084808047835665
0.4133203717991627
0.41795839576636806
0.41790334589247713
0.41784829601858614
0.41686888835449254
0.4078343628043477
0.3987998372542025
0.3931780896052939
0.4048640013126568
0.4165499130200192
0.42487456773507043
0.4217185654504076
0.4185625631657446
0.4151866006591312
0.4112674710738234
0.40734834148851573
0.40249318386240684
0.3958996884462391
0.389306193030071
0.38137571290820305
0.37153525463533427
0.3616947963624659
0.3601778398800837
0.36791496302811844
0.3756520861761534
0.3864735118965622
0.39997251897101066
0.41347152604545856
0.4129447365253193
0.4029522616186847
0.3929597867120497
0.3898756593075851
0.3903690690024587
0.39086247869733237
0.3973424593728632
0.4061437634898733
0.41494506760688377
0.43052897291701897
0.44799976728088164
0.46547056164474354
0.4585538053672162
0.44713342475521567
0.43571304414321466
0.43067193015171734
0.426293597107805
0.42191526406389274
0.41190633681857364
0.4017091526242703
0.3922867923648121
0.4084336219552253
0.4245804515456399
0.4380149833834671
0.4244140311713279
0.4108130789591888
0.4021999207954743
0.42121146813072774
0.44022301546598125
0.4531803905993892
0.4439944235698779
0.43480845654036737
0.43023189101256365
0.4377182272870996
0.44520456356163607
0.44233428810041564
0.41920107663445577
0.39606786516849585
0.38357736343182364
0.3870509262890857
0.39052448914634774
0.39561455042645727
0.40258881050517314
0.40956307058388847
0.41269783076336386
0.41233821463004766
0.41197859849673146
0.4106542747473094
0.40864641444577227
0.4066385541442351
0.404050672442638
0.40114641543191754
0.39824215842119715
0.3987283729865377
0.4006073538839534
0.40248633478136897
0.3977524779333978
0.3910499136650442
0.3843473493966901
0.4038515189830969
0.4286340766603913
0.4534166343376858
0.45450717193425527
0.4527920755738955
0.45107697921353573
0.4493210373779796
0.4475632103666451
0.44600493165229665
0.45555484147017283
0.465104751288049
0.47367617306584925
0.47090438163831655
0.46813259021078385
0.4642448181504621
0.4535681639073365
0.44289150966421176
0.43802270477102145
0.4559644386290262
0.47390617248703243
0.49662239647904877
0.5326010930655423
0.5685797896520357
0.5784216154381774
0.5343414284920561
0.490261241545935
0.46030446573554334
0.4526027620178202
0.44490105830009763
0.43413611113908923
0.4196271997696188
0.40511828840014963
0.39319334001297945
0.38373355171237045
0.37427376341176066
0.3864544697345211
0.41472682590542675
0.4429991820763325
0.4597846426753956
0.4699757743350649
0.48016690599473416
0.47755927476566207
0.4693893119857855
0.4612193492059096
0.46201179812378246
0.4656527654882266
0.46929373285267106
0.46876878556225904
0.46733301105340186
0.4658972365445447
0.4636718923898418
0.46134127228235966
0.4590106521748775
0.4729443934101501
0.4878408226999799
0.5026249701957209
0.49843349449064933
0.49424201878557783
0.4900491082184746
0.48583642150946205
0.4816237348004495
0.4777367369913382
0.4760407372361082
0.47434473748087835
0.47281347045396704
0.4719791495853262
0.47114482871668534
0.46864974235483764
0.4612496044200302
0.45384946648522273
0.45534431081858895
0.47620860252096886
0.49707289422334877
0.504997288565328
0.4914899779041387
0.47798266724295047
0.4764771524748871
0.49035649016042804
0.5042358278459702
0.5028290831961427
0.48613625621094675
0.4694434292257509
0.46431684048434724
0.4682131286975267
0.4721094169107062
0.47371716608661973
0.4739431558438064
0.4741691456009931
0.5028793225019772
0.5446702205376678
0.5864611185733619
0.5918284325052032
0.5848633518192059
0.5778982711332079
0.5631061009444928
0.5464638914187719
0.5298216818930511
0.5188107348896133
0.5086368674502999
0.4984630000109865
0.5117383555398832
0.5267150742494404
0.5416917929589965
0.6022430567644925
0.6630639924344616
0.716053744867185
0.6367377173443061
0.5574216898214273
0.4891822048612527
0.5040167891213928
0.5188513733815316
0.5333804453064374
0.546512173927571
0.5596439025487057
0.563503195689311
0.5381882406106928
0.5128732855320748
0.4895896160566807
0.470979875590653
0.4523701351246253
0.4464723893054711
0.4627181180324888
0.4789638467595051
0.5057130814882002
0.5465877208398435
0.5874623601914903
0.6042130574077273
0.5956772128675748
0.5871413683274223
0.5706365212780137
0.5476115812664886
0.5245866412549633
0.5155411882842439
0.5153673328586523
0.5151934774330608
0.5249247744487691
0.5394572588923566
0.5539897433359454
0.5730930144243958
0.5938417687049966
0.6145905229855976
0.603903443652166
0.5852124066826884
0.5665213697132107
0.5659183685750209
0.5682887431899205
0.5706591178048199
0.5747414694565046
0.5789714996385191
0.583201529820534
0.5726986889850254
0.5619311857959088
0.5519902004276986
0.5599571011791538
0.5679240019306081
0.5724758364024691
0.5481893334021954
0.5239028304019239
0.5049789696528811
0.5126801572739776
0.5203813448950748
0.533327799183398
0.5638929697129181
0.5944581402424383
0.6169544940549524
0.6198085768694964
0.6226626596840404
0.6147306114956219
0.5870239898017663
0.5593173681079131
0.5502839831736172
0.5676050245879175
0.5849260660022193
0.5912800007038287
0.5855836576593952
0.5798873146149619
0.5760373468706795
0.5737714278811724
0.5715055088916653
0.5795381584252657
0.5944365203076065
0.6093348821899461
0.6191921215600935
0.626472787201787
0.633753452843481
0.6198761257695635
0.5979140372514699
0.5759519487333762
0.580164888361425
0.5915342963590194
0.6029037043566139
0.6019948128266028
0.5988690061041066
0.5957431993816107
0.5842328904467163
0.5718814178594455
0.5595299452721735
0.5658779131031663
0.5727925306438033
0.5788882931277302
0.5604928452791016
0.5420973974304746
0.5254808498151666
0.5259862169455614
0.526491584075956
0.5274966798733031
0.5312078535464116
0.5349190272195202
0.5461980587308541
0.5846804711201299
0.6231628835094056
0.6365158701157162
0.5850613902290959
0.5336069103424799
0.48723601032570585
0.45068167833345585
0.41412734634120285
0.40814300352612476
0.44745579795897467
0.4867685923918246
0.5060225199092417
0.5021706640177368
0.4983188081262319
0.48519431953022135
0.4637296417418918
0.4422649639535622
0.4479119427153715
0.4725370810622823
0.4971622194091911
0.4949672123580253
0.4783305885540497
0.46169396475007274
0.4703537166483424
0.48925745540123977
0.5081611941541372
0.523751470710468
0.5383716461674218
0.5529918216243758
0.5707367216654297
0.5890977645822232
0.6074588074990152
0.5995212882840731
0.588565901283522
0.5776105142829701
0.5702110198697325
0.562964232500122
0.5566147508445208
0.5929513838697561
0.6292880168949884
0.6621117677308294
0.6557919741705822
0.6494721806103344
0.6418116493868002
0.6261887781629291
0.6105659069390578
0.5978182805620468
0.5961608843086447
0.5945034880552427
0.5967893273167832
0.6098648989214124
0.6229404705260403
0.6256315434054163
0.6071827438798124
0.588733944354207
0.5742408459592747
0.5659043651135832
0.5575678842678918
0.5587426326520382
0.5714049695865088
0.5840673065209794
0.6023467351541512
0.6259222788175299
0.6494978224809068
0.6493387913705929
0.63174211348777
0.6141454356049454
0.6114579891001424
0.6172213972473969
0.6229848053946514
0.6149102547870968
0.600905150427481
0.5869000460678652
0.585535906518372
0.5881251188979144
0.5907143312774567
0.5888516509803843
0.5860349936811797
0.5832183363819755
0.582356771004936
0.5817485231859177
0.5811402753668995
0.589214592963086
0.59777427135888
0.6061440790214389
0.5931850743171503
0.5802260696128627
0.5691525014388044
0.5829038475794396
0.5966551937200759
0.6089972604218475
0.6121007174688459
0.6152041745158441
0.6160450105653142
0.6074925412614097
0.5989400719575052
0.5869001867326271
0.564718735668592
0.5425372846045586
0.5337176832585299
0.5536013146400693
0.5734849460216104
0.5817008598964619
0.5708323676169632
0.5599638753374646
0.5529047631003666
0.5506708655836444
0.5484369680669222
0.5517319861993384
0.5604912543007877
0.5692505224022363
0.568084383895769
0.5592674111290324
0.5504504383622951
0.534486685787762
0.5142617076940262
0.4940367296002905
0.501364299143913
0.5211729372753999
0.5409815754068868
0.5395267255207025
0.530984046295292
0.5224413670698823
0.520901207811586
0.5209848212992872
0.5210684347869885
0.5361328763451404
0.5533662593411016
0.5705996423370628
0.5619292334670043
0.5514667383672193
0.5410042432674326
0.5400530969887989
0.5391300077863334
0.5381774189681942
0.5367528362992762
0.5353282536303582
0.5348316212201315
0.5411022358184154
0.5473728504166983
0.5527619210325467
0.5541982621787704
0.5556346033249943
0.5521789978385649
0.5335760395257247
0.5149730812128845
0.5012385426989394
0.4985515721901863
0.49586460168143315
0.4977997588651932
0.5076849756800758
0.5175701924949584
0.5242039674440269
0.5265173333385194
0.5288306992330123
0.5396008950183003
0.5591317588940515
0.5786626227698026
0.5758411937146716
0.5549476980345706
0.5340542023544694
0.5128455505620957
0.49143936072805444
0.4700331708940168
0.47986075613792606
0.504626233810417
0.5293917114829079
0.5312563652297094
0.5250008065088347
0.5187452477879599
0.5081194861609842
0.496401173807485
0.4846828614539858
0.494762611611815
0.5083389793055909
0.5219153469993668
0.482871912075456
0.4394714234316058
0.39607093478774835
0.43220698459669266
0.46953014691985395
0.5042246469809354
0.48568873623488024
0.46715282548882503
0.4526972975719636
0.4716567966077157
0.490616295643471
0.5052728797814182
0.4990083949334905
0.49274391008556273
0.4917396845319809
0.5081142903179505
0.5244888961039202
0.537292578426418
0.5415260444365797
0.5457595104467409
0.5443904882526288
0.5328814254243366
0.5213723625960445
0.5096025428396164
0.49746913243691426
0.48533572203421216
0.47239331563345766
0.458572428915804
0.44475154219815044
0.4407804262314003
0.44516020285780783
0.44953997948421537
0.47001735656383214
0.5010955924784978
0.5321738283931583
0.5280035168495962
0.5060529645527739
0.4841024122559516
0.46534283688036004
0.4477847224508192
0.4302266080212783
0.4558696827341296
0.4931190470673238
0.5303684114005179
0.51951604768863
0.5001751437334928
0.4808342397783556
0.4778162824883021
0.4763779651980965
0.47493964790789067
0.47477992928561646
0.4746549761860352
0.4745300230864539
0.4744050699868727
0.47428011688729144
0.47415516378771017
0.4740302106881289
0.4739052575885476
0.47378030448896635
0.4736553513893851
0.47353039828980387
0.4734054451902226
0.4732804920906413
0.47315553899106005
0.4730305858914788
0.47290563279189746
0.47278067969231624
0.47265572659273497
0.4725307734931537
0.47240582039357243
0.47228086729399116
0.47215591419440994
0.47203096109482867
0.4719060079952474
0.47178105489566613
0.47165610179608486
0.4715311486965036
0.4714061955969224
0.4712812424973411
0.46411385990289994
0.45207633949857917
0.4400388190942563
0.4368940176100191
0.43847597663285265
0.44005793565568624
0.4424981462200566
0.44528095102117227
0.44806375582228786
0.4850554310161736
0.5318951143534456
0.5787347976907098
0.5691210062471048
0.5486126845826312
0.5281043629181578
0.5223339093788502
0.5182009967423398
0.5140680841058286
0.5293338450281072
0.545370807039878
0.5601950706073371
0.5246923487358536
0.48918962686437006
0.4580810183258799
0.47409548725504946
0.4901099561842217
0.4997402588185768
0.4723423969430183
0.44494453506745973
0.42819787364159406
0.45180576039837445
0.47541364715515483
0.49081722291722985
0.4841048299109573
0.4773924369046859
0.46878036208844215
0.4563521123088028
0.4439238625291635
0.44011288410665617
0.44954935269586194
0.4589858212850677
0.4653803503271172
0.46814417732901
0.47090800433090274
0.48127219937662197
0.49871855555408867
0.5161649117315554
0.5193946177041232
0.5123046232741473
0.5052146288441702
0.5026705720192968
0.5026705720192968
0.5026705720192968
0.5026705720192968
0.5026705720192968
0.5026705720192968
0.5026705720192968
0.5026705720192968
0.5026705720192968
0.5026705720192968
0.5026705720192968
0.5026705720192968
0.5026705720192968
0.5026705720192968
0.5026705720192968
0.5026705720192968
0.5026705720192968
0.5026705720192968
0.5026705720192968
0.5026705720192968
0.5026705720192968
0.5026705720192968
0.5026705720192968
0.5026705720192968
0.5026705720192968
0.5026705720192968
0.5026705720192968
0.5026705720192968
0.5026705720192968
0.5026705720192968
0.5026705720192968
0.5026705720192968
0.5026705720192968
0.5026705720192968
0.5026705720192968
0.5026705720192968
0.5026705720192968
0.5026705720192968
0.5026705720192968
0.5026705720192968
0.5026705720192968
0.5026705720192968
0.5026705720192968
0.5026705720192968
0.5026705720192968
0.5026705720192968
0.5026705720192968
0.5026705720192968
0.5026705720192968
0.5026705720192968
0.5026705720192968
0.5026705720192968
0.5026705720192968
0.5026705720192968
0.5026705720192968
0.5026705720192968
0.5026705720192968
0.5026705720192968
0.5026705720192968
0.5026705720192968
0.5026705720192968
0.5026705720192968
0.5026705720192968
0.5026705720192968
0.5026705720192968