0.7269684617717256
0.6898316947788958
0.23956984735144127
0.7813283249779392
0.4600488593304476
0.8292759707531839
0.40723510803838414
0.033646592955029475
0.9530430724202218
0.8866148240804006
0.7613537494016952
0.049140447360941475
0.4180321370749426
0.71050930835629
0.369881018364412
0.021661920443266758
0.8975670309269844
0.10354119442592158
0.4839161723109544
0.9986977101240491
0.8584861461193749
0.13180675711597023
0.47258233587267273
0.9023876514067679
0.19496232385874246
0.546557799063283
0.7609308304315221
0.5510468332646986
0.3692534849873679
0.8346964035671123
0.47528691976120174
0.2680014015049097
0.9970951702184092
0.03906678681430531
0.4594315364056957
0.24285425176289288
0.27512907199549086
0.7782225502016185
0.2785154562290254
0.5812364269484752
0.2655213301359053
0.33540729894002963
0.30511717976557906
0.5854872926215787
0.0763157059028936
0.6020611181513575
0.18050084776708675
0.4828865549529856
0.496861844394177
0.884243030863271
0.5712451003337919
0.18667104275270174
0.5124133512629685
0.3007499877417693
0.4145513438578018
0.4400635628331775
0.7915680179500973
0.06556327173338794
0.856055678037243
0.9645717982523266
0.1760367632061578
0.7161905681304461
0.4826490192731139
0.002080717842701141
0.6683933722390575
0.2924373201061894
0.3585243322023778
0.44615575495225956
0.4086272071506163
0.30354699589813094
0.1536151515493659
0.6874753206496017
0.26911654637480087
0.08835007285040475
0.7929849488371711
0.08598318628963952
0.4706404413988474
0.7937740514182886
0.928450293814967
0.6541926748304748
0.40077054010348556
0.49734208299288407
0.5536300266365901
0.5639579511186531
0.9020754255758158
0.5582538547483528
0.08874074511415098
0.9559009828885267
0.4529100193175054
0.4789666658159769
0.6049389303548869
0.8477514575647231
0.23581108875313905
0.5746499559671954
0.3077287096062835
0.8957348443226507
0.5828492734496049
0.6391646263198277
0.1741297921785444
0.45468315961791517
0.9011492683171836
0.16969704113162265
0.4089641279554507
0.6139258367927433
0.8745128443229613
0.9539542698618146
0.8886765812951771
0.5109113063551026
0.11868208943683645
0.907817931637004
0.1527291614889802
0.6247857900929923
0.9061876485055049
0.20885072249736725
0.5289465860984581
0.3529263800116331
0.6803667639089903
0.40547867651347846
0.7714951076728334
0.8910076746957678
0.7501612070288243
0.9376402868091078
0.942261710862352
0.4182816970935719
0.4357033320779895
0.9357747108424178
0.18281861990594162
0.37281020507113494
0.8503674066693372
0.7458884695249713
0.832097682952778
0.6405420010360263
0.20639383823772628
0.08997054527643422
0.8171231594900191
0.5753184623598715
0.5790535635324042
0.7267544223279103
0.7846753375580021
0.3767742129518403
0.9891189081719194
0.6838271955063973
0.6990598382469811
0.2304354290936691
0.28395068827811776
0.872712767307569
0.36173124070464013
0.27388019678070696
0.43091742446851544
0.3314102782898912
0.48248040197072606
0.1537089705387048
0.29420562295173514
0.9660853784672895
0.35708918339159046
0.4592329372634292
0.845051610622178
0.15686361107470648
0.27933928426774635
0.25873433898183895
0.40362040505684005
0.8029654459837078
0.2941174964520268
0.7073284853917522
0.43843129354296695
0.33325336797561833
0.07233156941579444
0.09036713086291537
0.8606245115880895
0.7659236159554458
0.2671691181055553
0.5775196693907345
0.5949261613505915
0.2588247310777777
0.6252174642557904
0.7936748748276353
0.6234235579427776
0.5178238096793748
0.09605437017126595
0.02268952451527073
0.7315657647592946
0.9338405525344227
0.42871190678503224
0.727812079008297
0.42503892293946377
0.7935493937371881
0.533423994712069
0.13970785816182962
0.973808210404328
0.5575451856938816
0.03332411836375715
0.2287936319147208
0.7165975781035554
0.4937799757902511
0.22573344038693033
0.8680470616789158
0.5721472490639373
0.9031285697672211
0.9968173780407448
0.19547307557241678
0.40300818643720304
0.7415306856998088
0.5085396544286007
0.9639914540108407
0.4817290562552756
0.0030943391276307963
0.7862671485022242
0.12938925319592243
0.8654491026359877
0.5436478227260795
0.05437572878346153
0.3128704210867992
0.013897182463570634
0.7671274788448634
0.8301883393623077
0.19251648238202246
0.5412985797875457
0.4802926777113804
0.3670854777232573
0.848980037322246
0.3718847041358567
0.04943653214343258
0.9940773335484846
0.562705176685802
0.943793701281871
0.5260995003690109
0.33346032610507137
0.6336570423033008
0.4666022111366489
0.9404313019882611
0.7254486307488235
0.5165329690748842
0.1301463853872401
0.15049165092770078
0.5231701161441302
0.5681312387909917
0.023887150825819825
0.0892893349765127
0.41643883884005206
0.3939705705165928
0.8183633541573472
0.9944350193524832
0.12166468994196189
0.12996837269644979
0.5786332933095601
0.7165551419425932
0.9337165877035964
0.5414226266003886
0.6032954497727382
0.9774229917090216
0.14919208468377687
0.7068408439210772
0.24216181799892145
0.7223552936673416
0.6254675833928411
0.5695444655705364
0.6290680673178982
0.45474887021058463
0.4929130662777377
0.3221784053633595
0.5656817595387321
0.7995145923094102
0.4966500951164018
0.831862494858396
0.9086262292395885
0.36582843820227295
0.30159515272715187
0.14471853654626243
0.6697856153325913
0.45018032701606103
0.6961621088982207
0.9355904732451543
0.5884218737740591
0.49088706881386146
0.8013669300146958
0.5893475356786605
0.057266576956443216
0.09020589547601987
0.10899005091785297
0.9567634728469053
0.009449186975970858
0.9974564045269855
0.906649318682154
0.6212884892328144
0.33674344106616305
0.3433503665969857
0.352924117919896
0.3051642309055004
0.4240819561203326
0.07139438446526203
0.29721462085993333
0.8898886572389005
0.40011688105496257
0.4933557012200054
0.7093998873961028
0.5065226241051648
0.8882537203019356
0.16914186521674712
0.9729169638030228
0.617111550994848
0.7155366673353091
0.582949005308819
0.3171209032442798
0.882449920984965
0.2052242195375189
0.7491317898514549
0.03140050523239113
0.35101623195357423
0.499459600238913
0.9382802408313672
0.2960746616033594
0.5738668973433636
0.22436212102097353
0.12698335386297666
0.9190866100062248
0.12370559549097859
0.8084254226255245
0.9128566482046783
0.7836863547285631
0.5219686006235139
0.9323185097822221
0.10983658933435714
0.5192927424025765
0.9914852658057763
0.07827509847570946
0.5748165478127575
0.2401432894224549
0.15961248570174336
0.406827433142659
0.5355175351764211
0.7400954187321762
0.7794172004353082
0.07518026193668736
0.31274121063766225
0.8280213827173523
0.3579287538615148
0.9064549667457479
0.03006228377938791
0.17687144839386915
0.5464088191844189
0.33124506025319334
0.5485170833024258
0.261673878345865
0.6126183976550803
0.9047142900284105
0.017548964498895647
0.10448850503644203
0.8442110293809485
0.7401224039068531
0.8429384928680244
0.013258452636668805
0.3449688878962519
0.5438949983542606
0.6307003987268706
0.2549279741386927
0.9270802434129564
0.03151070387806154
0.9326754328835587
0.14138226353167538
0.7759818840780097
0.3325620417284997
0.014070477426708417
0.19654341055888025
0.17931328080670716
0.25235362505310754
0.7924774256244798
0.24306775948594483
0.3599888320974063
0.5514872186256924
0.5798364274139656
0.6342740134465756
0.5969392186431516
0.06395434403491085
0.7834060412056705
0.8786555179047858
0.36875902355131196
0.40622156281430644
0.1372004699463254
0.07590320544467333
0.8084996047295261
0.7451513834650029
0.2938024555930683
0.580224794483805
0.8903095164472776
0.3368494409579953
0.3376038904452755
0.6229622524969197
0.19899697823386442
0.4763979512564521
0.339683386519416
0.3274272563127105
0.646809445783039
0.8799587580402215
0.18100959424865404
0.7591483657114894
0.04966878976196243
0.4860497393985941
0.20498217115593276
0.14531058285567544
0.9149821729633124
0.9608147031351896
0.5520735017743618
0.2744919108392144
0.16107209083662533
0.5885135969498951
0.7288205412974426
0.7812612728432978
0.9044821738785194
0.07020489162589394
0.18801656288444157
0.08535403895896365
0.5758057257174654
0.03195588975642749
0.8837898568215475
0.9653463920475887
0.5534882844238723
0.870372470490758
0.40773723548246554
0.9169392705684855
0.17537409330510523
0.8227198482628818
0.2964253071320033
0.11007937439156124
0.5239636563448484
0.994394988256255
0.17515550371803668
0.4610813526028663
0.15353273398200318
0.8969113346235258
0.5761952902197455
0.5722111913533818
0.6573515557556865
0.2991807699554013
0.9385997868632395
0.9926496482161404
0.3714978116678118
0.7701220387621158
0.3309274967036252
0.1357594269910556
0.5369183986680788
0.9982473451338019
0.9604610342729868
0.3778679979826264
0.5197993114636125
0.40212346090695017
0.9640445453736949
0.6915009833851673
0.3087143547436374
0.46164131426711674
0.2513326574927345
0.7077939024260368
0.28077527792139834
0.43520412458672675
0.7595552243394884
0.5499654980573723
0.6294526420099779
0.12968615253842086
0.44242325359922596
0.4342022385413522
0.43351844996186817
0.9418712289716131
0.9774460007709089
0.8753262247316962
0.14635399370115865
0.9671218019724745
0.8638797323061014
0.5931517287869915
0.7001714597121392
0.9498892733962664
0.0897268873850805
0.4126121828401783
0.8764470396530367
0.6188518282952218
0.7103959524056732
0.7842613514488735
0.5284038230431704
0.014178702309176505
0.7015029879747656
0.08391990861146426
0.9670220625105931
0.3819909846690811
0.676442404730358
0.5398353316772799
0.13150626498993845
0.27247625305925693
0.4065046696152582
0.061364474132535096
0.6862060120357558
0.9527170456236522
0.8579866584429495
0.39677711286778794
0.6919443647041856
0.6267625628309254
0.2468490732911297
0.6212730721108173
0.8189173584911208
0.7482341035686335
0.7601141925213921
0.5039162565139821
0.11239113831013259
0.2925997143844865
0.5107827662716613
0.592001041930446
0.32959352424828325
0.8695379031278517
0.8141988923512402
0.5625476741679744
0.7491944901597714
0.6427251618536723
0.9810766529272823
0.6823836749429992
0.4028012267340507
0.9751805042440688
0.8006028731410445
0.8962777409609277
0.18930925045395874
0.7936784877359047
0.14637720436758161
0.07840524785997127
0.10589696398904413
0.7841625722341524
0.8822754302882218
0.5916894479263541
0.6747842013730082
0.48182517296240923
0.10645299521228113
0.5362637592316593
0.4863809677840508
0.20570129961119743
0.7543886308672265
0.8210589898929421
0.20540306664647978
0.19679373731405458
0.4537792640664239
0.6001876340515141
0.012924355433590828
0.42122915573067643
0.27777804904789294
0.42889206437392857
0.6727950716169366
0.4463247478987916
0.6278602999766749
0.06119687950451258
0.5670489170460007
0.6283279309467484
0.8136775839587159
0.676662957225121
0.07988750882224527
0.6111581739450253
0.8314521339313711
0.09431135164958515
0.1303090565908439
0.23789328708641688
0.00016571983200319718
0.953483755423723
0.15514852555573244
0.6865436957184765
0.7317593096369038
0.4683211757534125
0.01963455453835905
0.7704927392294166
0.8648186806960504
0.4217435666630037
0.21419189225319746
0.6030839777632516
0.06878558232565113
0.2521367238678226
0.23023615410225173
0.6640633062805479
0.0794251258637041
0.010091596163489203
0.41952365918372925
0.467970623643572
0.2886476287105316
0.7238842447780951
0.7533920277961125
0.4253611793866984
0.4727739043619116
0.5159106927801131
0.15579221562486423
0.08215412121899901
0.7641017491678364
0.004094881263885797
0.5772215103069259
0.4506970060576715
0.845421955109746
0.04373470449019645
0.2754644346375469
0.04742116126607576
0.2741716884917005
0.06475380607235615
0.4378879117911276
0.22407751947040577
0.7906278185344601
0.4502566746006279
0.7669006430429319
0.35820253272726865
0.20689093216939147
0.9776610729729112
0.019102025673112255
0.3913186741703065
0.014004447419925459
0.06035306023353293
0.9879009434686219
0.5188697385856236
0.46958738053192817
0.48120806018337847
0.10577715750767547
0.11703463904977818
0.3387022109692691
0.7292510513747522
0.6802622626386411
0.6793651269502522
0.8794501144709554
0.002871537203036012
0.15534626650201244
0.6927174615952574
0.154072743417075
0.6578653309439947
0.5652173771754215
0.7347881351312977
0.8140655951446523
0.6384992059535607
0.48136490391354436
0.2943045444382395
0.6257007882687743
0.9735316346074356
0.2711207515218391
0.37895391148280955
0.7930805482486739
0.6495579253361421
0.09669206577295941
0.816364045453085
0.9096753711486879
0.7468898891053508
0.46840647286474324
0.24713484689910892
0.48065111152470374
0.8166303044323762
0.6821183384837605
0.14621430543605018
0.3270979926458095
0.8978540833613721
0.5788389449164568
0.42963027645836604
0.07208445753372916
0.08261780767574345
0.8264026333445994
0.10072410778002205
0.2107336402450143
0.5438337904898644
0.4197025267526172
0.9551844175453374
0.9084256704615358
0.8316596060028345
0.19338459892823712
0.0212323760027453
0.8263053385123666
0.6865161832071085
0.6063779919915739
0.17375341367231267
0.9497969183994418
0.20277082743104846
0.06226803548919968
0.7392740473118267
0.9871873301526967
0.42719745565175127
0.4253164942045159
0.7678031825289441
0.4513428810695195
0.7512016529866686
0.26194448190225506
0.600223139189705
0.017227288416708175
0.6919280297951758
0.2436220390850119
0.05521312051229199
0.4071658975495981
0.5213929349586661
0.513510200741102
0.9826595678649368
0.34936491295698435
0.2980871572694108
0.24413654727101253
0.8018306299316683
0.5442268714560298
0.700213665926568
0.2599104515883158
0.38059763380260137
0.6550888696795402
0.7644020824405934
0.40289328402653846
0.31862769852763984
0.7424508511415596
0.778494080473272
0.3577567093199767
0.23635109721415426
0.4398033670366217
0.5706592607429418
0.4949615427546181
0.8067087430877475
0.4089784809625209
0.897918391050252
0.7624621210509573
0.5869688813963934
0.7176569602013596
0.19945274162825077
0.3866988347738165
0.5967742325378744
0.5290302614883271
0.24425215255583088
0.45536799787569004
0.7843230400828708
0.4601406276319133
0.21385724985346222
0.12682572842768602
0.20505351331227595
0.39922150608430695
0.4234827080126311
0.1124656915870832
0.9894750947336485
0.032600562073211936
0.3400954270035266
0.10283444781385731
0.3359585145361993
0.6241701550483244
0.1812612800952973
0.061159012175491245
0.14093416422950056
0.39645124886059624
0.7062688448150778
0.42461178174845104
0.42014346145403547
0.15125628154999538
0.08570077345492788
0.9491401715375986
0.193499289833998
0.9333945554069413
0.3279025034905636
0.23319127170626563
0.6211364696815869
0.6221926857077855
0.6457129467868309
0.7413288534905488
0.8685767569441228
0.9306326904298703
0.37532422491501705
0.32173987316303365
0.5955798548240997
0.03661769059557496
0.09813346758267527
0.7159333918591372
0.858308550432367
0.601658246016327
0.9552064064441347
0.42532125710348745
0.577515439710863
0.8077674998982532
0.5454773604328609
0.36703776507894803
0.9968218726681367
0.07949222533798272
0.20748285236276587
0.5818162216656296
0.47449462714445967
0.6279915184693763
0.9612408686314537
0.26420038851537864
0.4568101814075072
0.8083410209027204
0.4591973913333538
0.9415390933246378
0.9106312154852637
0.2197461364626031
0.9049664432794758
0.27706486727649193
0.16485840139161567
0.6951673559035607
0.7521719851413166
0.6665761533551549
0.8872056996399796
0.38176453180785075
0.6242516906524845
0.25944959752482544
0.8680283531957509
0.7991580233158041
0.9248580812198178
0.40671891555608575
0.812867148984139
0.035028529563059574
0.7193126793931449
0.03763839081640041
0.8516338294551477
0.16304416520055653
0.718287483024406
0.09305386846548813
0.47803800242183203
0.9168914003191738
0.5305602992145309
0.9256742901177406
0.42500475933744397
0.7715590548295121
0.8217349282752762
0.9807460954352778
0.9319701382386831
0.8258318839849785
0.1473007872752471
0.894381358408351
0.3579874470936999
0.4194117055379224
0.906329772991357
0.17676011881207254
0.3121700499897656
0.456631442415097
0.7866658199242027
0.7579849244107291
0.2265407370989474
0.8975404924346372
0.21761566229010787
0.850900120155777
0.8626408298968489
0.41571208609969446
0.17029706986017457
0.6042006789468484
0.8966192318327133
0.3786652144095466
0.16964764714400082
0.17343564390224542
0.33278237605644334
0.23573287062328974
0.5471940491792807
0.39252628564029224
0.580108572002326
0.5646317636585876
0.5161761488383981
0.18257190215496844
0.9573444074066103
0.728484298101657
0.16153664475502172
0.563932522290582
0.9184595063879069
0.6162113451724568
0.2711633333753658
0.15919830429108994
0.7306985928200251
0.5640092271505782
0.8168345075979221
0.7561960222847582
0.666805740555705
0.10612691593672463
0.7162299883199822
0.7442805251567569
0.6660181620174599
0.27244538594224443
0.8366202408729809
0.8512873274880801
0.6577069735883215
0.8351508913859307
0.5007700180098886
0.20053282891499113
0.7310730704033311
0.4389224166193355
0.8333907665312671
0.5925490918606551
0.10293911710789494
0.11460972823017734
0.566825088597078
0.9674098746171429
0.8267802201342028
0.16991422206377227
0.09506295564601397
0.7583955941513654
0.5855027164161049
0.12414066847916916
0.5256798495284126
0.5476721504516435
0.313651560899621
0.900837310964867
0.33020383781067797
0.854614499543959
0.42965939834069944
0.08395601183168055
0.6840643619580193
0.3820000869942699
0.37508729903973925
0.19182399320433918
0.9020336752035465
0.01268237859385779
0.6165291684592283
0.898569858349393
0.4126592679367045
0.15862238185520627
0.3453815882114265
0.004861903659152955
0.12348839259011324
0.7907799878282629
0.6114306872484081
0.22066857955835373
0.6955135015393062
0.8092069325636808
0.5919691699701318
0.6876571289052453
0.8554792725819879
0.3521303306311464
0.6350745199577457
0.8273242322250001
0.012659654031219936
0.43378172151421934
0.21474860002249208
0.509182278325436
0.5516439345686648
0.321949098496326
0.5680022766496594
0.1820946365261361
0.7495342421132956
0.6501499129414678
0.031504718609468796
0.2217402670586529
0.09516333943036892
0.08079851319686115
0.6006685927065994
0.018849792701892354
0.4299386354796456
0.23520006834844653
0.2872608918270514
0.9214604251100865
0.8037599950691456
0.6363192586691112
0.8736944913616491
0.024344386345017455
0.24573533143346382
0.13355798893847026
0.656556998337147
0.42701939595838834
0.6715381323177437
0.84349890125547
0.7689436398296235
0.8002846997018993
0.7915383082597807
0.456050410023058
0.13948336079811186
0.19657511251198168
0.8163287320823017
0.7139751989466399
0.5343530396219528
0.1898400026716811
0.2632750852929384
0.8884354675204106
0.17173431142435303
0.353015852805206
0.852152318364254
0.8782195601976588
0.14732917859917927
0.9891915415018953
0.9155736913436492
0.5223601329387118
0.1975193135421146
0.7080998114159399
0.9895780010435792
0.780482655281094
0.7202690286982664
0.5941742578659828
0.09258100476785514
0.4345541322759049
0.11306732004083575
0.8718110541638628
0.3424076142194653
0.3888967804244381
0.4133057368153711
0.17626402336750213
0.11776138184183516
0.5567701667733299
0.2278555984453381
0.04953940953299585
0.10751268462480801
0.38630275218734533
0.7876937703095244
0.5869991405620912
0.2771388797689891
0.9058657368088741
0.7545539589868955
0.42482293183064834
0.8462876648042881
0.4646279145767487
0.7665484767022062
0.9929292499557878
0.009653421705450915
0.7853226948638452
0.3206005951347076
0.18016653230830904
0.29932561675881464
0.4385903531282659
0.5506565135329818
0.8021439055732102
0.9768314058377499
0.2802295135397115
0.7014942469217619
0.9421844299334055
0.6285834210098691
0.8706585432403154
