0.5298913043478249
0.5298913043478249
0.5298913043478249
0.5298913043478249
0.5298913043478249
0.5298913043478249
0.5298913043478249
0.5298913043478249
0.5298913043478249
0.5298913043478249
0.5298913043478249
0.5298913043478249
0.5298913043478249
0.5298913043478249
0.5298913043478249
0.5298913043478249
0.5298913043478249
0.5298913043478249
0.5298913043478249
0.5298913043478249
0.5298913043478249
0.5298913043478249
0.5298913043478249
0.5298913043478249
0.5298913043478249
0.5298913043478249
0.5298913043478249
0.5034474842010779
0.458177405266729
0.4270828659772226
0.4594052145725377
0.49172756316785293
0.47636399385220896
0.44764836752149645
0.4329841428089746
0.4412646118780554
0.4495450809471362
0.4489381944299898
0.44813478162223885
0.4455835224679579
0.4417505093262215
0.4476069063084207
0.4989902577085642
0.5503736091087077
0.5280848346651704
0.48428929056540343
0.4520970414041672
0.43944324372006915
0.4267894460359711
0.42835760997555383
0.4303482084188103
0.42654222148209764
0.418358222802708
0.40842176935811825
0.3898231823598252
0.3712245953615323
0.3507087405040936
0.3296098919716169
0.32986905020528057
0.36722369387487236
0.4045783375444638
0.40733061541806875
0.40878854045641216
0.4144336521018135
0.4233354644415932
0.42988269777466376
0.4241650344906972
0.41844737120673065
0.422718361377358
0.4301503178310847
0.4389355379488263
0.4501457338940305
0.46135592983923485
0.44217022939661094
0.4216098401726281
0.41274403837209944
0.4132440316942509
0.4134106393082622
0.41174362552750277
0.4100766117467433
0.4110364149989266
0.4128606340798418
0.40852969209759815
0.39281591801225213
0.37710214392690616
0.4029222215420277
0.4309504279817311
0.441022680492113
0.4362891464291951
0.4309818337110567
0.42233531734368407
0.41368880097631144
0.4053840405444646
0.3971961385937973
0.404320419226723
0.4406770484283267
0.47703367762993043
0.4506305866726603
0.4203850638689293
0.4088307046031171
0.41314306638505016
0.41802033731779314
0.4263844612848454
0.4347485852518975
0.43456516080241625
0.4313469390324066
0.42593984021442827
0.41621752664474015
0.40649521307505204
0.40554896629072007
0.4052118552472739
0.42022295569471657
0.448646457174738
0.46726696086035024
0.4215441517499335
0.3758213426395175
0.3854219020436764
0.4154047551111006
0.4324357634911414
0.4230903874348321
0.41374501137852304
0.39963743919252837
0.38515974813635084
0.3810284743058709
0.38620425158709143
0.3875275109020534
0.3618831444532073
0.33623877800436075
0.3448155939351407
0.36646694798438284
0.38367046448798187
0.3915136064552276
0.39935674842247343
0.3907794935261007
0.3807874263673273
0.37436287352952285
0.37124157469261554
0.36993138044863905
0.3821859899925328
0.3944405995364265
0.40357483355956275
0.4114734826449493
0.40818698570589357
0.38056639245411905
0.3529457992023445
0.38067628931613606
0.4136505662750867
0.42001966046506184
0.40103264149962914
0.3842587621816581
0.38528622350631686
0.38631368483097567
0.3857569496712318
0.3845504254450042
0.3981961721786005
0.4452595285718025
0.492322884965003
0.4860993685381609
0.4743634169920035
0.461617061062502
0.44787954654743356
0.4348149164357492
0.4275871673115555
0.42035941818736156
0.4108713930546494
0.40042352468544284
0.3861705667077465
0.36305936012148526
0.33994815353522323
0.3354740409874223
0.33309286413377986
0.34014811343126117
0.3567309620793943
0.3728061661224471
0.3841095108777495
0.3954128556330524
0.4017614952410398
0.4059328076735637
0.41049246276429635
0.41598795999858157
0.42148345723286695
0.40810941320573885
0.3924466108045844
0.38850503831462474
0.396744351810808
0.4051365014512976
0.41509418889427285
0.4250518763372484
0.43162212929560795
0.4366526393064152
0.43817554719537705
0.4309441876037674
0.4237128280121575
0.44602387043782193
0.4721882696483489
0.4936009165585208
0.5099308433464232
0.5250130043669577
0.5260761500011759
0.5271392956353942
0.5146800297166473
0.4958657081917367
0.4879920044475754
0.5084130018605256
0.5288339992734765
0.5360369435717315
0.5413929818183444
0.5342909103943313
0.5134723343834676
0.4949694627137817
0.5052261449587298
0.5154828272036781
0.5185685203914087
0.518171161751348
0.5203350203601902
0.5293665676983909
0.5383981150365917
0.5299134570001081
0.5188158843497213
0.5133869581762519
0.514382498009956
0.5161690676200413
0.5289170498456947
0.541665032071348
0.5442961696852748
0.5418506235409702
0.5427161134225716
0.5527923035216933
0.5628684936208151
0.5600760581798434
0.555240414784038
0.5472697813447783
0.5356416595214895
0.5242520318578633
0.5165924528513695
0.5089328738448756
0.4981128731331174
0.48565498963979925
0.4800798488694393
0.4943810398878092
0.5086822309061791
0.49856378621438935
0.484329672582685
0.4768581081081081
0.4775087587587587
0.47888924376854075
0.49334039866459034
0.5077915535606394
0.5023797563211327
0.48634018026370884
0.48211242002055144
0.5133201072201925
0.5445277944198337
0.5364706461419583
0.5214058926655456
0.5277635925983836
0.5606114230910465
0.590825862399066
0.5660162859016177
0.5412067094041701
0.5380751931755945
0.5469151430656499
0.5534595497002659
0.5528445887560355
0.5522296278118052
0.556223589180651
0.5610866616142481
0.5604718498168803
0.552882464107956
0.5457619568560533
0.5503634110296926
0.5549648652033317
0.5441296137711986
0.5244983527297394
0.5108008607782616
0.5163578440371326
0.5219148272960035
0.5226167469991738
0.5223532506062537
0.5220897542133336
0.5218262578204135
0.5215627614274932
0.5212992650345731
0.521035768641653
0.5207722722487329
0.5205087758558128
0.5202452794628927
0.5199817830699726
0.5197182866770523
0.5194547902841322
0.5191912938912121
0.518927797498292
0.5186643011053719
0.5184008047124518
0.5181373083195316
0.5178738119266115
0.5176103155336914
0.5173468191407713
0.5170833227478512
0.5168198263549311
0.516556329962011
0.5162928335690908
0.5160293371761707
0.5157658407832506
0.5155023443903305
0.5152388479974103
0.5149753516044902
0.51471185521157
0.5144483588186498
0.5141848624257297
0.5139213660328096
0.5136578696398895
0.5133943732469693
0.5131308768540492
0.5128673804611291
0.512603884068209
0.5123403876752889
0.5120768912823688
0.5118133948894487
0.5115498984965285
0.5112864021036084
0.5110229057106883
0.5107594093177682
0.5104959129248481
0.510232416531928
0.5099689201390077
0.5097054237460876
0.5094419273531675
0.5091784309602474
0.5089149345673273
0.5086514381744071
0.5083879417814869
0.5081244453885668
0.5078609489956467
0.5075974526027266
0.5073339562098065
0.5070704598168864
0.5068069634239663
0.5065434670310461
0.506279970638126
0.5060164742452059
0.5057529778522858
0.5054894814593657
0.5052259850664456
0.5049624886735254
0.5046989922806052
0.5044354958876851
0.504171999494765
0.5039085031018449
0.5036450067089248
0.5033815103160046
0.5031180139230845
0.5028545175301644
0.5025910211372443
0.5023275247443241
0.502064028351404
0.5018005319584838
0.5015370355655637
0.5012735391726436
0.5010100427797235
0.5007465463868034
0.5004830499938833
0.5002195536009632
0.49995605720804304
0.49969256081512287
0.49942906442220275
0.49916556802928264
0.4989020716363625
0.4986385752434424
0.4983750788505223
0.4981115824576022
0.497848086064682
0.4975845896717619
0.4973210932788418
0.4970575968859216
0.4967941004930015
0.4965306041000814
0.49626710770716126
0.49600361131424114
0.49574011492132103
0.4954766185284009
0.49521312213548074
0.49494962574256063
0.49468612934964046
0.49442263295672034
0.4941591365638002
0.4938956401708801
0.49363214377796
0.4933686473850399
0.49310515099211977
0.49284165459919965
0.4925781582062795
0.49231466181335937
0.49205116542043925
0.49178766902751914
0.491524172634599
0.4912606762416789
0.4909971798487588
0.4907336834558386
0.4904701870629185
0.4902066906699984
0.4899431942770782
0.4896796978841581
0.489416201491238
0.4891527050983179
0.48888920870539776
0.48862571231247764
0.48836221591955753
0.48809871952663736
0.48783522313371724
0.48757172674079713
0.48730823034787696
0.48704473395495684
0.48678123756203673
0.4865177411691166
0.4862542447761965
0.5087283567991151
0.5497698608471986
0.5869097742440118
0.6017728635997199
0.6166359529554282
0.5954910711891322
0.5621891573719956
0.5424310856613983
0.5482558268187021
0.5540805679760059
0.5556165081996213
0.556901449895311
0.5318060925923631
0.4845326078126864
0.4474671107295519
0.47216859004753575
0.4968700693655213
0.5172080512393241
0.5360159755677649
0.5459220445400322
0.5384663388814637
0.5310106332228948
0.5400196442500869
0.5501263030563293
0.5557756136085085
0.5575672191695028
0.5583349104481533
0.5525202956260225
0.5467056808038917
0.5467535470418865
0.5489349719607797
0.5476821019260876
0.5395108695935937
0.5313396372610998
0.5550066300986786
0.5810594330911211
0.5763932729568807
0.5443593093097765
0.5188006830932751
0.5375920094675092
0.5563833358417445
0.5345801055736938
0.4974531022684912
0.48735058826924615
0.5334990483068481
0.5796475083444533
0.5932164457579024
0.6040704229526731
0.6019655560118798
0.587976772098841
0.5750145857475069
0.5695670935478573
0.5641196013482077
0.5570265756189748
0.5492896454651224
0.5436375360158331
0.5424709499006051
0.541304363785377
0.5473495799228943
0.5540572975796927
0.5649577361467966
0.5798157897787668
0.5898760711964226
0.5622687367187146
0.5346614022410067
0.5415073824693432
0.5623209227136443
0.5803104121068613
0.5920169356530922
0.6037234591993232
0.6053277661327289
0.6059165063166966
0.6110214255462535
0.6205141016684443
0.6276972960695494
0.6153548722832843
0.6030124484970202
0.6026057033623237
0.6072094990950089
0.6093520481594813
0.605829823146321
0.6023075981331605
0.5974144021271076
0.5923713132924985
0.5987993703446615
0.6166985732835959
0.628585425350574
0.5854812633447818
0.5423771013389895
0.5225425736289699
0.5128183008198749
0.5103100909683423
0.5249913644222233
0.5396726378761041
0.5193879679878782
0.4949675413602638
0.49472494587804655
0.5193678253796282
0.5440993755316657
0.5697129653119241
0.5953265550921806
0.5820361819780426
0.5512593586430796
0.5301557336545284
0.5329126645871298
0.535669595519731
0.5524151496378403
0.5709424525085752
0.5822456738068531
0.5858956601719333
0.5880626049439293
0.5740855826597835
0.5601085603756377
0.5601954496186952
0.5668190864729891
0.5748385498940606
0.5864251256524536
0.5980117014108466
0.5967893630280156
0.593817172986547
0.6046176006634666
0.6304364104755126
0.6516228768656112
0.617221222192318
0.5828195675190272
0.5883134326667168
0.61297418456114
0.6287082598739179
0.6207944726633864
0.6128806854528553
0.6162023930621434
0.6211645448186777
0.6394939956862671
0.6728275578009628
0.7008323169688488
0.6577251195707288
0.6146179221726088
0.6018509052234247
0.6041448411589657
0.6129375625113418
0.639587306855922
0.6662370512005021
0.6334372865792118
0.591389820563226
0.566424291344313
0.5611959222588015
0.5557436593614153
0.5469329892859087
0.5381223192104014
0.5300539383265797
0.5223661493555853
0.5239098683971648
0.551780480659791
0.579651092922419
0.6038988658878596
0.6275479063083872
0.6323456813042598
0.6147203721634347
0.5984637721624512
0.6055942457248235
0.6127247192871957
0.6017436252275113
0.5811740541914419
0.5700473138873321
0.5868893388940678
0.6037313639008035
0.6007829804132789
0.5943684801838208
0.5871132425921028
0.5788284389257452
0.5707754836307533
0.5673131260888018
0.56385076854685
0.5680975515614225
0.5765571362927568
0.5821678814890916
0.5790086696855246
0.5758494578819573
0.5724753194568545
0.5690613798055413
0.5711541215669895
0.5801900703271374
0.5869724372949464
0.540861913960224
0.49475139062550144
0.5178264170709662
0.5799158512872153
0.6268636611083794
0.6253276837250669
0.6237917063417543
0.6222557289584418
0.6207197515751293
0.6191837741918167
0.6176477968085041
0.6161118194251916
0.6145758420418791
0.6130398646585664
0.6024999264773078
0.5867219426607427
0.5720516459161952
0.5610736394117102
0.5500956329072237
0.5386576358305577
0.5271249740274413
0.5085566139530833
0.4805809719205533
0.45447761010534227
0.49730820174603324
0.5401387933867301
0.5564947626829932
0.5569659585725975
0.5592118869365694
0.567621671098613
0.5760314552606577
0.5641603835947866
0.5479010565743396
0.547360028220556
0.5684653426020061
0.5885463473579834
0.5563875612146698
0.5242287750713606
0.5090182441918563
0.5042932097596127
0.5000661910212839
0.49764309579647154
0.49522000057165955
0.4793269920392548
0.460374445675924
0.46383621217276444
0.49909502714566967
0.5337211041759331
0.5163361223212695
0.49895114046660827
0.5109716977221417
0.5417469688983554
0.5597431045777351
0.5294135439530002
0.4990839833282695
0.49833560895034523
0.5046303741549976
0.5078061591747716
0.5064234346935707
0.5049921366531698
0.49350611185817317
0.48202008706317656
0.4886946744764153
0.5073075129428777
0.5211432150109631
0.51609785417118
0.511052493331397
0.4994360558090256
0.4861817823567579
0.47788665223047183
0.4770601114505421
0.47623357067061234
0.4720548700580704
0.46786809195195544
0.4615412503586859
0.4537646883386355
0.45113054815318065
0.46976444888858293
0.4883983496239877
0.5078292989352371
0.5274679639359463
0.5315131695739684
0.5113550303116233
0.49119689104927533
0.46484380137348225
0.43843056654804774
0.4247665746864311
0.4200010340362987
0.4206834884586808
0.4449739215286298
0.46926435459857546
0.4786558646700154
0.4839923161883433
0.4799029012827685
0.46073210009894694
0.441561298915128
0.4665427850845832
0.49227993387377433
0.48037331455157356
0.4414005148517542
0.41766844983932305
0.4632309252055399
0.5087934005717504
0.5186306898263406
0.5183237904319479
0.5014755916789883
0.457339516914119
0.41320344214925586
0.47018317310955027
0.5296534411566776
0.5539883965418095
0.5523026392023749
0.5506168818629404
0.5489311245235058
0.5472453671840711
0.5455596098446367
0.543873852505202
0.5421880951657676
0.540502337826333
0.5388165804868982
0.5371308231474639
0.5354450658080291
0.5337593084685947
0.53207355112916
0.5303877937897253
0.5287020364502909
0.5270162791108562
0.5253305217714218
0.5236447644319872
0.5219590070925525
0.5202732497531181
0.5185874924136833
0.5169017350742489
0.5152159777348142
0.5135302203953795
0.5118444630559451
0.5101587057165105
0.508472948377076
0.5067871910376414
0.5051014336982067
0.5034156763587723
0.5017299190193376
0.5000441616799032
0.4983584043404685
0.49667264700103386
0.4949868896615994
0.49330113232216477
0.49161537498273034
0.4899296176432957
0.488243860303861
0.4865581029644266
0.48487234562499193
0.4831865882855573
0.48573544758490145
0.49619865936086055
0.5066618711368183
0.49387707845927176
0.4797941738579242
0.48312998934637047
0.5009686158346887
0.5128792347339354
0.4896170086046915
0.4663547824754476
0.4848909196758366
0.5179009237897236
0.5337920208993094
0.516650860831584
0.4995097007638586
0.5143464937137616
0.5312279128156872
0.5260809049980817
0.5020523883923047
0.4807967641860759
0.47700549737348635
0.47321423056089623
0.4900455639449147
0.5142902503407889
0.5308341359985701
0.5320318216243264
0.5332295072500828
0.5014928655055557
0.46737951972399383
0.46281343514284845
0.48431846338559476
0.5021915590959566
0.49571725523735477
0.48924295137875207
0.4934043646733339
0.5015322335398941
0.5080529798318856
0.5112649443527038
0.5144769088735224
0.49305971775474206
0.46965939981823085
0.4704111568452344
0.493099202141853
0.5094541573898644
0.48048405640761926
0.45151395542537814
0.431356663889264
0.4146069920056566
0.4055562303315292
0.41288736030615225
0.4202184902807743
0.4223229065668039
0.42396211796955513
0.4343296423944051
0.4528571245747997
0.46573663016476435
0.4353149818947679
0.4048933336247756
0.400342822033406
0.40615818675435084
0.4167670890214352
0.43792177389003195
0.4590764587586258
0.450707991361312
0.439457316486849
0.43779672313644075
0.44536432144125476
0.45024455829297494
0.4329689929425131
0.4156934275920513
0.4102284392458543
0.40966443863611957
0.4102734693514229
0.4135518390662231
0.4168302087810234
0.43829349649863525
0.46169134996122974
0.4612965080380487
0.4373366520246563
0.41524816708318046
0.40982379597260565
0.40439942486203007
0.39963924302329934
0.39516436585460574
0.40154697499055675
0.4334972131664728
0.4654474513423931
0.4659957704485602
0.4629240291793946
0.4562558146919736
0.4459212925548766
0.43668319021249624
0.4380438125523902
0.43940443489228403
0.4376685878851563
0.43455653227935254
0.4345511011768308
0.44211967196247776
0.4496882427481237
0.46778042003181497
0.48718093758282827
0.48403829147587
0.4572419810381281
0.43450442776676906
0.45460931125165027
0.4747141947365288
0.4813485184044959
0.4817911110688977
0.48211792894209105
0.48215236641036824
0.48218680387864543
0.47620800778414624
0.46942635489243667
0.4621218025857481
0.45425251891088003
0.4488351649013077
0.47187505518896733
0.49491494547662696
0.5030206133086139
0.5040298775623757
0.4977715199710297
0.47249095215900333
0.44721038434697696
0.4619447079475627
0.48239544460709355
0.4854880947982477
0.4692841920118653
0.45483060989162105
0.46289782034234134
0.47096503079306273
0.4510863296848982
0.41748508419118274
0.3975608624911253
0.41475999108813244
0.4319591196851419
0.4503716534740736
0.46896905509003234
0.47138246116408633
0.4552760372881288
0.43766713993934075
0.3984114951487013
0.3591558503580564
0.35737871867717447
0.3746124269795032
0.3926522483480577
0.41296249826092674
0.4332727481737986
0.41129507977944624
0.3824662961286195
0.36726166193241655
0.368106418455017
0.3692575476947742
0.37541276464809215
0.38156798160140926
0.4012403702092917
0.427993182064804
0.4398519440972544
0.4081526358924541
0.3764533276876581
0.3769072757163261
0.3828861494639863
0.3883495966689102
0.3931879521092408
0.39816942494820046
0.40584286790424695
0.4135163108602934
0.40778527702628864
0.3948058964835892
0.3905326204522965
0.4127157591013001
0.4348988977503037
0.4319354294304185
0.42439985075255454
0.42831573166783254
0.4465304621291441
0.46366862304281364
0.4570026350697609
0.45033664709670723
0.44367065912365444
0.43700467115060077
0.43033868317754703
0.4236726952044943
0.4170067072314406
0.4075791043495724
0.3976213347087039
0.3998138036242606
0.4176280078266457
0.4342159493977052
0.4180218032912806
0.4018276571848538
0.4026571518080102
0.4132881365481973
0.41985503485055586
0.4130565354862379
0.406258036121919
0.42544871437431103
0.4498973187341267
0.4612307105584442
0.45519926790838294
0.4496091762971261
0.45887790299231757
0.4681466296875078
0.44721305269712475
0.40834324171722813
0.37951763721263976
0.38509878254902397
0.3906799278854074
0.4135844584784781
0.44017589030693394
0.441556620520675
0.40855912125979493
0.37683448626958627
0.40267160218631715
0.4285087181030445
0.4268427124157062
0.4083337097770352
0.40041986439840016
0.43034586637703687
0.4602718683556696
0.4739616191098245
0.4840220901785055
0.48263623555068996
0.46517259396189836
0.44858352737465745
0.49175708589352835
0.5349306444123992
0.5376550419305259
0.5148409495619091
0.49843526696550405
0.5059154753382501
0.5133956837109961
0.5386640933128484
0.5681024373274624
0.5725014080436047
0.5406669326925571
0.508917632389609
0.4888940970422496
0.4688705616948876
0.4606762047592712
0.4601802020281234
0.4609944684490823
0.46691107709765584
0.47282768574623013
0.4643446142367172
0.45232629190995116
0.45431791382254805
0.4771986142716787
0.5000793147208125