0.37932484382508436
0.41431248328306375
0.44251790010048264
0.43425889636806464
0.4221212674451263
0.4014962939876375
0.40043924637375344
0.4214057074544363
0.4256429546436687
0.41994108063856866
0.4301720198459325
0.44478916880825703
0.45095117235536936
0.45729388242409214
0.4701986537167024
0.4726943788258249
0.4447172440934326
0.4412310935572538
0.47277913117619697
0.47189981015885346
0.4463841192684871
0.4318935411985642
0.4215829677348654
0.41174974423191063
0.40409044161333146
0.4487794306974907
0.48151765111422606
0.46509987965363186
0.46585265354422334
0.4981596756979884
0.49532477878291536
0.4586212207362809
0.4477810353529632
0.4499083581470979
0.4606627307493741
0.47327404680811136
0.4647362615168649
0.4592586151434445
0.47590507361913237
0.47789547438517405
0.44458228959904955
0.4328155654135533
0.44736378081407047
0.46867888892639015
0.49437499444787064
0.5511976718734664
0.6176440237041998
0.5679467014550242
0.5152571737710483
0.5460934470573598
0.5585646528850015
0.5110240241036021
0.4759699240904846
0.46035240187705073
0.4673229646688196
0.4929267962359241
0.49145897085570867
0.47865223157085657
0.4744852639586397
0.4704945082391151
0.40206090406772127
0.3529766418373772
0.39493612537175526
0.41619159280554946
0.3958089834148361
0.38931519062258824
0.3973391419728874
0.4093235942911014
0.423480664283143
0.4462347169602507
0.47110342974609853
0.45621531218643957
0.4378035033452773
0.40538914425332384
0.39171163978168666
0.42791468071819017
0.44946114877489446
0.45157035923564126
0.4536795696963881
0.4557887801571349
0.4578979906178817
0.4600072010786285
0.4621164115393753
0.4642256220001222
0.466334832460869
0.46844404292161584
0.47055325338236265
0.47266246384310945
0.47477167430385625
0.47688088476460305
0.47899009522534985
0.4810993056860967
0.48320851614684357
0.48531772660759037
0.4874269370683372
0.48953614752908403
0.49164535798983083
0.49375456845057764
0.49586377891132444
0.49797298937207124
0.5000821998328181
0.502191410293565
0.5043006207543117
0.5064098312150586
0.5085190416758053
0.5106282521365522
0.512737462597299
0.5148466730580458
0.5169558835187926
0.5190650939795395
0.5211743044402863
0.5232835149010331
0.5253927253617798
0.5275019358225267
0.5296111462832735
0.5317203567440204
0.5338295672047672
0.535938777665514
0.5380479881262609
0.5401571985870076
0.5312717969710612
0.476627866997833
0.43513115573849787
0.4179913970438518
0.43229920037260544
0.47713972755680495
0.48087233743411034
0.4638226113395962
0.45146704092574225
0.44013469096362784
0.4377501068549227
0.4346891865377242
0.4259814603903852
0.4167336923322337
0.4061734173516019
0.3409726069407631
0.2085392035520171
0.17888292704469153
0.21628245892951792
0.25368199081434334
0.2910815226991697
0.3284810545839951
0.36588058646882154
0.40328011835364697
0.42906443596848837
0.4165001096443302
0.40406662633441526
0.39183839912741175
0.3951741453828166
0.41144481552927736
0.4107176922473017
0.40280777436695775
0.4279325939301286
0.4580766878001463
0.46640537142320576
0.46725270444498357
0.43244423885639616
0.41106002916192264
0.41689931047059564
0.4288780034627405
0.4473216830003604
0.4376003167015638
0.41230343794881824
0.4047264601884015
0.40155904304358775
0.4143417244141309
0.4241187374662107
0.40515371623694163
0.3977808919798637
0.4215571684303755
0.44389705968868787
0.46431764314707813
0.4754293007777198
0.4799336766694226
0.4710263918496023
0.4574483794188039
0.40636607740122105
0.35542266190196165
0.37913710504669484
0.4007034877573331
0.41429402868224213
0.42023938918607917
0.4131114911698825
0.4032915813231722
0.3910441380012269
0.3787966946792819
0.36654925135733657
0.3909088351917806
0.4222680044385458
0.429361037123971
0.4353877093498577
0.4360142970122019
0.43664088467454615
0.4372674723368904
0.43789405999923464
0.4385206476615789
0.43194420519390386
0.42102037176018137
0.420400107565602
0.42267848341702274
0.4409661704701726
0.46032534685572224
0.4796845232412719
0.492663536093451
0.486595884279833
0.4816210374677178
0.4782334775582374
0.4464714146904493
0.3928257482338987
0.40098836729287757
0.4330206822926359
0.4132399212293049
0.38653407303835824
0.3669597119438326
0.355756405520037
0.37980811780566365
0.40312612396479636
0.4250737689458737
0.42972211961635715
0.417449992639982
0.4050858793689589
0.39267487614829677
0.3861537988414024
0.38093275022718676
0.3594299216608474
0.34514765840416667
0.3806115311600847
0.401495535522286
0.3866263594285554
0.3968304461347054
0.4381170900307903
0.43913478025957403
0.4136759413187242
0.407214895261073
0.40674829841414056
0.38985044173253763
0.37503274307964185
0.4049921624790505
0.43106839483199944
0.44419031519795843
0.4547642182331049
0.4613098272023955
0.45547218860494904
0.4392662037397591
0.4401423291276695
0.44830082783400627
0.42682269428902386
0.4008535769452007
0.4026916794454374
0.4049366109568122
0.40914569543593954
0.4054251232945966
0.3854888488507172
0.3850813954980625
0.40539082839807405
0.40318993443993423
0.3884401801068459
0.38327601922812166
0.3805248599349071
0.38566665433247377
0.3911607044816642
0.3965487694785236
0.40115176524782253
0.4036253951670258
0.4098546850419031
0.42114029632896527
0.3908235450052373
0.33075320523201956
0.35353471005129244
0.40544865897914795
0.4095803414555923
0.4088784953377439
0.4200684662019047
0.4252731390140324
0.40800669282378477
0.40090814453626883
0.4113351690157732
0.4096620674559094
0.3969965978743655
0.4037295741355049
0.41955721470771334
0.41817440152147695
0.41345564135122526
0.4112214135170141
0.4120057246862796
0.4296457285542709
0.440843049627093
0.4375732686149547
0.4329947440660339
0.4269101257644662
0.41406537330052595
0.39710837305235414
0.38777391626466196
0.38060700738042424
0.39620221792621413
0.41338736824207273
0.4307554471346646
0.4412342489236517
0.4309431560373248
0.4178453457625204
0.40063952185549073
0.4071357365256096
0.43204960084420363
0.42421904201868854
0.40362655417290516
0.4092199593159723
0.41828084786405645
0.4207595479274818
0.42188944575318343
0.4172705651093637
0.41793716906562
0.42855622806670157
0.41809073486108367
0.38684962061662986
0.3728818584535998
0.36779202026537844
0.3769214085143258
0.38922845684742624
0.39410513036886713
0.3971519281741459
0.3893666666379554
0.3853477632106567
0.3906481817707444
0.38647436128663126
0.3704675700460671
0.3653957722724009
0.3675692462436735
0.3824541310083286
0.40139058466333294
0.418614281150149
0.4326475428618833
0.40758106223449164
0.38873536461690494
0.3908597258549489
0.3834865745637987
0.3609810229270898
0.36399039714956083
0.38852256597433477
0.3948860512046984
0.3934355643350905
0.41644454565343003
0.4427577379283001
0.40735409534047795
0.3757190838954693
0.3625175943446588
0.36134489345313
0.38497732171774435
0.39595964344470236
0.393422767345155
0.4278640150795915
0.4830854764959467
0.47257869257642554
0.44533554989082086
0.5191197701028321
0.5826687434659001
0.5247495728511629
0.47656089735927565
0.45501364644513353
0.43647085358578286
0.4220036733920632
0.417557586250885
0.42033304870630167
0.40889757756941975
0.39241722500727166
0.4113715165361772
0.43290728181973476
0.42538350289984106
0.40839803210693243
0.3554916249111625
0.3426811887564813
0.3995324396630868
0.44177413719421194
0.4706452540742786
0.47397720676625427
0.4652335763910349
0.3712412915108606
0.2605003747301521
0.2966275855880505
0.3338467527852671
0.3710659199824856
0.40828508717970413
0.4455042543769226
0.42927115515682307
0.35106750005050474
0.34494936431703693
0.3830265172466891
0.39452007640678405
0.39837322025543853
0.40324695532794713
0.40750469337439355
0.4048341891376905
0.4014772555970556
0.39603029850414984
0.3948252323360708
0.39987647104798774
0.3951635980190942
0.3828064532983826
0.3889413644582488
0.4023495006816854
0.4008061230499628
0.3964896832720023
0.3727754437345056
0.35959603228426124
0.3918609772888358
0.41405281505754266
0.41712190914318553
0.41679420529631495
0.4130946799723167
0.4039397840214452
0.3919578752807375
0.37844664774148284
0.36458942047404924
0.3735529094467964
0.3803569131342878
0.3682200201349762
0.3676001445934653
0.3957356610272429
0.41191252158252195
0.4130414068240234
0.41792324587365626
0.42531090331210336
0.42458728725791706
0.4212522368109803
0.4139700465025918
0.4058669214287857
0.391846361148267
0.37989907157713904
0.37501438710548074
0.3791688153684558
0.397837972734161
0.397094345551149
0.3798531642635948
0.38646518084955106
0.4034262039203096
0.38937533804788155
0.3705270827313145
0.3958144940229403
0.412143625771429
0.3840751303335979
0.3711597439946614
0.38975593680456455
0.40298646295510654
0.4104401602501675
0.3909045846248096
0.3560802879231432
0.36659415719693805
0.388784445086222
0.3843353544379447
0.3817676874689968
0.40559079623342775
0.4174016526376195
0.3960119782128192
0.3868039540358438
0.39424595836354065
0.4033967096357169
0.41378820709687764
0.41413720941597476
0.4108870217468127
0.3747269513316507
0.33774388201685285
0.36028617939166135
0.38369015306207044
0.41040234822451305
0.42416939704050616
0.41526601189951934
0.3940126692844697
0.36137284105503475
0.3704306817970858
0.399371607198566
0.40731090310981605
0.41106845863584374
0.378889906232289
0.3601193520920136
0.4207123065748417
0.45520141713137907
0.43004719944420033
0.4190944123233487
0.4247288961039678
0.42040251151704927
0.4099212022970554
0.40376766808720255
0.3988712494755338
0.39344520985394693
0.38939920824167806
0.39995545477313843
0.40337275905403486
0.38483647400800786
0.38381452411996203
0.4088230540079971
0.408868478896426
0.389223533834675
0.3937941118939933
0.40797600583126514
0.40905831711305585
0.4084294640121055
0.4143679968520881
0.4116068957438763
0.3708602642282048
0.36727194477169145
0.4348038354929049
0.46034524473299887
0.4438961724919575
0.43502535806371134
0.43011397047024075
0.45356614285943303
0.4835142779657435
0.492613035307356
0.49492346367346224
0.4550469029635711
0.4282847274440827
0.4345639899367968
0.4350139090636176
0.42807348911150156
0.42843693929985305
0.4337147218666674
0.43899250443348176
0.44427028700029614
0.4495480695671099
0.4548258521339243
0.4601036347007386
0.4639526731126685
0.46288308410614293
0.4501925095954403
0.4186950261770109
0.40905764860167304
0.4181361150700772
0.4222111298040065
0.4240963049193997
0.4168376477897594
0.4076906108358617
0.36578311030068356
0.34005159005159086
0.39555943746151034
0.4218309649081949
0.3867897527748414
0.38329411599892865
0.4140132955722421
0.4123771480067749
0.3922656397272752
0.3857229022964128
0.3827143563424054
0.40218216257650025
0.419335960009538
0.4073464429415532
0.39715639047750173
0.39198722176847794
0.39530855482348043
0.4103229473254339
0.406490584685809
0.38886938202247184
0.38914329642896345
0.39589182605669987
0.39114745168650045
0.3853740939171071
0.38704129154656225
0.3907549782205039
0.40241494217529133
0.3960363811184684
0.3578143014186967
0.33542251495541586
0.3277343104662427
0.30205072199757277
0.2677136155496918
0.31996115727937674
0.3896792156036525
0.3852883186507711
0.3797136818498369
0.3720633868009632
0.37283925771068616
0.39303641357376073
0.3913407963211728
0.3638838034746541
0.3472405888806169
0.3373317032581821
0.3560923182448421
0.3832690396155584
0.26968101822753127
0.15982021759413717
0.20099166304142382
0.24216310848871048
0.28333455393599716
0.32450599938327945
0.36567744483056613
0.40684889027785276
0.44802033572513944
0.45707327786005797
0.45326221996030536
0.43717535264286567
0.41966179449255214
0.41598634720185307
0.41338192628820547
0.41551144196112527
0.41856861888637653
0.4234159313093705
0.41607378930691313
0.39645190062399976
0.40022762794560435
0.4163282966555046
0.4069436245362163
0.3916509870428911
0.43860341805546904
0.47744183898064424
0.44567123547240384
0.42472824615546134
0.43131428899809676
0.44633306843051634
0.4721230744314
0.46889859366076964
0.4460017518902597
0.4269276504853444
0.40910905694559724
0.419629751749523
0.43124050342685644
0.41858255397352356
0.40565130739591904
0.39176916751816254
0.386006641417066
0.3934877572041126
0.3956750366873403
0.3932961549600576
0.4111013856354026
0.4378176872119096
0.4308977908537876
0.4180695592700017
0.40547166803157303
0.3947285975634969
0.3934263564096858
0.39774013495330796
0.41393147239725175
0.41424156676071466
0.3971987970632629
0.38691345459514487
0.38051756152065536
0.3857485436189005
0.39404208258082635
0.3880256776998647
0.383301842572206
0.39620903178707584
0.40344002751254116
0.3946817458030604
0.3839680380832388
0.3705408537411377
0.3756013983733131
0.3942907175698589
0.3887344195598698
0.3743226694215517
0.3669502222811042
0.3606642552300971
0.3587256027362632
0.3646044060875476
0.40118449057602773
0.4173390967321891
0.39714682606109575
0.38807762888822495
0.38941645048869006
0.3703154176507778
0.3413024554002797
0.34465024936071226
0.35461402014649257
0.3770310217722839
0.39516840786371943
0.38687828726891227
0.3898648593575986
0.4190714714894943
0.4396803199707763
0.4500966583178567
0.44576979953415885
0.4321897029116224
0.4371791489632054
0.44767726317648954
0.4194403199246268
0.39498603659121606
0.4437022610519087
0.4744905060589812
0.4490314262153477
0.44466071926244666
0.4721178343576011
0.4908724345840896
0.5026592405137387
0.4869972930705304
0.46024206706212595
0.4603720116485233
0.46426557699534154
0.4572546904783065
0.4451255062393562
0.41009323219425325
0.37553374467671224
0.3418941352943191
0.34030368105077163
0.37123894930872914
0.38121477373721063
0.38005959409806206
0.38097821662636494
0.38238340321673536
0.4107271270229365
0.434218142959292
0.41674517684026147
0.3997487374196539
0.38397496518578916
0.37447971849695444
0.3730644308428624
0.36702353899131923
0.3578222964458648
0.3630507031950866
0.37306535725335443
0.3821128898257912
0.3916796727755783
0.41019189247296084
0.4264021684469095
0.4345172756601161
0.4361457496589169
0.4271108314954952
0.41269808481223497
0.39361219058759694
0.38781335771469067
0.387931696163756
0.3880500346128214
0.3881683730618868
0.3882867115109521
0.38840504996001746
0.38852338840908285
0.3886417268581482
0.3887600653072136
0.3888784037562789
0.38899674220534425
0.38911508065440964
0.38923341910347503
0.38935175755254037
0.38947009600160576
0.3895884344506711
0.38970677289973643
0.3898251113488018
0.3899434497978672
0.3900617882469326
0.39018012669599794
0.3902984651450633
0.39041680359412867
0.390535142043194
0.39065348049225934
0.39077181894132473
0.39089015739039007
0.39100849583945546
0.39112683428852085
0.3915777354417411
0.39334973430963177
0.39604590068714546
0.40039985208192047
0.401605892596001
0.39984454758455124
0.39953435607200727
0.39993379456717015
0.40033323306233304
0.400732671557496
0.4011321100526588
0.4015315485478217
0.4019309870429846
0.40233042553814746
0.40272986403331035
0.4031293025284732
0.40352874102363606
0.40392817951879895
0.40432761801396183
0.4047270565091247
0.4051264950042876
0.40552593349945043
0.4059253719946133
0.4063248104897762
0.4067242489849391
0.40712368748010197
0.40752312597526485
0.40792256447042774
0.4083220029655906
0.4087214414607535
0.41991745973847566
0.4355162391223341
0.4244128440085547
0.4094797968903007
0.4051631236499664
0.4021517599590395
0.4050542476960406
0.4074383674674375
0.4088055795904633
0.4072972380690961
0.40284896483666977
0.4053749849361723
0.41163511676296916
0.4164374784699017
0.4208937029794235
0.40232363093634044
0.38903341235641853
0.419855216082794
0.4435671538851262
0.4488687766126226
0.43033457280430154
0.3808945939113969
0.3836334507738346
0.4222960543712638
0.3992264338243436
0.35547803868719663
0.37425691927415594
0.39733639046968094
0.38763348804913744
0.38501343943630656
0.40757025771980687
0.41986065744358375
0.41514101073016935
0.42061769303551316
0.435020573409182
0.4323858432609753
0.42209785491042906
0.41534762844981515
0.40924016404985203
0.4039524343409159
0.4006758642912099
0.4079174280915032
0.41017307265553815
0.4017031932811098
0.3791372226535108
0.34093939985799937
0.3575942746024672
0.4063267502475115
0.40525172296638506
0.39076249700490395
0.3723474137438529
0.35603891547022565
0.3604200870208536
0.3659015467510843
0.3745424053970313
0.38329074313972583
0.39219050698761776
0.4100436611474854
0.43459741708922023
0.4376414288357152
0.43268054843866405
0.4625809254426023
0.493454464180043
0.444678411468317
0.4041015058563212
0.3964730247006382
0.4006390025826873
0.4261327846314172
0.44236033455549484
0.449788297138175
0.4515052960904251
0.45040614493290393
0.4409740825346716
0.4297935967957556
0.41362324861794214
0.4010685213515398
0.41119988507466276
0.41805501297391395
0.4171570610663619
0.41812331408604614
0.421332675473462
0.4167955990225654
0.40732046098893915
0.4066349281476081
0.40861163149432933
0.40160840213579047
0.3951595424076202
0.4033026977408716
0.4085737952314233
0.40464985482247884
0.404636270295575
0.41061612842899464
0.4163321390938078
0.42183371853831636
0.4134793481509952
0.3994238317391176
0.4039661773812714
0.41199509633510195
0.44616229624360276
0.4693434218946348
0.4421245161583146
0.42954494282690986
0.4459222907359977
0.4446973730236812
0.4253427809821992
0.4305478934193306
0.44900966452389707
0.42973674928217337
0.40139714738973875
0.39795849933524524
0.4011591478801027
0.4460806899659505
0.47929117764734597
0.48189677648509843
0.4866081574917134
0.49407049648062973
0.4956598815774614
0.49317490491165905
0.4906899282458568
0.4882049515800548
0.48571997491425245
0.4832349982484502
0.4807500215826479
0.4782650449168456
0.4757800682510433
0.473295091585241
0.47081011491943875
0.4683251382536364
0.4658401615878344
0.4633551849220321
0.4608702082562298
0.4583852315904275
0.4559002549246252
0.45341527825882294
0.4509303015930206
0.44844532492721834
0.44596034826141606
0.443475371595614
0.44099039492981174
0.4385054182640094
0.43602044159820713
0.43353546493240486
0.4310504882666026
0.42856551160080025
0.426080534934998
0.4235955582691957
0.42111058160339365
0.4186256049375914
0.41614062827178905
0.4136556516059868
0.4111706749401845
0.4086856982743822
0.40620072160857995
0.4037157449427776
0.40123076827697535
0.3987457916111733
0.39626081494537096
0.3937758382795687
0.3912908616137664
0.38880588494796414
0.38355356252563205
0.37325659940129213
0.3834635795054692
0.41328624536978026
0.4203019752713386
0.4159772397770545
0.4461627940230576
0.4836827498917204
0.44201002365202346
0.4066705431334123
0.4200349905691066
0.42616594979287664
0.41502695591067207
0.417642624499404
0.4369323124916832
0.44246412652502587
0.4391575488029324
0.4358509710808396
0.43254439335874684
0.42715699210951924
0.4226168069942038
0.42993663699018675
0.4310399463610333
0.41203669683494826
0.41280403499665935
0.44410904146487595
0.4556208058151008
0.4509260229277805
0.4475348373208916
0.44468483178603513
0.4227893751642847
0.39873828767710356
0.4160004169541269
0.42804036623653735
0.41581893762731525
0.408424923762053
0.4106590685850158
0.4068148019179044
0.39666361205056694
0.4025227569814127
0.4170940783978803
0.42406928060363264
0.4291977198820066
0.452693649116053
0.4818189277381275
0.5474589930901242
0.5752703937523511
0.5033055177496545
0.4656456179978332
0.4731392767300969
0.48643087185645106
0.503775569853905
0.48375935829835603
0.45098125189549715
0.4620811478748106
0.4769694923936096
0.47644237019923946
0.4736432575546963
0.4625911881467057
0.4540002261246675
0.4495517220789899
0.45602489359669135
0.47220199287976233
0.4425321356410577
0.39191071224993684
0.38327421079269314
0.3824467210737