0.5893118934266324
0.9614529285049125
0.226717046171501
0.04331767376116258
0.9820026633434467
0.5707817954358625
0.1611458247762254
0.5730796218111035
0.9153154607138729
0.1767364926298095
0.5600292182713311
0.6625080669963864
0.9587617969863551
0.40966238104875796
0.7747232187868267
0.778686915724781
0.9352574051883237
0.6988401538747424
0.5253899343758822
0.9809549678316206
0.8429918591286291
0.668228147383818
0.360667308527558
0.5244196536934419
0.9005277270397083
0.8453782162306984
0.19779629718940983
0.9462053033411801
0.5600663911080197
0.6397343223766739
0.22774368799906497
0.013536440422041163
0.9629084408826624
0.9047715992330871
0.9398286298714167
0.30451355368693267
0.8915573538072784
0.9942148067237204
0.9126108243938282
0.11880973005143369
0.7043825407541151
0.6534134896141749
0.9528878095326334
0.9162243841487413
0.640925502455689
0.502464315621366
0.2628569822562884
0.06013008115388396
0.5181873054307266
0.396281497965955
0.7471535348400183
0.9452153208329397
0.44938046124366304
0.058382722019116984
0.5543577825745649
0.98835413818379
0.016289353778682902
0.20209469973510918
0.24294338090859458
0.17215160372214078
0.2859724972252268
0.21393119072143585
0.8597691198319973
0.013530116164282902
0.9569104100798196
0.020118952848623417
0.6819995883222768
0.6240373767272335
0.7982551747020449
0.5147245596878952
0.45803291178699523
0.23060493280131222
0.9515831616858242
0.11195003310298635
0.5343990210956208
0.5199625489567358
0.3501153588901813
0.2764390369276243
0.6281465040176613
0.09778017033942499
0.46394844349172304
0.9372707483313447
0.2820483134125843
0.8782204052705027
0.6844891517718366
0.7390632544178773
0.3805637496397324
0.5871547096444902
0.10110553463612515
0.42747981927372725
0.5060652500084294
0.9461281552098411
0.08355781162342191
0.4946403121681531
0.39447534470421386
0.9683546832365112
0.8317945784582698
0.30933505798045513
0.8732462428569802
0.21632529749453977
0.17885751095876512
0.5162007884042055
0.4811036693971711
0.5857790702208312
0.7645854465695383
0.46639859895699765
0.7579409981777472
0.03450081435973007
0.7978492812471683
0.6697762379244947
0.9267506839236512
0.5746100777813009
0.46000583990332633
0.5807425967079259
0.7481694392697592
0.7557607408853259
0.6706621920792659
0.36830465189894923
0.9184023028145054
0.5651161045602231
0.8393625337236291
0.7891187245300578
0.6730979549688452
0.06332005223726656
0.4408136266675965
0.28897159259513516
0.8458633950862403
0.624194160400937
0.4886587009248624
0.8233047233714119
0.8614691393677643
0.5436752817965522
0.517915683079976
0.3101335264753331
0.6544094795291354
0.9967998527079077
0.9866067719033306
0.869600855559391
0.13712543704085012
0.7786164062586628
0.33526824490621066
0.6554549743493501
0.3028845364094054
0.13254533729732731
0.1188276961519289
0.847465643743373
0.1229404732780105
0.9445680915011012
0.7493836042216981
0.05823018177766104
0.5345158772825398
0.5824137203483414
0.9252411120577434
0.6469977622138977
0.38717448739619853
0.7530198481129952
0.4898403218494153
0.31510324836982273
0.25791539078480474
0.9881186772873024
0.5081920206773227
0.869323795853417
0.4152062207761147
0.5873012627510675
0.33005458915407004
0.8210979188330494
0.3001632772648949
0.10888501435270803
0.4381053715567568
0.39424178083323524
0.08873146168835333
0.6288674626190064
0.3545484231586551
0.085619306481307
0.2872693074384908
0.42855519053121827
0.18404822640248664
0.42743054559347193
0.2882401460093026
0.8844338568801826
0.35898001987686556
0.6924126350531383
0.4241225823630853
0.43765587653367877
0.6092864255443026
0.3670960682054637
0.7154151740673307
0.8505633778543336
0.4545758504744528
0.4593777798635149
0.2127487766585181
0.5583648314000739
0.6637578993715008
0.9125651394796289
0.22355185689750157
0.8064084359541805
0.7619304574475153
0.7779601542128028
0.33176447615565285
0.9933722212607172
0.663386013201643
0.3220970543614915
0.14064049891504282
0.6074411459628027
0.8329590760575994
0.8547360619094556
0.34776171029851477
0.2830377228242549
0.5117121156640918
0.12609236970440718
0.9294017629159035
0.8831110273495899
0.27378423893148995
0.2911514339248279
0.041643098382739274
0.5943269440782716
0.06711908132825939
0.566958108208193
0.995537028006015
0.2654955153882561
0.6200522633589246
0.985932584536485
0.5437455207174928
0.7400488279169689
0.9677042760293337
0.9478498560723293
0.4919736389839571
0.683294152479702
0.7181317169513307
0.7159030744535113
0.6332294804522861
0.009537159929371986
0.6293587031735022
0.8320398872889608
0.4915933069388546
0.4498738909100748
0.5660627614697203
0.4164393467051779
0.1825128430553642
0.39625422600780014
0.4534055320783946
0.712392201670565
0.14273999180070862
0.3471821363646931
0.443159800601134
0.12437704620828938
0.08280653575754615
0.1342791027194279
0.2943504483152761
0.8507619179450262
0.2119313209411624
0.4231157208439472
0.39070122070963564
0.27084950848529277
0.9480911755255633
0.2831357222777374
0.18766046534429304
0.23412032526775017
0.9846430803744489
0.32055136483086955
0.2674118813245916
0.5489138153745234
0.45345880976701103
0.9253975699152007
0.6051465127005269
0.890750405124637
0.8368066372838495
0.6558422364517567
0.6535652086120625
0.6786010632844887
0.17256409431680542
0.6446094348161505
0.4898493594836941
0.6798986116755231
0.4086653653420398
0.561100608010802
0.2954092684466354
0.33139324238709933
0.40080840412733687
0.9524209888226536
0.9100525314776642
0.773595695846414
0.09899127888326253
0.49411342154043736
0.7257959495453529
0.5777387028374438
0.7987504028085491
0.6793724446804099
0.8549257928575568
0.5382096820788332
0.6985719444081921
0.3399085358081332
0.18673952074611
0.4168919137772914
0.09236773897973649
0.6967863191172105
0.967000699990727
0.34918046853906193
0.9135471281327858
0.743545853289533
0.17476417379753006
0.8450325785062015
0.23026148113457579
0.42334869861420377
0.04199536142755578
0.25348735080781915
0.20748904085410924
0.7552490860244858
0.8714092744045913
0.4101923225322932
0.8665311394597153
0.4052712777447115
0.748908281533131
0.1306950844739564
0.09631679485369504
0.8185496534965245
0.44583579871953727
0.27449453428498694
0.5384250509617188
0.30109703732370763
0.7041609606096503
0.6577214057145178
0.933418545093179
0.5752685850878965
0.9486164302168645
0.14437419750002267
0.9784307189757574
0.8749062786246983
0.21653724072513536
0.21780912072685543
0.6870728005440735
0.5117565955291787
0.12187047588118538
0.30231408701783646
0.7588556705468614
0.051371117170697866
0.9141015346718259
0.7849093045552341
0.338736904371986
0.02592570691765972
0.47086931267066645
0.16922617391010475
0.29475154935705694
0.9982462603239044
0.3412128606269119
0.7927064621930425
0.07705332170669332
0.13469209092906909
0.8001555468247368
0.7761930352467081
0.9075513073224434
0.5089106993797615
0.9227943436748962
0.12381107535472013
0.33048197336273744
0.6310946112098167
0.5549460251081563
0.1527377186089992
0.8536510742242898
0.3765977597152522
0.06190551751049267
0.807324956427174
0.6495445989554847
0.7366963603130984
0.7545155245732434
0.6095288154170474
0.004175343312727953
0.46594730342114943
0.5000919878183748
0.1393924417422503
0.4213887911996338
0.7867169174209924
0.8619715579311238
0.7590493733302582
0.7385279016453311
0.784552101912652
0.26993029199705065
0.8415863269531549
0.1433846256070741
0.2250896451980805
0.15844150734103857
0.7651640776784843
0.7807311466105737
0.9201391555445461
0.8494349859843708
0.28489486845324363
0.9753025762038283
0.425101048409549
0.364883228462326
0.5795735530080884
0.7320547529686159
0.6659443636387108
0.6765543704904377
0.328871942794115
0.013422882102685607
0.3531189283095957
0.9711543791272873
0.8965769922532896
0.48206705372417946
0.4355318457472033
0.913526107427511
0.7611153365826578
0.26775849245171357
0.02607813781396906
0.4892251511504957
0.9394619799181014
0.818386146662139
0.5999671534085963
0.4220122605025691
0.9654588852363657
0.6252206726607077
0.5190385047613056
0.3631459653255883
0.18375173799424116
0.6522416613918451
0.7395512833297585
0.4999534029133077
0.5988854584432252
0.41776223370556975
0.5261830866584454
0.7898949953872534
0.6400456652098753
0.3232172163553889
0.5538941261923729
0.38728435137375516
0.6570358062335772
0.28425694846014904
0.3902987434170635
0.5218281169059793
0.8752089760528025
0.5360930656289596
0.5800688602229743
0.9142776293739282
0.09296560404775556
0.41332943298148916
0.901831484292369
0.6993829704466684
0.9860921405369456
0.3642245757779786
0.13312222094073567
0.05152166345824305
0.21313166602698486
0.20478266867157735
0.47701659859637535
0.6426673497232864
0.5295635610414985
0.5843845839517383
0.9617844363282393
0.5237529652104503
0.7662272381518923
0.3069786757558187
0.8726417518317591
0.3563090831445095
0.9191309004584028
0.9423411543401619
0.05102083845388172
0.8542238340541143
0.4082838811952447
0.16448704745252452
0.5211711080753034
0.3797528613692376
0.5786246385978115
0.660947470390482
0.27523835446973055
0.4736056431260929
0.2918549987847133
0.18168722719715813
0.4489208793696645
0.0969766501271252
0.6292902916258788
0.02312851899944024
0.9418751818824249
0.2788297427764088
0.4222303503963206
0.8146126981995339
0.8216062618506096
0.9133609146701941
0.7804720481422509
0.9729264757456022
0.7738769928298873
0.873854991058684
0.21590935526287125
0.9656723654776491
0.3346139349320394
0.6772211044917725
0.40350204491261576
0.8477217524736824
0.5953995333661085
0.392785369754593
0.6967559314935414
0.08378771144867647
0.5689836827124923
0.5141441699387871
0.7427771811521006
0.5204298092716783
0.00198526866650639
0.7958118264046519
0.99898833379501
0.7708843027779825
0.9079256287374017
0.6639620351453513
0.7903649800460644
0.28612003062145785
0.9408032542742915
0.13150642089857878
0.7601157579102533
0.2248214044147797
0.6132392669985361
0.685406970817235
0.05791156990977564
0.773594738673037
0.8278342502085584
0.1551860450237006
0.7876091197703246
0.2923507440546691
0.2321868655693602
0.08595707424585164
0.9565654290448778
0.08178445818310565
0.6948453378365873
0.7398402095781789
0.23280754878031928
0.36054206892624385
0.4758750323692187
0.11671504101148433
0.8573672573865146
0.4974836983261768
0.3647712191016599
0.05392775079180023
0.7586539131942851
0.3738145623449365
0.20681715354603392
0.6334416829609015
0.15904454328494744
0.8232806827178251
0.2848535678828008
0.14301760311428147
0.9941389877055327
0.07699333546174436
0.963223813463178
0.27704344994751173
0.5699110525417017
0.3150313867128083
0.28673737648697784
0.6059387120319162
0.4309917022469071
0.6388734598810653
0.45864417606583996
0.7721637752607247
0.1378960929501487
0.9140421245555589
0.6169489401675731
0.7538390441157132
0.8579499296884993
0.8788867897873219
0.42188677180326695
0.6628909892086766
0.09776518085649333
0.7935773293425239
0.5728250732716773
0.018129827671310772
0.18131364344970502
0.948678027145408
0.6315946998741759
0.9582716378253079
0.597013685408583
0.2680861486373344
0.6648355846854462
0.7037460458398781
0.32920371537256254
0.3890932894946899
0.5181578109130709
0.7151367934921491
0.12115512298214592
0.8521113456480026
0.208950614933184
0.6272460775886892
0.22127591073868802
0.9416449668525616
0.07674665034431105
0.7966061217635421
0.07087047045306138
0.9852635290719035
0.9500208349072607
0.8449207392753191
0.8738423640089406
0.813847886686523
0.5742622700947883
0.39533093560490895
0.7791227823094556
0.5074934754678757
0.04939753261823532
0.1079849399024766
0.7556957223003615
0.5440840540597845
0.15335318466245118
0.5378182695585884
0.7293770641723846
0.12459059872290057
0.7058119975986847
0.40452082666231237
0.6696391664152634
0.3930726663537335
0.6852420377739217
0.8654075944697543
0.5027174212740845
0.8750279116930939
0.4459338368807797
0.0879677223594083
0.8619190680780107
0.7706836247659734
0.7544899532173913
0.6545768185403772
0.5131586194191505
0.9138340139006018
0.8380343754147961
0.1907973662823702
0.15721835679833585
0.5074717507428965
0.8743291638005932
0.4950598156472914
0.24975039863570792
0.0979071562240198
0.2121044867234091
0.10619774744227783
0.6895922129190328
0.5689929728007478
0.8173287764068332
0.2829160441605666
0.5387780063070111
0.833612876471381
0.7911251989592889
0.3487626563900995
0.9168366952939212
0.837733543992693
0.2121109176959194
0.989874395048201
0.5556355789699723
0.03976210059686758
0.454581329073219
0.09345688808647878
0.8546130535175452
0.21329831399510613
0.36360433433412
0.5691028729099123
0.22160507965538967
0.04156210109410563
0.5568078316833867
0.7329771128967475
0.7382240994251289
0.347482030732689
0.9479265607252995
0.7006009775452571
0.9483512860050738
0.7225215602479949
0.6495175168219282
0.6428970097745655
0.8105815361301325
0.3579822460188703
0.004107198979009907
0.15216636723759036
0.7515669815986816
0.4849946974010034
0.5223672660330159
0.958897065764319
0.10213156965329817
0.9591540490674793
0.49757620015316617
0.04868899951977723
0.4380922985266842
0.7116177085322504
0.9188259326160673
0.3315452149455238
0.20521651208004266
0.5265378417055251
0.08859501991660212
0.133805462532535
0.7299021024982142
0.160605599801947
0.5029761167283129
0.3499298912506146
0.7164342116553221
0.13672240094068722
0.6657632593215402
0.34453272280075153
0.12698743125183698
0.5566032660424167
0.26681836507490353
0.1934237313431345
0.34397580385483506
0.7851612604377531
0.7465642713556332
0.22886191866630656
0.5400320238424349
0.8417089668373756
0.7035924588849961
0.5446406713260935
0.40536297654543163
0.997221132728909
0.45328354675285454
0.1547950661466928
0.3643771425254887
0.24970841046867243
0.7713054557459553
0.6996032292046401
0.3505828570833973
0.8080682007597944
0.39430564569430426
0.34011186073541144
0.5870075418287501
0.7534451417896928
0.8991255440708245
0.04547822692861736
0.9511238499610573
0.1650388776591002
0.32144246169718516
0.25004711904212884
0.36012704671881746
0.31914201200716985
0.2157609261006609
0.947110458469955
0.1961421735049791
0.26503918479995625
0.7882450567684078
0.8694080053303435
0.9716237666002583
0.3129138883887459
0.8665939465740602
0.7857194814903108
0.5861148833973119
0.06298218774891984
0.44782283072866147
0.1132716423024811
0.37151381034467923
0.5522015161219144
0.48264467032158165
0.887712188199835
0.48309929424707554
0.552033612705635
0.654461826490322
0.23883648663541646
0.2767896991318918
0.22355416202476175
0.9424469494785809
0.3332362391937753
0.2359863032356605
0.4749666872331977
0.6880823815940522
0.6195784868511985
0.7364371481818631
0.004463179591315147
0.923626248611881
0.4178818820630983
0.9344862880388364
0.1651974168684296
0.6263064017334761
0.7442480751410371
0.19266949587151738
0.07373363637283448
0.7866884538328551
0.8815046316064262
0.5817946630461888
0.3038850125417666
0.9027734185744979
0.2558582463192106
0.5219589823621361
0.8784790382795826
0.21116669339034821
0.4679132637029001
0.7009168444913108
0.7288273622662825
0.06772314034041871
0.8271908832914779
0.6324639512489831
0.20609508517183106
0.843916457246755
0.9578391163379731
0.06055659928733048
0.9630507776630223
0.05950926207646312
0.7458097916361144
0.7818045642234873
0.1146445931378891
0.47106395117890765
0.5542047856230644
0.37148191567388844
0.6465710106153716
0.8523905598459914
0.10275273150071129
0.7311730189789776
0.2917250144546878
0.23532998630868363
0.8293602548110127
0.09744771011501241
0.30327787011286267
0.07771581613035194
0.8718885626056994
0.9608874378056431
0.38212112062569836
0.7308924643997261
0.3108422945317014
0.25565520167207834
0.3351526200266851
0.5745238586236482
0.28313798688264613
0.9108880018593674
0.7266774557404202
0.26561773259867616
0.07919849506645704
0.869662408503994
0.23263686592054622
0.0805911910792404
0.9195836146386177
0.24412555202451103
0.5888894569263076
0.30944693120178257
0.618133210981114
0.0002610193681025219
0.9408848148925326
0.8157253876798387
0.18230801297690957
0.2780892280206678
0.9855836936971692
0.1968334185785361
0.9983031387685785
0.008509540860183629
0.35276000025861487
0.4207577056683053
0.7518012350146932
0.8413258056750959
0.02627384825928425
0.6985730386459649
0.36560464322887476
0.9103968662172601
0.06665859513711903
0.8864148119225839
0.9689384770723443
0.6884966555550102
0.5655422476443904
0.36186772453960436
0.31866450774562993
0.13963391636891775
0.00932205952517684
0.12539107420897389
0.04981201716997463
0.5945223515785101
0.1685186037002292
0.5819143227471687
0.8884094980469175
0.40033739708936855
0.9951721944965406
0.5104823475089594
0.5047125972026768
0.5643433817209657
0.5159868459057164
0.018288825764864458
0.9322800627892306
0.6657701126675407
0.3951596712051848
0.43522726967586756
0.410801783446722
0.473878578948174
0.3236359309465514
0.9807999658578733
0.9481609186535853
0.43199013923214546
0.15972258532806527
0.17781025613925716
0.3018155944736667
0.6172595161993949
0.3222387737913489
0.37460524229113623
0.1363900509638365
0.9386398592850124
0.4110610939773526
0.31696597957960315
0.23083857899424853
0.8801482156248651
0.9561384507763179
0.579210779048657
0.6516332410097246
0.6114929306946597
0.12553062997751585
0.7344850456773458
0.23019569681761443
0.6260585915468928
0.7950955954967406
0.6365302633712211
0.16473191781795282
0.26736006613059127
0.7343486943212717
0.6117325083603908
0.3160547777204058
0.9978003220675997
0.745014324966622
0.15821894388394286
0.45941517447145575
0.692803269881558
0.9773124666342099
0.029858062561298082
0.9334863181448094
0.6198650447844127
0.5229063022391542
0.6301726208043735
0.16307015842357653
0.005054417113711018
0.044062987722593316
0.6813395546758012
0.38824351429465853
0.25732448405785635
0.8223058584750071
0.9590676729231958
0.5231561125300095
0.6277796429742007
0.10638029688694861
0.5686088517833956
0.7555726041295866
0.7778184352601323
0.29119157400377904
0.4064890586366986
0.4793781023790379
0.7401000860760739
0.25993502734660856
0.024143007405010297
0.6219248055415291
0.08031929172856744
0.3349130787301686
0.6223225654062254
0.8925453036180501
0.7274025372948294
0.564393073964299
0.45296092064748017
0.20013999681883965
0.7243755476611269
0.14553997484804915
0.28491679902457345
0.4504854460546375
0.2949053239698207
0.028921593764025588
0.7918554120733048
0.2021063328054028
0.6548782810051431
0.8896876213721796
0.3240270018406737
0.49626227728285377
0.6873482113469328
0.8240701753125133
0.1078275493143851
0.5694504205777938
0.764346052487536
0.8152813969046476
0.7853804782901612
0.9693222726915567
0.44990189030495975
0.2249331111720484
0.9150861017308032
0.6943602098630202
0.8294703568620134
0.06089244539590177
0.051017296744201523
0.5739365891741102
0.9286538736099791
0.27484622795396885
0.11641329262856837
0.033091971342659066
0.6633593531757636
0.6312106999882391
0.053952346449912314
0.30144255758918204
0.9484062976672427
0.7548430488962159
0.7406836881470426
0.5363054951103299
0.6569100270777003
0.7158666980584107
0.33685099203969693
0.022290160004507342
0.25883054727028376
0.6561670406026118
0.9484142549137865
0.040205269119975795
0.2960588219083303
0.3661391106926325
0.14794747380049333
0.18130050725715197
0.49225651553319993
0.9039867946642676
0.64947328439249
0.1666683066812008
0.047010307061950196
0.2357292893816455
0.8095714507944964
0.1427557668405287
0.1394408068499683
0.1823927841705043
0.43637839624899777
0.06891907129121477
0.48509655289248943
0.7346141239237005
0.11646160580701304
