0.33128012708670196
0.27189957523145514
0.9307793520010953
0.4928180684786526
0.8551743058223764
0.3385036879118498
0.6684518205499808
0.5749169609920965
0.3863543099986041
0.17179213164863616
0.22595047271947855
0.22294045240642113
0.701173801424526
0.49660115770392277
0.6337530162515062
0.9469511217967091
0.5307604289200908
0.8858517556350056
0.56621790754019
0.8905423885498098
0.11053294952437742
0.7542749776778982
0.04982906901975437
0.5261383264708538
0.32638355066134406
0.08312134630102219
0.30775152625627233
0.7744186614265722
0.030725241672734938
0.7540176600446826
0.47219720728654047
0.5116664210067842
0.06556918621436325
0.4109241066165179
0.46797708303024665
0.7192554032273223
0.7567509697624984
0.4783566194422012
0.44075704539921023
0.9172568757262256
0.9761380336217349
0.7424084389330227
0.1594018666672864
0.5570463757395093
0.9467438695258269
0.4906933473072115
0.8616122528059716
0.053110779967194155
0.23672870241373944
0.3147735370049285
0.643479516580233
0.1917869323565503
0.16566479336287088
0.4025397380839314
0.520352887868645
0.1759128871909913
0.47678729703452094
0.5990807716466734
0.22430220406684298
0.1665380756292144
0.943978570485542
0.9780261488873221
0.6847883017443831
0.16493796242952108
0.9984749287025239
0.7979359368271213
0.07321084498413921
0.7786051776075953
0.33268580792668345
0.8522649661162949
0.19320996664916135
0.4065618380139425
0.007531963736277403
0.4645673590354341
0.5039660619040668
0.5853117471318666
0.046561283094581185
0.7931902750127946
0.5638201458442382
0.5026922588183746
0.6479269603677504
0.9388579493453093
0.4272056820268427
0.8005429926549471
0.8253500189730205
0.7019631939921128
0.45891706207172667
0.9433609487965823
0.923377079073713
0.5108499136517919
0.881907000666895
0.48658315364243376
0.9209276218189698
0.45623876005500474
0.436825994962756
0.6442107195625664
0.00787889711938694
0.635143706722306
0.20501356026609252
0.8011198943163824
0.5104194294084556
0.38620873961766533
0.4127341966335901
0.7215192064210725
0.7557296611844324
0.8373629823440681
0.6085638808519005
0.428859673792816
0.4422055348601406
0.8895158873720028
0.6331596158144579
0.18378640581925532
0.3077395149575143
0.06963370549762637
0.4717713005304195
0.6185363999750786
0.12158195039098385
0.16614729357595492
0.5223810795364713
0.6490069246175709
0.5130863473804392
0.7025403337226354
0.2537190910968975
0.6785043683540427
0.21115128004618444
0.4441330421795391
0.7556308113727972
0.5302076166234853
0.6552642850817614
0.09026649915413476
0.8677153397737233
0.8133319760372285
0.11196006350072363
0.5337866346659391
0.24075506516485046
0.7650330499511319
0.11566523720555455
0.9385090573437819
0.567519146034701
0.6771847422390028
0.20072272396551571
0.9141571370564572
0.7179978734038626
0.9469760260002046
0.21673225088254933
0.1744346794443835
0.2349132415571792
0.2830500341027897
0.5893961501967359
0.9297547650522107
0.9288026892402601
0.17786053578431893
0.24589711036847184
0.5788070382832657
0.22998645521904448
0.651011390277826
0.5117343248138977
0.28629266637833906
0.878062897873567
0.3347362943534542
0.8472514420776955
0.5538974091658276
0.7567646773431045
0.7840172155265418
0.07333954077327043
0.2838518896845853
0.8043470398818982
0.5194129933971655
0.5171943908049599
0.7156424097612758
0.48735822669555373
0.24883272552178126
0.9882373169999751
0.7490058411198028
0.6571650686150514
0.9825028920719749
0.3806825408412271
0.8223753420842195
0.7515130329968054
0.5281125644762399
0.4829337972619294
0.24427488289915122
0.4544919798927345
0.9458163053714118
0.15779764242642136
0.5159918743424748
0.3301281731394411
0.6164333185629386
0.22329386090959524
0.39540892050158893
0.05196449127471825
0.1919041802684508
0.05875047093808239
0.301175883733373
0.3593830566423668
0.47591890374882817
0.15456982603094194
0.5033247114786464
0.8877211534512024
0.9211019308096344
0.5827474150256133
0.6422522604917404
0.7379897188787131
0.30225652921579305
0.0014844161877707318
0.2019309540284655
0.7848153388587715
0.8784075579250266
0.4120174278212738
0.33909868755640815
0.5226654536047103
0.10676922068206107
0.8167793060649569
0.42636008788965085
0.45736642559700025
0.37922666127698057
0.9363223030876201
0.37622130821613453
0.12126629054823068
0.09001808562127889
0.7066036881568024
0.10438560515084527
0.7696276893922873
0.23624385227434852
0.3378561147789897
0.5557460840237202
0.19625314532472826
0.9926926991866248
0.8596518446137087
0.5930547296104085
0.2416665662341102
0.20723153815756834
0.36147820468806546
0.025956819843790946
0.24518713028147765
0.04216710188268513
0.8606691490740143
0.011040731388595959
0.8361897295770658
0.43892383691055414
0.8052675448251009
0.4128877894661027
0.031690054866383766
0.31172762236067275
0.7496278919258451
0.9971028662385876
0.5983564936571734
0.38293545715682087
0.4248134978365329
0.7625959654362331
0.8177481273726597
0.7277214602722505
0.3798064323695117
0.039838370934374145
0.36610828869653267
0.8135452816227969
0.16564920144079043
0.5725254577732478
0.827175440371091
0.5434517836794593
0.7228961759230383
0.1679917928798671
0.18854566373548565
0.9252057140307192
0.774907889787189
0.8523577802694898
0.9517400509872738
0.9202553246378806
0.3531004456262751
0.685104688467251
0.18650004098770612
0.8653872425744121
0.01254296256614651
0.9179661975330399
0.5557174488670928
0.4847224315749227
0.4425506813776112
0.2343742841144466
0.23851687196886595
0.7958700961496669
0.80873525236304
0.724224176291883
0.2526089682252144
0.2574961727739229
0.08043685744251317
0.4164771154949002
0.39002839639665055
0.6801558646855002
0.13272389936997264
0.8506764800813283
0.6116678640765504
0.1464639548301433
0.9984219058576018
0.5727612501282593
0.9224690183037265
0.4110804384077833
0.5262871162967137
0.9733637609615176
0.02879318166529843
0.20584665173218553
0.9522600570093724
0.20143738310705184
0.9579055584561008
0.7555367472637473
0.3182476781335891
0.014562451723169167
0.8387374262178018
0.8990264752944646
0.769973599467504
0.28761218201433325
0.06593459358636877
0.9508590517877256
0.4330563755912398
0.6746482814442484
0.06704503182302157
0.8989839709114057
0.9385090939905992
0.8760291461009339
0.21811280402353372
0.11036112875617698
0.21561719502022558
0.3666165474283304
0.1888297055261684
0.7232786867664835
0.9723456173245332
0.6482444644017149
0.02149200090216108
0.5522772780876349
0.3109776216969605
0.7765145522545333
0.23736699348040402
0.9393352184506105
0.6355863231544079
0.1522361383594848
0.971209108299939
0.5790951182078647
0.08735140203480851
0.022644106491504612
0.9642773285261779
0.6894132353078523
0.9439143792603762
0.15862373813933295
0.32520773898261635
0.7248682164176353
0.44802568412180854
0.39055883360959576
0.6741217096640866
0.9047122518928018
0.032383797790473845
0.07059957396737637
0.923204932266129
0.7159406700617946
0.48323227179230777
0.6336949820930833
0.3781165649408811
0.9184321716164773
0.08973559434028233
0.6752458838744216
0.8661912809748575
0.29941271530055535
0.5870561943379318
0.4685715831331526
0.8868404595121111
0.011213993655071253
0.23993144847382541
0.4113689999411878
0.4520173831234545
0.40940018882902784
0.9513928529513936
0.9926500791286584
0.6693514879490708
0.8932887251260733
0.64214941579453
0.2632718032841007
0.47006576129247124
0.655156109934828
0.942598922262475
0.5343857293957498
0.026564857278316256
0.9419774757094795
0.16632627656483046
0.7536940091116923
0.1440139056959756
0.5070905208816419
0.15856298619595
0.13399710288168065
0.30925374278873374
0.11814513090210288
0.8764285437349996
0.5968582885636122
0.851470803800902
0.9207353570307709
0.27644765636360813
0.038423747993005186
0.0692312971359269
0.2361646418382053
0.1419167565874655
0.4440147577605349
0.19829305004770192
0.37565079795891365
0.8720168804086068
0.6925639849907145
0.9554322540748241
0.9109292215598643
0.9148842493192465
0.6474866993064812
0.7277321392824256
0.6419300766688607
0.9315467966730153
0.9633506993738324
0.9263093749694553
0.7698095211459122
0.06517120892619566
0.29892619737304493
0.9785442087000296
0.6142608122898164
0.19572097501357055
0.09459630581679046
0.5595507572190068
0.5241564883473152
0.6921634072380036
0.1737780983453504
0.4894932371528017
0.818970882275312
0.09312439943731521
0.979051944588068
0.04458905719616857
0.6199890630091748
0.6975116118984356
0.9105382989766772
0.5024082552031436
0.14242611307204733
0.9953708213906498
0.0074716170711489616
0.48942284636881017
0.5541969224516902
0.763437515071015
0.7771483574325264
0.9124109359503647
0.9761035314439087
0.9148523315164695
0.43991950655986034
0.8436222549339808
0.8797491849280711
0.5248702148414605
0.0819580394385444
0.17128580542516458
0.7444922439716021
0.16449545233879448
0.2881921363884091
0.9662026086845878
0.7347465778634044
0.9052804701100405
0.12436143742615913
0.18981109901668447
0.44811254336773276
0.8511414106230096
0.8875876858408266
0.31103020896410893
0.9590403443517186
0.2199286900003703
0.48525637090432805
0.6466317387596814
0.45546825387931145
0.9804829077278544
0.2225602794552306
0.5760888835649203
0.14857266183900575
0.8170050490967924
0.41552558848394827
0.5108817562964233
0.31606560200689005
0.04309092265057546
0.09459627852698671
0.6074740388045063
0.48347812404297386
0.028090995442241584
0.41522505974405943
0.5985765408730244
0.562214049648178
0.5415079220895574
0.30234630389235995
0.003254209953649001
0.3541838765769809
0.11090602338838851
0.3731370423998627
0.5794451004796827
0.4984019020527477
0.20995182009846147
0.1818160430761362
0.22810960531306979
0.47764732460154846
0.9583802910260161
0.513297778659306
0.8713139245613092
0.9170402690118804
0.031330295250847295
0.9186217431387322
0.5959834119331041
0.7327063724011564
0.7868514722930118
0.653888646952933
0.4199171958981168
0.009978775990838407
0.8529965305348322
0.44139512005280224
0.3283934089717905
0.07024500291949254
0.4723590457281389
0.31967456318862975
0.238010615793684
0.8590408251758233
0.9048262731699339
0.936329224913771
0.07695878298838343
0.14924515426530727
0.10735499881162747
0.307753223457535
0.6190359719977737
0.859708334373528
0.8377514769955601
0.15708876477191658
0.8246269556729652
0.892295066189085
0.7871424710749589
0.3784662871707767
0.7638215711511503
0.3142566932798734
0.629526644747789
0.7453744302643125
0.8449571716773098
0.13064859171687138
0.29990844881663203
0.42714792374360266
0.43433969753994617
0.07184353211658623
0.17623461490179504
0.7113903051020651
0.6974865978182222
0.5206809912644601
0.7385492585435136
0.2868220303154564
0.3549266390188861
0.8312236506698981
0.24686816179933213
0.15328209341465693
0.10937274967806898
0.564167337464581
0.6722215384081878
0.0848480266238485
0.799603240404812
0.50216557274711
0.3685756346763823
0.2340667890799334
0.920248855442893
0.454962546320688
0.24381504251398833
0.9260211088974503
0.12226013788928447
0.2785975008357655
0.12246790118398443
0.3766893525752958
0.36386625825934116
0.7509869208471716
0.9555642351153851
0.898099845658277
0.3656287430978058
0.26714271536677203
0.8954745367686184
0.10834924307780314
0.9494490733443021
0.7917959854735547
0.08807687777078566
0.9202566694958946
0.7674815439412985
0.22438526637522838
0.0889387768867902
0.03410304022548427
0.3787064941612608
0.9557332125511092
0.17794598432594955
0.8844740860320158
0.5062211823372477
0.2330698548939062
0.3097530986637994
0.025779819485658995
0.9709996708107537
0.48767692566354715
0.007423951756927005
0.09098012396820332
0.9690878187859836
0.8294957272098948
0.04361204782394201
0.7516164754584548
0.1804172920235474
0.3220756780534719
0.2251125566000357
0.536097820258661
0.03805287367850663
0.0650625649155705
0.3402730653836863
0.23292212357185627
0.09024155963606928
0.7129244974820541
0.9699094346636449
0.915690167133001
0.6013498578697227
0.5138406427106177
0.5989574549472593
0.9641158790682326
0.19944006606329379
0.02043887899786634
0.6931197481962804
0.20773050533582593
0.6382583669377491
0.8387848702746826
0.347432779998295
0.05379313571119759
0.8463623008110625
0.4585051600946666
0.8226125954300385
0.28643513449527525
0.470882725171446
0.46659884625156345
0.4792514270301548
0.549886028557619
0.15634446940770164
0.6761476230519737
0.38889566309971646
0.5713311419910387
0.5854773003410563
0.7502497303501299
0.18565947998368693
0.028845864944028743
0.7765751986135291
0.39793290611930654
0.9867697173202724
0.330601139114289
0.4979863983116972
0.6122140976330452
0.37612747510483424
0.055722529818861166
0.26331992470857524
0.6608712030510397
0.8296942327929339
0.1447429755787233
0.07050541643656683
0.02681492179834899
0.6484837994531282
0.7581432665792838
0.1461784451333823
0.7467896394746344
0.3984343466456297
0.4188881705042409
0.762771128463366
0.06532215006755981
0.9411777976279468
0.8140652532922995
0.8762050565630388
0.36375396253796755
0.7167231035620295
0.8518734594776527
0.5863619734229022
0.44895570475787927
0.2774401096392428
0.6574042505506329
0.8337682584808491
0.7335356303878041
0.17425962901240521
0.016047645472940686
0.7335179915752996
0.3607191909875709
0.9923235890933322
0.17926308955526626
0.5334277807763358
0.7496213073092775
0.6013824335029927
0.7255956578002525
0.8687311693960588
0.9563943536897276
0.316493933682635
0.4212196430308399
0.16493697854360134
0.0030780571403418167
0.5728431508071491
0.3550909484213145
0.5317646837599804
0.9325342369314494
0.6260155754584663
0.5660070225464318
0.8249516476668306
0.28819909173416514
0.4659678911570547
0.14427893029521077
0.360062371019939
0.21602944301069604
0.058315657726927705
0.6495303727440138
0.42408774514098835
0.31976769640850633
0.5020170273059267
0.8950060424769011
0.23295835680671473
0.5293082532400395
0.6179228205442647
0.849801384369441
0.10227504446303592
0.0107114593836527
0.043241768516880774
0.12660794814951026
0.08947421494578822
0.34051224608790764
0.60455373492013
0.6033888116226754
0.11871233736956699
0.2850457522579174
0.5192428388192589
0.15867263969007384
0.20676711920617585
0.6066270092460176
0.8092502379253452
0.4328979606705893
0.5927486854604667
0.18365310754635422
0.857763773192541
0.3092738821509454
0.2688522373239677
0.4543939874533779
0.7243722596284459
0.3315582826414698
0.43218646303439234
0.015054496892704883
0.28842352288546336
0.49252132849735797
0.30212354879933034
0.9450869177108101
0.4870384808521083
0.960189435637271
0.9733322954432687
0.7372977849373561
0.7752411061947945
0.6291864587787889
0.3455181756813671
0.050558091486616275
0.7986824249143563
0.22194518784039496
0.3127812181397055
0.8110068427021339
0.9441978325842786
0.9752979021637358
0.9867950091667304
0.3135196780317834
0.6490662883131271
0.753931390165887
0.03722119924663381
0.7774949415158622
0.6899761190398684
0.9532754716082783
0.5616586758091443
0.023224456696541274
0.5372537535873433
0.487104078921068
0.25574318030819476
0.9421614997588761
0.9018849601011146
0.6016319214866359
0.30279380535847955
0.1691530174639836
0.8400533413553781
0.8753742667832466
0.022588585541072015
0.7363103759471422
0.09044889321452299
0.10109039779805118
0.8361871832284563
0.7988693086352808
0.7213067372598225
0.5523648951013074
0.8842699161310867
0.8440745234251626
0.6342148128915402
0.05331234376165839
0.09267244438891065
0.042133069190025685
0.24033913351335623
0.8886124595267024
0.7393890975544812
0.3965357540643737
0.4506957612110324
0.801796225634507
0.6585196806609773
0.5237497964413197
0.01266062967838577
0.6267369462818734
0.4383737551765503
0.15348428697405359
0.6527299596605002
0.046002049642388965
0.35118139179483077
0.2039929088633844
0.4385491196025011
0.9733005306706196
0.08319643419152212
0.07252894996248782
0.8574508939688363
0.5516798678011535
0.6020692942330204
0.35522853345160543
0.12187990426346984
0.4064460969211823
0.5469769889780671
0.48331134745705007
0.9411392656503693
0.474008667194608
0.9724073068668891
0.3282165742660641
0.5844863044663239
0.6078967019595696
0.10671248656217991
0.3234182578475536
0.7294670033893087
0.25699077743239085
0.4890879958894545
0.8420829373214397
0.5022252123517785
0.462745277606334
0.12495210294517967
0.004271068446110027
0.1635724035313485
0.20094967689182652
0.23313659758416228
0.054019607388357316
0.7418235272969375
0.2677220874053018
0.8484994478343255
0.6509438896358613
0.15444234319985828
0.6404309743408948
0.9663453061586129
0.09043634363149167
0.6157593881022788
0.4148570927640348
0.9853671630375767
0.26893867403409444
0.20049479350561705
0.2733810244147693
0.7566749160696558
0.28913107688802875
0.002633994214678026
0.9975173849767205
0.4459229352566443
0.9138539579099709
0.006254789690420481
0.7211415102808392
0.18067534927237472
0.9892563514627877
0.30839036132950826
0.7692895799512596
0.24564972946774932
0.9293860243272057
0.03215918777509785
0.6054127730033037
0.6737265821955073
0.9434878028239129
0.7485536098452725
0.8504639108197378
0.5758523583015356
0.9141797344424158
0.12234278847998437
0.7903735554362902
0.42167255821716676
0.9181706059830068
0.9339180495083484
0.5649788417112027
0.9692158266513866
0.3722816310367565
0.4627255277789043
0.9673464426976464
0.8943133078645196
0.12106244258325238
0.25014116071997994
0.8500671776239475
0.08432442235604753
0.9824163378594728
0.9398981788142727
0.37259496152107574
0.6744004857757182
0.40176945427482014
0.9145110982486675
0.3223018837474966
0.9757207962216107
0.7303175531672953
0.5134146986911313
0.00504297645907692
0.7514218390961424
0.14623376846841407
0.16246949108372277
0.5810399078137447
0.07062513705863971
0.3113710491193824
0.22252746480993268
0.7263831311245648
0.754377423477542
0.7169074384243472
0.247916721963078
0.37623134962673677
0.8200801045608596
0.6645313389447597
0.1119584687725792
0.9737400425202885
0.34446826175006573
0.9742059067834501
0.3177572598675188
0.8176301494641576
0.11048305707670503
0.9011441669356032
0.22296430306807946
0.9585567708166031
0.7933142629340239
0.22939379689119244
0.6415993974210306
0.9361514913084362
0.39208493528239763
0.9420350052564791
0.9371771863191772
0.026273652482236787
0.3427069593374774
0.41843649143764217
0.33007670124599575
0.32119642102738954
0.6536119479529614
0.6106315145590886
0.7170480864089923
0.5446520116481876
0.15386438073465603
0.7378683634788982
0.11925154049317599
0.8155305237211032
0.846374646310329
0.09334460208850726
0.0638744947891835
0.9473314200232473
0.6334998398185916
0.2766955936033796
0.18102137234441318
0.506818311127063
0.4266617921464876
0.527358949278035
0.030196039581685485
0.20352188613484723
0.1173506882015406
0.8317249514474402
0.7048420105534924
0.6953183373497748
0.12147076943748913
0.31830948829411
0.7656151586769798
0.6596284207541606
0.9055371059531694
0.504090355257352
0.09891443386254217
0.15836881951379578
0.8582720493084971
0.005566205412849912
0.32947852094525276
0.9899825453858172
0.3498268916116092
0.2845480467067951
0.2230393857923394
0.552422634702843
0.590168396235652
0.6407688912776427
0.03033635118701894
0.5955736116415482
0.6568047285674224
0.9169752556825952
0.673712007199936
0.946111665673086
0.9672769302629928
0.7560744088017584
0.18605235699962686
0.03182488627604996
0.4246304197309775
0.7992762798943228
0.6104625369418955
0.7855401798263569
0.3982848017695514
0.6510266547507578
0.5247954054739166
0.822377755922031
0.4867330356928856
0.6758786707514419
0.09298979507794747
0.8321751373057024
0.23279430980247617
0.3862225061539203
0.3620150214567771
0.27423541859219913
0.6330801984186584
0.7443087402456487
