0.48414613848202503
0.48414613848202503
0.48414613848202503
0.48414613848202503
0.48414613848202503
0.48414613848202503
0.48414613848202503
0.48414613848202503
0.48414613848202503
0.48414613848202503
0.48414613848202503
0.48414613848202503
0.48414613848202503
0.48414613848202503
0.48414613848202503
0.48414613848202503
0.48414613848202503
0.48414613848202503
0.48414613848202503
0.48414613848202503
0.48414613848202503
0.48414613848202503
0.48414613848202503
0.48414613848202503
0.48414613848202503
0.48414613848202503
0.48414613848202503
0.48414613848202503
0.48414613848202503
0.48414613848202503
0.48414613848202503
0.48414613848202503
0.48414613848202503
0.48414613848202503
0.48414613848202503
0.48414613848202503
0.48414613848202503
0.48414613848202503
0.48414613848202503
0.48414613848202503
0.48414613848202503
0.48414613848202503
0.48414613848202503
0.48414613848202503
0.48414613848202503
0.48414613848202503
0.48414613848202503
0.48414613848202503
0.48414613848202503
0.48414613848202503
0.48414613848202503
0.48414613848202503
0.48414613848202503
0.48414613848202503
0.48414613848202503
0.48414613848202503
0.48414613848202503
0.48414613848202503
0.48414613848202503
0.48414613848202503
0.4796545538260617
0.47490563879918374
0.4701567237723058
0.46540780874542786
0.46091842842302655
0.46670662239790184
0.4724948163727771
0.4782830103476524
0.4840712043225277
0.48820968545471133
0.4780506552835671
0.46789162511242294
0.4577325949412787
0.4475735647701345
0.4417324539104898
0.4552636296916269
0.46879480547276403
0.482325981253901
0.4958571570350382
0.5060107004757041
0.5066049071037155
0.507199113731727
0.5077933203597385
0.50838752698775
0.5143458790072403
0.5307215568594574
0.5470972347116749
0.5634729125638921
0.5798485904161093
0.5809255922877821
0.5607644322099933
0.5406032721322046
0.5204421120544159
0.5002809519766269
0.4903286028864108
0.4906861421202779
0.49104368135414495
0.49140122058801206
0.4917587598218791
0.49472620566129916
0.4996120443902709
0.5044978831192427
0.5093837218482145
0.5142695605771862
0.5080773112009437
0.4960544891377459
0.48403166707454837
0.4720088450113509
0.4599860229481531
0.45546088950398333
0.45365303918348804
0.4518451888629927
0.45003733854249733
0.448229488222002
0.44099925795857725
0.43252023716284166
0.424041216367106
0.4155621955713704
0.40708317477563466
0.40501057863654377
0.4037166639474318
0.4024227492583198
0.40112883456920784
0.39983491988009584
0.4025360750218149
0.4053589074172648
0.4081817398127147
0.4110045722081647
0.41286098279394123
0.3960654524530214
0.3792699221121012
0.36247439177118135
0.3456788614302615
0.3329156187349855
0.34760294962736243
0.3622902805197393
0.37697761141211655
0.39166494230449345
0.403697440225808
0.4055530784247168
0.4074087166236255
0.40926435482253415
0.41111999302144286
0.41114895033127513
0.4066112054184163
0.4020734605055575
0.3975357155926985
0.39299797067983966
0.3930099006505326
0.4009530206209309
0.4088961405913291
0.4168392605617273
0.42478238053212564
0.429070262879624
0.42876879132281503
0.428467319766006
0.42816584820919695
0.4278643766523879
0.42869501233412344
0.43056163294169697
0.43242825354927056
0.4342948741568441
0.43616149476441757
0.4309288840387192
0.42098284923109447
0.4110368144234697
0.40109077961584455
0.3911447448082198
0.3869773237246652
0.38553171345317255
0.38408610318167996
0.3826404929101873
0.3811948826386946
0.3852506795741679
0.3910569242573121
0.3968631689404562
0.40266941362360037
0.4084756583067445
0.4090323892729559
0.40857009698823316
0.40810780470351044
0.4076455124187877
0.407183220134065
0.41725964713622643
0.4282992904172967
0.43933893369836735
0.4503785769794376
0.4614182202605079
0.45614413641430285
0.4507892915427153
0.44543444667112775
0.44007960179954003
0.43540091138470693
0.4391966901611957
0.44299246893768446
0.4467882477141732
0.450584026490662
0.4536531400227386
0.4526904334890444
0.4517277269553503
0.45076502042165617
0.449802313887962
0.4487040802938861
0.4471560122015218
0.4456079441091575
0.44405987601679325
0.44251180792442896
0.4387883897015198
0.43023086007739947
0.4216733304532792
0.4131158008291586
0.4045582712050383
0.39949974764943197
0.3999333348849107
0.40036692212038943
0.4008005093558682
0.4012340965913469
0.39905902301615975
0.3939183139930578
0.3887776049699559
0.38363689594685396
0.37849618692375203
0.3815035854412803
0.3912643703888804
0.4010251553364805
0.41078594028408055
0.42054672523168063
0.4237492692516095
0.4230271966534042
0.42230512405519893
0.4215830514569937
0.4208609788587884
0.41781340771604886
0.41379010291825996
0.40976679812047107
0.405743493322682
0.40172018852489305
0.41086921264030873
0.4236634095367368
0.43645760643316495
0.449251803329593
0.4620460002260216
0.4679081779261771
0.47266123255492914
0.4774142871836812
0.4821673418124332
0.48692039644118523
0.483914219640305
0.4804205518595526
0.47692688407880024
0.47343321629804785
0.4698945284888751
0.46411609426578826
0.45833766004270127
0.45255922581961444
0.4467807915965276
0.44120231396969384
0.437453439198575
0.43370456442745614
0.4299556896563373
0.42620681488521833
0.4233889507055234
0.4248899412138225
0.42639093172212156
0.42789192223042066
0.42939291273871977
0.4281732764048659
0.41905335827937623
0.40993344015388655
0.4008135220283969
0.3916936039029072
0.38666934634701344
0.3897761796278179
0.39288301290862226
0.3959898461894267
0.39909667947023103
0.40701814737024006
0.4217603476474558
0.436502547924672
0.45124474820188776
0.4659869484791035
0.47212522001541957
0.46940144494860914
0.46667766988179865
0.4639538948149882
0.4612301197481777
0.4562053056762887
0.44945471235059087
0.44270411902489304
0.4359535256991952
0.4292029323734974
0.4218579570400764
0.41419327623280466
0.40652859542553293
0.3988639146182612
0.3911992338109895
0.3979085936483925
0.4099596577794253
0.4220107219104577
0.4340617860414901
0.4461128501725225
0.44891900168755505
0.4495266678853681
0.4501343340831812
0.45074200028099426
0.4513496664788073
0.4558838690458107
0.46091979570443276
0.4659557223630549
0.470991649021677
0.4760275756802993
0.4719051726021988
0.4674556863192154
0.46300620003623205
0.4585567137532487
0.4549415301748594
0.46931020489550385
0.4836788796161483
0.49804755433679276
0.5124162290574382
0.524687735589607
0.5220274046198323
0.5193670736500576
0.516706742680283
0.5140464117105084
0.5119779837817585
0.5122482946980335
0.5125186056143085
0.5127889165305834
0.5130592274468584
0.513240152912528
0.5131921261713837
0.5131440994302394
0.5130960726890951
0.5130480459479508
0.5130000192068065
0.5129519924656623
0.5129039657245179
0.5128559389833737
0.5128079122422293
0.5127598855010851
0.5127118587599409
0.5126638320187965
0.5126158052776523
0.5125677785365079
0.5125197517953636
0.5124717250542193
0.512423698313075
0.5123756715719306
0.5123276448307864
0.5122796180896421
0.5122315913484978
0.5121835646073535
0.5121355378662092
0.5120875111250649
0.5120394843839207
0.5119914576427763
0.5119434309016321
0.5118954041604877
0.5118473774193435
0.5104594080807994
0.5086335490045429
0.5068076899282866
0.5049818308520302
0.5031559717757738
0.5013889598271316
0.4996337869455834
0.4978786140640353
0.4961234411824871
0.4943682683009388
0.49974865677265123
0.5058233160787348
0.5118979753848182
0.5179726346909017
0.5240472939969852
0.5277919194232757
0.5315133604328519
0.5352348014424281
0.5389562424520042
0.5406385340833902
0.5147923091091979
0.4889460841350038
0.4630998591608115
0.43725363418661917
0.4182478200549624
0.43868837511525477
0.4591289301755472
0.47956948523583953
0.5000100402961319
0.5149499161032118
0.5111157344591092
0.5072815528150065
0.5034473711709038
0.4996131895268011
0.4978580481582945
0.5008310467713856
0.5038040453844765
0.5067770439975676
0.5097500426106587
0.5078789215935378
0.49824478834851327
0.48861065510348883
0.47897652185846434
0.46934238861343985
0.4707374256945795
0.48492160709010196
0.4991057884856255
0.513289969881148
0.5274741512766704
0.5288745644374235
0.5194668826360542
0.5100592008346849
0.5006515190333156
0.49124383723194626
0.4825828227132456
0.4743781048672868
0.4661733870213281
0.4579686691753694
0.44976395132941066
0.4616139720032588
0.48207905640744597
0.5025441408116331
0.5230092252158203
0.5434743096200075
0.5355687528504901
0.5195829501770699
0.5035971475036498
0.48761134483022955
0.4716255421568094
0.4869737582738755
0.5075443108560236
0.528114863438173
0.5486854160203211
0.5692559686024691
0.5567864547765706
0.5420563048280173
0.5273261548794638
0.5125960049309104
0.4981817667874691
0.5048283156515115
0.5114748645155539
0.5181214133795964
0.5247679622436389
0.5305334332732577
0.5277663610642461
0.5249992888552345
0.522232216646223
0.5194651444372115
0.5170262423952661
0.5161625571552381
0.51529887191521
0.514435186675182
0.5135715014351538
0.5142873523041743
0.519710840204085
0.5251343281039956
0.5305578160039066
0.5359813039038173
0.5375072339526776
0.5311217032889592
0.5247361726252409
0.5183506419615225
0.5119651112978041
0.5042907213618688
0.4947529204299571
0.48521511949804547
0.47567731856613377
0.4661395176342221
0.4656715629963955
0.4747315276978116
0.48379149239922703
0.4928514571006425
0.5019114218020579
0.5049133157360817
0.503279468561145
0.5016456213862083
0.5000117742112716
0.498377927036335
0.49255658715229184
0.48443372455789996
0.4763108619635081
0.46818799936911565
0.46006513677472377
0.4640586281582828
0.4726678734382035
0.4812771187181242
0.4898863639980449
0.4984956092779656
0.4997571769323729
0.49921563351303466
0.4986740900936964
0.4981325466743582
0.4975910032550199
0.4897608768230487
0.48095351021061183
0.4721461435981756
0.46333877698573933
0.4545314103733031
0.4589484777329344
0.46390808597347083
0.46886769421400726
0.4738273024545437
0.47840162538460046
0.47358461887171127
0.4687676123588221
0.4639506058459329
0.4591335993330434
0.45465040743817575
0.4526569162360515
0.4506634250339272
0.4486699338318029
0.44667644262967865
0.4460336215436892
0.4508947811809488
0.4557559408182084
0.460617100455468
0.46547826009272764
0.4671597438721186
0.46049457852460335
0.45382941317708764
0.44716424782957237
0.4404990824820571
0.43860176282051183
0.44537927350427253
0.45215678418803323
0.45893429487179394
0.46571180555555464
0.4655310968716758
0.45625726060508587
0.44698342433849586
0.4377095880719059
0.4284357518053153
0.43439345702129323
0.4548504180716369
0.47530737912198057
0.49576434017232424
0.516221301222668
0.5239019784873225
0.5227457261335421
0.5215894737797617
0.5204332214259813
0.5192769690722009
0.5311668002151473
0.5494837460219231
0.5678006918287001
0.5861176376354758
0.6044345834422515
0.5979939823345498
0.5832465727226492
0.5684991631107487
0.5537517534988481
0.5390043438869475
0.5352397459812627
0.5337632338477063
0.5322867217141498
0.5308102095805934
0.529333697447037
0.5280621361282416
0.5268117382087967
0.5255613402893518
0.5243109423699068
0.5230605444504619
0.5334276369774452
0.5439689918611249
0.5545103467448047
0.5650517016284844
0.5748852670387598
0.5743742170685063
0.5738631670982528
0.5733521171279993
0.5728410671577459
0.5711779690348638
0.562602581996212
0.5540271949575601
0.5454518079189083
0.5368764208802564
0.5321998010641289
0.5412121861626423
0.5502245712611559
0.5592369563596693
0.5682493414581828
0.5760338754903978
0.5809601332699162
0.5858863910494347
0.5908126488289531
0.5957389066084716
0.5971291660150353
0.5927332462658549
0.5883373265166746
0.5839414067674943
0.5795454870183139
0.5774129674246504
0.5779575877998782
0.5785022081751058
0.5790468285503335
0.5795914489255612
0.5743293060271251
0.5640594957183738
0.5537896854096225
0.5435198751008711
0.5332500647921198
0.5316133686205676
0.5353637356706279
0.5391141027206882
0.5428644697707485
0.5466148368208088
0.5536601927487487
0.5621544090343372
0.5706486253199258
0.5791428416055143
0.5876370578911029
0.5989661254258491
0.6111257863202213
0.6232854472145934
0.6354451081089656
0.6476047690033377
0.6540523029059735
0.6595092945557067
0.66496628620544
0.6704232778551736
0.6758802695049069
0.6626678667817893
0.6480725459569796
0.63347722513217
0.6188819043073602
0.6043625140060839
0.5974741413199101
0.5905857686337361
0.5836973959475623
0.5768090232613885
0.570883045284273
0.5748483462613732
0.5788136472384734
0.5827789482155735
0.5867442491926737
0.5878120935654014
0.5744778742281549
0.5611436548909065
0.5478094355536599
0.5344752162164134
0.5275477903117578
0.540225152310825
0.5529025143098921
0.5655798763089592
0.5782572383080264
0.5824410827317793
0.5689944437037453
0.5555478046757114
0.5421011656476775
0.5286545266196435
0.5244859394278006
0.5340081360430203
0.5435303326582399
0.5530525292734596
0.5625747258886792
0.5645339207131662
0.558389899333296
0.5522458779534257
0.5461018565735555
0.5399578351936851
0.5353209257391185
0.5318606212086927
0.5284003166782665
0.5249400121478407
0.5214797076174148
0.5222362349464728
0.525360675550471
0.528485116154469
0.5316095567584672
0.5347339973624654
0.5306752489984399
0.5238121049414192
0.5169489608843986
0.5100858168273779
0.5032226727703571
0.5085260691730326
0.5169086517414335
0.5252912343098344
0.5336738168782353
0.5420563994466362
0.5499539091170399
0.5577832905714326
0.5656126720258254
0.5734420534802182
0.5812714349346109
0.591478954181934
0.6017967994093417
0.6121146446367508
0.6224324898641584
0.6317203412619233
0.6121683654297414
0.5926163895975595
0.5730644137653774
0.5535124379331955
0.5384289973926976
0.5583167026131943
0.578204407833691
0.5980921130541877
0.6179798182746845
0.6332308630338896
0.6289841561097155
0.6247374491855413
0.620490742261367
0.6162440353371929
0.6162427774706523
0.6276656370682906
0.639088496665929
0.6505113562635674
0.6619342158612057
0.6649005351381627
0.6521448357907508
0.6393891364433388
0.6266334370959251
0.6138777377485132
0.6068990075791907
0.6076229029806522
0.6083467983821138
0.6090706937835754
0.6097945891850369
0.6143575339503738
0.6226477111078224
0.6309378882652708
0.6392280654227193
0.6475182425801677
0.6510921445182103
0.6513369110072608
0.6515816774963111
0.6518264439853615
0.6520712104744119
0.6439085810435867
0.6315111151494164
0.6191136492552461
0.6067161833610759
0.5943187174669056
0.5940557282418854
0.597971499194322
0.6018872701467586
0.6058030410991957
0.6097188120516323
0.6030626514883819
0.594127511676242
0.585192371864102
0.5762572320519621
0.5673220922398221
0.5650591982744032
0.563525511505347
0.5619918247362907
0.5604581379672344
0.5589244511981782
0.5659812104083863
0.5732106418995847
0.5804400733907831
0.5876695048819814
0.5939997799102299
0.5860184812365197
0.5780371825628094
0.5700558838890993
0.5620745852153891
0.5565621422981218
0.5664800478586283
0.5763979534191347
0.5863158589796411
0.596233764540149
0.6065852304101715
0.6185034255804907
0.6304216207508097
0.6423398159211287
0.6542580110914478
0.654665419044742
0.6276387841307985
0.6006121492168551
0.5735855143029117
0.5465588793889683
0.529984063705273
0.5308747880510704
0.5317655123968679
0.5326562367426654
0.5335469610884628
0.5344376854342603
0.5353284097800577
0.5362191341258552
0.5371098584716527
0.5380005828174501
0.5388913071632476
0.5397820315090451
0.5406727558548426
0.5415634802006402
0.5424542045464378
0.5433449288922352
0.5442356532380327
0.5451263775838302
0.5460171019296276
0.5469078262754251
0.5477985506212226
0.54868927496702
0.5495799993128175
0.550470723658615
0.5513614480044124
0.55225217235021
0.5531428966960075
0.554033621041805
0.5549243453876025
0.5558150697333999
0.5567057940791974
0.5575965184249949
0.5584872427707923
0.5593779671165898
0.5602686914623873
0.5611594158081847
0.5620501401539822
0.5629408644997798
0.5638315888455772
0.5647667289358534
0.5746738494106871
0.5845809698855208
0.5944880903603545
0.6043952108351882
0.6110249398390071
0.5817961503952712
0.5525673609515352
0.5233385715077994
0.4941097820640634
0.471228275970029
0.48104489622293856
0.4908615164758481
0.5006781367287576
0.5104947569816671
0.5141643528142114
0.4985147290398915
0.4828651052655717
0.4672154814912519
0.4515658577169321
0.4508590261536831
0.4818768919000984
0.5128947576465137
0.543912623392929
0.5749304891393443
0.5769314722137071
0.5352280147202889
0.4935245572268708
0.45182109973345264
0.4101176422400345
0.392190287459895
0.4002450655416843
0.40829984362347366
0.41635462170526305
0.4244093997870524
0.43107251470763763
0.4366272253405382
0.4421819359734388
0.4477366466063394
0.45329135723923997
0.4592050985374371
0.4653247954110757
0.47144449228471424
0.4775641891583528
0.48368388603199136
0.4730373004676557
0.45568420192812903
0.43833110338860237
0.42097800484907566
0.403624906309549
0.415660202106413
0.43536203555624825
0.4550638690060835
0.4747657024559187
0.49446753590575393
0.49315657492441267
0.4887589887723913
0.48436140262037
0.4799638164683486
0.4755662303163273
0.4723781747378163
0.46925278913720736
0.46612740353659843
0.46300201793598944
0.4604922916508043
0.47819671288870674
0.49590113412660924
0.5136055553645117
0.5313099766024142
0.5468106410991312
0.5441803978615428
0.5415501546239544
0.538919911386366
0.5362896681487775
0.5351976563203398
0.5407848071895335
0.5463719580587263
0.5519591089279192
0.5575462597971121
0.5561650166913309
0.5355561679879404
0.5149473192845497
0.49433847058115926
0.47372962187776874
0.46897756073287944
0.4943533959491399
0.5197292311654004
0.5451050663816608
0.5704809015979213
0.5843653240248552
0.5826160802151465
0.5808668364054379
0.5791175925957293
0.5773683487860207
0.5733592749100409
0.5671125261645179
0.5608657774189948
0.5546190286734718
0.5483722799279487
0.5407546326769234
0.5321494737905772
0.5235443149042323
0.5149391560178873
0.5063339971315424
0.5107399290091601
0.5218456016532944
0.5329512742974288
0.5440569469415631
0.5551626195856976
0.5493059059016886
0.5374558157150698
0.525605725528451
0.5137556353418321
0.5019055451552134
0.5084755637057141
0.5191512691434043
0.5298269745810945
0.5405026800187847
0.5511783854564749
0.542831398748682
0.5322894860241018
0.5217475732995215
0.5112056605749413
0.500663747850361
0.49433316049730824
0.48810891974454595
0.4818846789917845
0.47566043823902304
0.47066510674709827
0.48711982780793867
0.5035745488687791
0.5200292699296194
0.5364839909904597
0.5506126381563647
0.5495787295626942
0.5485448209690236
0.547510912375353
0.5464770037816824
0.5443112340119216
0.5379338877729882
0.531556541534055
0.5251791952951216
0.5188018490561882
0.52285874140848
0.5523822499834267
0.5819057585583735
0.6114292671333202
0.640952775708267
0.6572666070384551
0.6510359225375825
0.644805238036709
0.6385745535358365
0.6323438690349639
0.6247344947027145
0.6154282713472324
0.6061220479917504
0.5968158246362685
0.5875096012807864
0.5820120993816315
0.5799317681348817
0.5778514368881319
0.5757711056413821
0.5736907743946322
0.574785883847044
0.5779463205834633
0.5811067573198825
0.5842671940563018
0.587427630792721
0.5815699006194813
0.5715599209338801
0.5615499412482787
0.5515399615626775
0.5415299818770762
0.5419229658943777
0.5455375128648371
0.5491520598352969
0.5527666068057564
0.5563811537762158
0.5434139509821841
0.5273437306883662
0.511273510394548
0.49520329010073005
0.479133069806912
0.4724472237960091
0.4665643189002217
0.46068141400443424
0.45479850910864683
0.44891560421285936