0.45382913090128746
0.46387960934661215
0.47393008779193685
0.4839805662372615
0.4940310446825862
0.5040815231279109
0.5141320015732356
0.5108791345383655
0.4969526531065949
0.48302617167482437
0.4690996902430538
0.45517320881128326
0.4412467273795127
0.4304941142797785
0.445505844110692
0.4605175739416055
0.475529303772519
0.4905410336034325
0.505552763434346
0.5205644932652594
0.5251550938923337
0.5244845419116445
0.5238139899309552
0.523143437950266
0.5224728859695766
0.5218023339888874
0.5198968787153859
0.5135966205468765
0.5072963623783671
0.5009961042098576
0.49469584604134825
0.4883955878728388
0.4820953297043294
0.47675841189881135
0.4717024683658324
0.4666465248328535
0.4615905812998746
0.4565346377668957
0.4514786942339168
0.45170844423554146
0.4627168634057697
0.473725282575998
0.4847337017462262
0.4957421209164544
0.5067505400866826
0.5177589592569108
0.5184416809098066
0.5177677415750237
0.5170938022402407
0.5164198629054577
0.5157459235706748
0.5150719842358918
0.5141986674428135
0.5130702647839749
0.5119418621251364
0.5108134594662977
0.5096850568074591
0.5085566541486205
0.5074282514897819
0.5121570275818166
0.5169238373021038
0.5216906470223909
0.5264574567426781
0.5312242664629652
0.5359910761832524
0.5327298216633773
0.5228572201221923
0.5129846185810072
0.5031120170398222
0.49323941549863715
0.48336681395745207
0.4753269974978961
0.4832095014349927
0.49109200537208936
0.49897450930918597
0.5068570132462826
0.5147395171833792
0.5226220211204758
0.5264766177334914
0.5282382821094845
0.5299999464854775
0.5317616108614706
0.5335232752374636
0.5352849396134567
0.5379294597493121
0.5438378708761736
0.5497462820030352
0.5556546931298967
0.5615631042567583
0.5674715153836198
0.5733799265104814
0.5679483751848614
0.5590862469828605
0.5502241187808595
0.5413619905788586
0.5324998623768576
0.5236377341748567
0.518209179887444
0.5199911308206664
0.5217730817538888
0.5235550326871112
0.5253369836203337
0.5271189345535561
0.5289008854867785
0.5359782103376457
0.5437953300740661
0.5516124498104866
0.559429569546907
0.5672466892833276
0.575063809019748
0.5759731609421526
0.5678096237954021
0.5596460866486515
0.5514825495019011
0.5433190123551505
0.5351554752084
0.5269919380616495
0.5266968693875465
0.5265046565104715
0.5263124436333966
0.5261202307563216
0.5259280178792467
0.5257358050021717
0.5318068593803877
0.5431718658434335
0.554536872306479
0.5659018787695247
0.5772668852325702
0.5886318916956159
0.5983374555348003
0.5925548882179483
0.5867723209010962
0.5809897535842442
0.5752071862673921
0.5694246189505401
0.563642051633688
0.558632597375334
0.5540364906928104
0.5494403840102868
0.5448442773277633
0.5402481706452398
0.5356520639627163
0.5327532879033592
0.5363786264267982
0.5400039649502372
0.5436293034736762
0.5472546419971153
0.5508799805205543
0.5545053190439933
0.5536920057867376
0.5514869118863828
0.5492818179860278
0.547076724085673
0.544871630185318
0.5426665362849632
0.5395323306801996
0.5343882099597762
0.5292440892393528
0.5240999685189296
0.5189558477985061
0.5138117270780829
0.5086676063576595
0.511796765024547
0.5161515947117767
0.5205064243990066
0.5248612540862364
0.5292160837734663
0.5335709134606961
0.5395104032604029
0.5475867832117828
0.5556631631631629
0.5637395431145428
0.5718159230659229
0.5798923030173029
0.5879686829686829
0.5747539937922189
0.5611190861461263
0.547484178500034
0.5338492708539413
0.520214363207849
0.5065794555617564
0.5016825521126491
0.504365604111529
0.5070486561104088
0.5097317081092887
0.5124147601081686
0.5150978121070485
0.5183181966422178
0.5269502874357319
0.5355823782292457
0.5442144690227598
0.5528465598162737
0.5614786506097877
0.5701107414033019
0.571854621849089
0.5698099866036264
0.5677653513581639
0.5657207161127014
0.5636760808672387
0.5616314456217762
0.5574169446185656
0.5445229805843625
0.5316290165501598
0.5187350525159568
0.505841088481754
0.4929471244475509
0.48005316041334817
0.48749058463134737
0.5015313657175833
0.5155721468038185
0.5296129278900544
0.5436537089762903
0.5576944900625261
0.5660900742945263
0.5619015738722934
0.5577130734500605
0.5535245730278275
0.5493360726055948
0.545147572183362
0.540959071761129
0.5403982477412743
0.5404059401725385
0.5404136326038027
0.5404213250350669
0.5404290174663311
0.5404367098975953
0.545324076812404
0.5569679160890442
0.5686117553656842
0.5802555946423243
0.5918994339189638
0.603543273195604
0.6151871124722441
0.623491868941537
0.6317081728861317
0.6399244768307267
0.6481407807753218
0.6563570847199168
0.6645733886645114
0.6592376059072641
0.6418371605983761
0.6244367152894882
0.6070362699806009
0.5896358246717129
0.572235379362825
0.5560085877182668
0.5526017053302316
0.5491948229421962
0.5457879405541609
0.5423810581661256
0.5389741757780904
0.535567293390055
0.5386211026226051
0.5453294444890217
0.552037786355438
0.5587461282218545
0.5654544700882712
0.5721628119546878
0.5780117952759184
0.5802801179922077
0.5825484407084971
0.5848167634247865
0.5870850861410759
0.5893534088573652
0.5916217315736545
0.5957763728828321
0.6005652075120325
0.6053540421412327
0.610142876770433
0.6149317113996334
0.6197205460288338
0.6212482966874306
0.6152824926901727
0.6093166886929148
0.6033508846956568
0.5973850806983991
0.5914192767011411
0.5854534727038833
0.5771532259320915
0.5684668307314299
0.5597804355307678
0.5510940403301059
0.5424076451294438
0.5337212499287822
0.5276111675685161
0.5251642800281883
0.5227173924878603
0.5202705049475326
0.5178236174072047
0.5153767298668768
0.5129298423265489
0.5071407232218018
0.5012401963982411
0.4953396695746801
0.4894391427511191
0.4835386159275581
0.47763808910399735
0.4848130492455658
0.5039335159972528
0.5230539827489399
0.542174449500626
0.5612949162523131
0.5804153830040001
0.5972570011108062
0.5869423395327871
0.5766276779547677
0.5663130163767481
0.5559983547987286
0.5456836932207096
0.5353690316426901
0.540097735724004
0.5535761524847261
0.5670545692454477
0.5805329860061699
0.594011402766892
0.6074898195276142
0.6184942252447412
0.6187494795310772
0.619004733817413
0.619259988103749
0.6195152423900849
0.6197704966764209
0.6200257509627568
0.621056698597299
0.6223574526138257
0.6236582066303524
0.6249589606468792
0.626259714663406
0.6275604686799328
0.6321820896112249
0.6446727212753313
0.6571633529394376
0.669653984603544
0.6821446162676498
0.6946352479317561
0.7071258795958626
0.6970733273172856
0.6830927960183935
0.6691122647195008
0.655131733420608
0.6411512021217153
0.6271706708228232
0.6159647982465833
0.6088108082494559
0.6016568182523283
0.5945028282552012
0.5873488382580737
0.5801948482609461
0.5730408582638187
0.5795015818708182
0.5865105489786553
0.5935195160864923
0.6005284831943294
0.6075374503021664
0.6145464174100032
0.6180152106231462
0.6181650908100137
0.6183149709968812
0.6184648511837486
0.6186147313706161
0.6187646115574834
0.6185802896353655
0.6140209582865311
0.6094616269376966
0.604902295588862
0.6003429642400274
0.5957836328911931
0.5912243015423586
0.5859271376730687
0.5801887955956716
0.5744504535182747
0.5687121114408776
0.5629737693634805
0.5572354272860833
0.5533289046793937
0.5577309918148405
0.5621330789502875
0.5665351660857345
0.5709372532211813
0.5753393403566281
0.5797414274920751
0.5756860432007563
0.5685889367296363
0.5614918302585159
0.5543947237873955
0.5472976173162751
0.5402005108451547
0.5349223399723273
0.5340904561175484
0.5332585722627693
0.5324266884079903
0.5315948045532114
0.5307629206984324
0.5299310368436535
0.5293076207189538
0.52872239715549
0.528137173592026
0.5275519500285623
0.5269667264650983
0.5263815029016345
0.5391630717514434
0.5719948292211621
0.6048265866908806
0.6376583441605979
0.6704901016303164
0.7033218591000351
0.7361536165697538
0.7413507103203015
0.7452407591652135
0.7491308080101255
0.7530208568550375
0.7569109056999493
0.7608009545448613
0.7548738132071473
0.7395022863772867
0.724130759547426
0.7087592327175654
0.6933877058877047
0.6780161790578454
0.6628105777228576
0.6500108960635269
0.6372112144041964
0.6244115327448657
0.6116118510855351
0.5988121694262044
0.5860124877668738
0.583122206544857
0.5863220776749385
0.58952194880502
0.5927218199351015
0.595921691065183
0.5991215621952645
0.5997101689464351
0.58791944827166
0.576128727596886
0.5643380069221109
0.5525472862473358
0.5407565655725608
0.5289658448977858
0.5265064764122792
0.5275153981210139
0.5285243198297487
0.5295332415384832
0.530542163247218
0.5315510849559527
0.5328719770762321
0.5349798854619995
0.5370877938477668
0.5391957022335341
0.5413036106193014
0.5434115190050688
0.5455194273908358
0.5410372329920428
0.53528771113468
0.5295381892773173
0.5237886674199546
0.5180391455625919
0.5122896237052291
0.5056187582622931
0.49752811745798264
0.4894374766536715
0.48134683584936033
0.4732561950450492
0.465165554240738
0.45707491343642687
0.46375069545851216
0.4712300923282922
0.4787094891980716
0.4861888860678516
0.49366828293763165
0.5011476798074117
0.5041737042090159
0.5028034506612671
0.5014331971135182
0.5000629435657693
0.4986926900180205
0.49732243647027163
0.49729409116530954
0.5190344795766746
0.5407748679880396
0.5625152563994048
0.5842556448107699
0.6059960332221349
0.6277364216335
0.6271018575892904
0.6123357446257711
0.597569631662252
0.5828035186987328
0.5680374057352137
0.5532712927716945
0.5435339540445647
0.5587470721056693
0.5739601901667726
0.5891733082278772
0.6043864262889818
0.6195995443500864
0.6348126624111909
0.6392153116069722
0.6394675129348171
0.6397197142626619
0.6399719155905068
0.6402241169183517
0.6404763182461966
0.6387164591087022
0.6317158843405568
0.6247153095724114
0.617714734804266
0.6107141600361206
0.6037135852679757
0.5967130104998303
0.5992809963046544
0.6037775292017054
0.6082740620987562
0.6127705949958072
0.6172671278928581
0.6217636607899091
0.6269229676294131
0.6331316665444673
0.639340365459522
0.6455490643745767
0.6517577632896314
0.6579664622046862
0.664175161119741
0.6607648633065254
0.6567616136401976
0.6527583639738702
0.6487551143075424
0.6447518646412146
0.6407486149748868
0.6578480102315701
0.69632411073494
0.73480021123831
0.7732763117416799
0.8117524122450462
0.8502285127484162
0.8849521807992208
0.8507249025341131
0.8164976242690055
0.7822703460038979
0.7480430677387903
0.7138157894736826
0.6795885112085781
0.656552078137271
0.6407777892874739
0.6250035004376768
0.6092292115878797
0.5934549227380826
0.5776806338882856
0.5622699309878665
0.5487498750242124
0.5352298190605594
0.5217097630969054
0.5081897071332513
0.49466965116959716
0.4811495952059431
0.48609266922885824
0.49835446144464723
0.5106162536604363
0.5228780458762241
0.5351398380920132
0.5474016303078021
0.5565983208583541
0.5575484283571965
0.558498535856039
0.5594486433548814
0.5603987508537239
0.5613488583525662
0.5622989658514087
0.5583701111107245
0.55341210027264
0.5484540894345554
0.5434960785964709
0.5385380677583864
0.5335800569203019
0.5312550673913359
0.5332143159246641
0.5351735644579922
0.5371328129913204
0.5390920615246486
0.5410513100579769
0.5430105585913051
0.5461951006847265
0.5494641457822924
0.552733190879858
0.5560022359774238
0.5592712810749897
0.5625403261725556
0.5646551519921638
0.5655701972465266
0.5664852425008894
0.5674002877552522
0.5683153330096149
0.5692303782639777
0.5703995885885831
0.5769425746840335
0.583485560779484
0.5900285468749344
0.5965715329703849
0.6031145190658354
0.6096575051612851
0.6087408643257125
0.6028511388694572
0.5969614134132017
0.5910716879569463
0.585181962500691
0.5792922370444356
0.5736944707593155
0.5696903149499759
0.5656861591406359
0.5616820033312959
0.5576778475219559
0.5536736917126159
0.5496695359032759
0.5545226071622781
0.5629990894946927
0.5714755718271073
0.5799520541595211
0.5884285364919357
0.5969050188243503
0.6021773713411674
0.5985406799804693
0.5949039886197712
0.591267297259073
0.5876306058983749
0.5839939145376771
0.580357223176979
0.5767142619250792
0.5730699183349619
0.5694255747448446
0.5657812311547272
0.5621368875646098
0.5584925439744924
0.558338857950966
0.5640229957888073
0.5697071336266487
0.5753912714644901
0.5810754093023315
0.5867595471401728
0.5924436849780141
0.5917771018421187
0.5906253941873966
0.5894736865326742
0.5883219788779519
0.5871702712232296
0.5860185635685072
0.5855723738233812
0.5858787365151578
0.5861850992069344
0.5864914618987109
0.5867978245904876
0.5871041872822641
0.587629167323905
0.5935831448871776
0.5995371224504501
0.6054911000137227
0.6114450775769953
0.6173990551402678
0.6233530327035399
0.6162757531805152
0.6002748954353507
0.5842740376901864
0.568273179945022
0.5522723221998577
0.5362714644546932
0.523779710117555
0.5314271579482125
0.5390746057788706
0.5467220536095287
0.5543695014401868
0.562016949270845
0.5696643971015032
0.5765639025053682
0.5831477624814123
0.5897316224574564
0.5963154824334999
0.6028993424095439
0.6094832023855881
0.6108630305155892
0.5972812670882168
0.5836995036608444
0.570117740233472
0.5565359768060996
0.5429542133787284
0.529372449951356
0.5225575429216653
0.5173000869676317
0.5120426310135983
0.5067851750595648
0.5015277191055312
0.4962702631514977
0.49518751227682817
0.5012823245210652
0.5073771367653024
0.5134719490095394
0.5195667612537765
0.5256615734980136
0.5317563857422507
0.5448601994907104
0.5585521811975651
0.5722441629044209
0.5859361446112769
0.5996281263181327
0.6133201080249886
0.6115596961532331
0.5928851777967821
0.5742106594403309
0.5555361410838798
0.5368616227274304
0.5181871043709794
0.5003298796054159
0.5069914625664891
0.5136530455275623
0.5203146284886355
0.5269762114497087
0.5336377944107821
0.5402993773718547
0.5438900778102655
0.5453210366942762
0.5467519955782869
0.5481829544622976
0.5496139133463084
0.5510448722303191
0.5523446978523595
0.552851763299762
0.5533588287471647
0.5538658941945673
0.5543729596419699
0.5548800250893725
0.5553870905367752
0.5546687878126357
0.553417223013844
0.5521656582150523
0.5509140934162605
0.5496625286174687
0.5484109638186768
0.5437026598671072
0.5287127727944547
0.5137228857218022
0.4987329986491498
0.4837431115764973
0.46875322450384627
0.4537633374311938
0.4556422164955691
0.46156959943283155
0.46749698237009407
0.4734243653073566
0.47935174824461907
0.4852791311818816
0.486815608089852
0.48058959041032423
0.47436357273079643
0.46813755505126864
0.4619115373717408
0.455685519692213
0.44945950201268514
0.4555978242029738
0.4628680930010614
0.4701383617991497
0.477408630597238
0.48467889939532627
0.49194916819341455
0.49683937128431543
0.49905607590960865
0.5012727805349019
0.5034894851601949
0.5057061897854881
0.5079228944107813
0.5097461661019441
0.4967173445296787
0.48368852295741316
0.4706597013851477
0.4576308798128822
0.4446020582406167
0.43157323666835246
0.4318809294500267
0.44182054926510317
0.4517601690801796
0.461699788895256
0.47163940871033244
0.48157902852540885
0.4904058850004801
0.49213225159171115
0.4938586181829423
0.4955849847741735
0.4973113513654047
0.4990377179566359
0.500764084547867
0.5027984647641373
0.5049710193168735
0.5071435738696095
0.5093161284223457
0.5114886829750819
0.5136612375278181
0.5148069871391698
0.5127912583783637
0.5107755296175575
0.5087598008567513
0.5067440720959454
0.5047283433351393
0.5027126145743331
0.4984449507910342
0.493614303252112
0.48878365571318977
0.48395300817426756
0.47912236063534536
0.47429171309642315
0.4705968864055641
0.46896718852936436
0.4673374906531647
0.465707792776965
0.4640780949007653
0.4624483970245656
0.4608186991483659
0.4655581137872999
0.47092992257667193
0.4763017313660445
0.481673540155417
0.48704534894478957
0.49241715773416206
0.49536243996874063
0.49551047631376505
0.4956585126587895
0.495806549003814
0.49595458534883846
0.49610262169386293
0.4960963068674519
0.48826953268834383
0.4804427585092358
0.4726159843301263
0.46478921015101826
0.4569624359719088
0.44913566179280073
0.44270952170523115
0.4373220540900404
0.4319345864748486
0.42654711885965785
0.4211596512444671
0.4157721836292753
0.4122687693163239
0.4214827147934941
0.4306966602706625
0.4399106057478327
0.4491245512250011
0.4583384967021696
0.4675524421793397
0.4663623362511024
0.4603628103335725
0.4543632844160437
0.4483637584985138
0.44236423258098495
0.43636470666345506
0.4319429448290807
0.43255297115179275
0.43316299747450493
0.43377302379721694
0.4343830501199291
0.4349930764426412
0.4356031027653533
0.4260142842106107
0.41377210763897027
0.40152993106732754
0.3892877544956871
0.37704557792404436
0.3648034013524039
0.3581992264346581
0.3621402027584584
0.3660811790822594
0.3700221554060597
0.37396313172985995
0.377904108053661
0.3818450843774613
0.38565128330638826
0.38944304180014955
0.39323480029391145
0.39702655878767273
0.40081831728143463
0.40461007577519587
0.4072892716391213
0.4086521962226777
0.4100151208062338
0.41137804538979017
0.4127409699733463
0.41410389455690266
0.4157355857306481
0.4379279210538841
0.46012025637712417
0.4823125917003601
0.5045049270236002
0.5266972623468362
0.5488895976700763
0.5481738601103359
0.5300167488783281
0.5118596376463236
0.49370252641431905
0.47554541518231125
0.4573883039503067
0.4411515098251057
0.43866014341178095
0.43616877699845574
0.43367741058513093
0.4311860441718057
0.42869467775848097
0.42620331134515616
0.43329513244936135
0.4449503761809606
0.456605619912562
0.46826086364416125
0.4799161073757626
0.4915713511073619
0.4977843289974845
0.486007594800495
0.4742308606035077
0.46245412640651823
0.4506773922095309
0.4389006580125414
0.42712392381555414
0.4305418508970313
0.43806980930792816
0.4455977677188251
0.4531257261297234
0.4606536845406203
0.4681816429515186
0.4744795095589997
0.4784100296768887
0.48234054979477703
0.4862710699126654
0.4902015900305544
0.49413211014844277
0.4980626302663318
0.49512564650954266
0.4913981587096248
0.4876706709097075
0.4839431831097896
0.4802156953098724
0.47648820750995513
0.47087065485321333
0.46295802344175807
0.45504539203030137
0.44713276061884605
0.43922012920738934
0.4313074977959341
0.4234489701541394
0.4239224230401867
0.42439587592623396
0.42486932881228134
0.4253427816983286
0.42581623458437595
0.42628968747042323
0.4322515587292736
0.4425032282565196
0.4527548977837656
0.4630065673110135
0.4732582368382594
0.4835099063655073
0.49401307740520545
0.5064304544007928
0.5188478313963779
0.5312652083919653
0.5436825853875504
0.5560999623831355
0.568517339378723
0.5570975768511818
0.5339884478267185
0.5108793188022596
0.48777018977779635
0.4646610607533374
0.4415519317288742
0.4249963030546939
0.43090981843860815
0.43682333382252353
0.4427368492064378
0.4486503645903531
0.4545638799742674
0.4604773953581828
0.4612568148505644
0.46059359582797055
0.4599303768053765
0.4592671577827826
0.45860393876018857
0.4579407197375947
0.45871121121121144
0.46232155232155236
0.4659318934318939
0.4695422345422348
0.47315257565257574
0.47676291676291727
0.4803732578732582
0.47398881231907075
0.46637312492939875
0.4587574375397254
0.4511417501500534
0.4435260627603814
0.43591037537070804
0.43045722815505494
0.4276994208664398
0.4249416135778252
0.42218380628921004
0.41942599900059535
0.4166681917119802
0.4139103844233656