0.44738732607380627
0.44854735847824123
0.4586827485255304
0.493254273574655
0.48554893330819404
0.4414309380763738
0.44047833871677816
0.4510372782605024
0.47543939003515095
0.4817586288783251
0.45346469175670745
0.44254529013838434
0.442651089519319
0.4405122899331817
0.4391639301241968
0.44406906283354686
0.4538782058580815
0.4705244752971473
0.4694315666030987
0.4602305992168943
0.4708749388844322
0.49367940010509237
0.5554622311478252
0.5705950749216485
0.5375995867595893
0.5258486249333475
0.5220820857517912
0.5613429440963575
0.5802538503334062
0.5512477181777523
0.514496932870951
0.4718251589164831
0.4562984529241101
0.4463226372279686
0.4380763700629749
0.4198977653200255
0.38499587591093654
0.37556198970911375
0.38037641881513995
0.37536413247751405
0.3713394502404826
0.37633879320341546
0.3867878217765486
0.40397502751888265
0.42231106238451466
0.44110329089717054
0.3779114310574222
0.34196090499227333
0.3902631369510897
0.4112717349825739
0.40725361220361384
0.4174091693450335
0.43082828104402676
0.43630292196663445
0.42711841222835606
0.38783998473122094
0.3730191672034576
0.37476411456773995
0.370807194735188
0.37032825785260326
0.3982211182449149
0.41165904155340594
0.4036014765260418
0.39860494207087127
0.3951112391627727
0.40862943728764334
0.4229559448232473
0.43617710233055773
0.4295807876987336
0.4012212854813875
0.39170369650828085
0.3886829394526853
0.38961151837657887
0.40528201600806474
0.45839517833245397
0.4685174837661042
0.4436252233673604
0.4500970582226236
0.46219919460415254
0.46124600172963953
0.4266294228184465
0.3313860661421636
0.33603977510911376
0.40046568955788814
0.38311952799288496
0.36507469236487256
0.393111036355413
0.4191628199870506
0.44260040362784436
0.43393283915028646
0.4115172780774936
0.4128690865523948
0.41755673105231195
0.4305000545135554
0.4249731840487422
0.40141889827938687
0.38206271685074633
0.36675400187347795
0.4138553177318012
0.4389258811150478
0.4154063959838199
0.4254313984878423
0.4596885383283743
0.4628177823275504
0.45826451756382747
0.43757506135317187
0.41482013741477475
0.38878639923592717
0.388172521120499
0.4009410561072417
0.4136104845338183
0.4261243547734935
0.4380195080712179
0.4378614627648165
0.4236111439024625
0.42006851303538195
0.4204935765323457
0.4261236853268013
0.43325588515054103
0.4444891372486105
0.45667995925014865
0.46970129495437185
0.46464204210518467
0.4570974206144355
0.4739829135230695
0.49379901254432507
0.5192680573665753
0.49285229950514625
0.4332715399282977
0.4334690208859556
0.43625497161968263
0.40625093861546163
0.39698308774753044
0.41683229262930743
0.4350907165183958
0.45261617296275114
0.4440926691046859
0.4310681912384059
0.40674081584964833
0.41737497570830834
0.46432959974626514
0.4584409321337417
0.43677663135234795
0.44997391855962204
0.449264608540862
0.41553729575151804
0.39692748113840026
0.3899572126671022
0.38896409499932605
0.39316477993678434
0.43249163966396653
0.4525191894146052
0.4398100591583043
0.42136770761892933
0.3996936215893669
0.41929636486220345
0.4400946795967855
0.4470184538273347
0.432004417868049
0.38967482058289743
0.3786927532634063
0.38026491517773514
0.38413686401495756
0.3923142838936709
0.41319819552304027
0.43306192574645475
0.4519836884717051
0.4438822613049067
0.4311001103950614
0.4606024966731318
0.4762993779271317
0.46343061314728157
0.46061988843919344
0.4646709170162141
0.4710582690484296
0.4758007510088634
0.4672568997627183
0.4579264932685134
0.44741795640275556
0.45065097565097584
0.4606835731835743
0.4631221749559599
0.46471709479929935
0.465009788467631
0.46399875641858884
0.4615460130835455
0.45601246738950896
0.4496864276489002
0.4653743465484615
0.4761927073928231
0.4745365830957771
0.47463403555640127
0.4761697528655877
0.4777054701747741
0.47924118748396055
0.480776904793147
0.48231262210233344
0.48384833941151983
0.4853840567207063
0.4869197740298927
0.4884554913390792
0.48999120864826556
0.49152692595745195
0.4930626432666384
0.49459836057582485
0.4961340778850113
0.4976697951941977
0.4810424373420208
0.4696613579484415
0.47729754238197425
0.4687134615442473
0.44418781415126124
0.4603316922586363
0.487219540605973
0.48642137402625196
0.4762720980313229
0.4453309698171038
0.4340313909786553
0.43702192141659235
0.44591245127916174
0.45649941268166544
0.47191746670593154
0.4755225945401869
0.4602376827462732
0.4354061920995886
0.40551020338777344
0.38185493121537845
0.36559413332912655
0.3784851486942621
0.3998467371541046
0.4311812267669591
0.4460026979355564
0.45465144554284675
0.46427516960877097
0.4703184732945697
0.46643016835619433
0.4682233025763497
0.474978472944702
0.45413041569497514
0.42804264461241187
0.422306678719127
0.4175125756578097
0.41454933861169524
0.4176608158181859
0.4246836475007127
0.41728080290497327
0.4128871094596901
0.4380341362868245
0.4334623740454047
0.38686152935556717
0.4131366205956215
0.47326017953915145
0.456539191237972
0.4396918599873204
0.4362838281015411
0.4283537753011245
0.415693239629012
0.4548467128394851
0.5081548647473323
0.46986544855765894
0.4352553590456827
0.40945401046207575
0.4323937069890452
0.49312646003252636
0.46457161820660364
0.424585124806785
0.4437635864508559
0.45578129115128296
0.4555618337508345
0.46012659522724847
0.4674084810114462
0.44153466125476665
0.4202157576711573
0.43649736005419465
0.4492076623928501
0.4574398892852285
0.45752548750525146
0.4543207198868047
0.47218062780391934
0.4790632616636154
0.45170684687514945
0.43525283235581697
0.4289354976853799
0.44339343546850934
0.4614435046592351
0.4448109392998683
0.43372597733560664
0.43421088341461206
0.4484906629262885
0.4722493759370234
0.48908135285618654
0.498665977552027
0.4672045077027651
0.45107138895848764
0.4580640868812951
0.46239753004126877
0.46540479939743934
0.467907303696049
0.4704415510275551
0.4732338060977028
0.4648975762984734
0.4441691875238213
0.44642941253707186
0.4565620432636755
0.45426212531955346
0.4519553224777262
0.44963073008654897
0.4628668230958951
0.4889552543632676
0.4763544845564924
0.4582294572486174
0.4744014383156716
0.47723185254001543
0.4556681273901868
0.4297678568910889
0.40123425244731054
0.4518430569664377
0.49878786566040706
0.47527941295367704
0.4674994610916979
0.4807332957834348
0.49089729017821626
0.4997249113093972
0.501718374405419
0.4934168748357357
0.452212335416463
0.437341168855039
0.44853096094948575
0.4488662049682575
0.4462807771713681
0.45089986026486467
0.45202462955076134
0.44531663923422854
0.4463152470389248
0.4529607315450625
0.44132894524459326
0.42799569649753144
0.42729725002418567
0.4411552195485137
0.47846153339488834
0.4764633440325716
0.4534539707741182
0.4595985428546255
0.46298305417167507
0.44367326677135643
0.443503315096103
0.4660256686554944
0.464437926595424
0.4537585494330262
0.4568945876694429
0.45930111484903974
0.45946599893143353
0.45963088301382726
0.459795767096221
0.4599606511786148
0.4601255352610085
0.4602904193434023
0.4604553034257961
0.46062018750818984
0.4607850715905836
0.46094995567297736
0.4611148397553711
0.46127972383776483
0.4614446079201586
0.46160949200255236
0.4617743760849461
0.4619392601673399
0.4621041442497337
0.4622690283321274
0.4624339124145212
0.46259879649691493
0.46276368057930867
0.46292856466170246
0.4630934487440962
0.4632583328264899
0.4634232169088837
0.46358810099127745
0.46375298507367124
0.46391786915606503
0.46408275323845877
0.4642476373208525
0.4644125214032463
0.46457740548564
0.46474228956803376
0.46490717365042755
0.4650720577328213
0.465236941815215
0.4654018258976088
0.46556670998000255
0.46573159406239634
0.4658964781447901
0.46606136222718386
0.4662262463095776
0.46639113039197133
0.4665560144743651
0.46672089855675886
0.46688578263915265
0.4670506667215464
0.4672155508039401
0.4673804348863339
0.4675453189687277
0.46771020305112143
0.4678750871335152
0.46803997121590896
0.4682048552983027
0.4683697393806965
0.4685346234630902
0.46869950754548395
0.4688643916278777
0.4690292757102715
0.4691941597926652
0.469359043875059
0.4695239279574528
0.4696888120398465
0.4698536961222403
0.47001858020463405
0.4701834642870278
0.4703483483694216
0.4705132324518153
0.47067811653420905
0.47084300061660284
0.47100788469899657
0.47117276878139036
0.47133765286378415
0.4715025369461779
0.4716674210285716
0.47183230511096536
0.47199718919335915
0.4721620732757529
0.4723269573581466
0.4724918414405404
0.47265672552293414
0.4728216096053279
0.47298649368772167
0.47315137777011546
0.47331626185250925
0.473481145934903
0.4736460300172967
0.4738109140996905
0.47397579818208424
0.474140682264478
0.47430556634687177
0.4744704504292655
0.47463533451165923
0.474800218594053
0.4749651026764468
0.47512998675884055
0.4752948708412343
0.4754597549236281
0.4756246390060218
0.4757895230884156
0.47595440717080933
0.47611929125320307
0.4762841753355968
0.4764490594179906
0.4766139435003844
0.4767788275827782
0.4769437116651719
0.47710859574756564
0.4772734798299594
0.47743836391235317
0.4776032479947469
0.47776813207714064
0.47793301615953443
0.47809790024192816
0.47826278432432195
0.4784276684067157
0.4785925524891095
0.4787574365715032
0.478922320653897
0.47908720473629074
0.47925208881868453
0.47941697290107826
0.479581856983472
0.47974674106586573
0.4799116251482595
0.48007650923065326
0.48024139331304705
0.48040627739544084
0.4805711614778346
0.4807360455602283
0.4809009296426221
0.48106581372501583
0.48123069780740957
0.48139558188980336
0.4815604659721971
0.4817253500545909
0.4818902341369846
0.4820551182193784
0.48222000230177214
0.48238488638416593
0.48254977046655967
0.4827146545489534
0.4828795386313472
0.48304442271374093
0.48320930679613466
0.48337419087852845
0.4835390749609222
0.4837039590433159
0.4838688431257097
0.4840337272081035
0.4841986112904973
0.48436349537289103
0.48452837945528476
0.4846932635376785
0.4848581476200723
0.485023031702466
0.4851879157848598
0.48535279986725355
0.4855176839496473
0.485682568032041
0.4858474521144348
0.4860123361968286
0.48617722027922233
0.4863421043616161
0.48650698844400986
0.4866718725264036
0.4868367566087974
0.4870016406911911
0.48716652477358485
0.48733140885597864
0.48749629293837243
0.4876611770207662
0.48782606110315996
0.4879909451855537
0.4881558292679474
0.4883207133503412
0.48848559743273495
0.4886504815151287
0.4888153655975225
0.4889802496799162
0.48914513376230995
0.48931001784470374
0.4894749019270975
0.48963978600949126
0.48980467009188505
0.4899695541742788
0.4901344382566725
0.4902993223390663
0.49046420642146005
0.4906290905038538
0.49079397458624757
0.4909588586686413
0.49112374275103504
0.49128862683342883
0.4914535109158226
0.49161839499821636
0.49178327908061015
0.4919481631630039
0.4921130472453976
0.4922779313277914
0.49244281541018514
0.4926076994925789
0.49277258357497267
0.49293746765736646
0.4931023517397602
0.493267235822154
0.4934321199045477
0.49359700398694145
0.49376188806933524
0.493926772151729
0.4940916562341227
0.4942565403165165
0.49442142439891024
0.49458630848130397
0.49475119256369776
0.49491607664609155
0.4950809607284853
0.4952458448108791
0.4954107288932728
0.49557561297566655
0.49574049705806034
0.49590538114045407
0.4960702652228478
0.4962351493052416
0.49640003338763533
0.49656491747002907
0.49672980155242286
0.49689468563481665
0.4970595697172104
0.49722445379960417
0.4973893378819979
0.49755422196439164
0.49771910604678543
0.49788399012917917
0.4980488742115729
0.4982137582939667
0.4983786423763604
0.49854352645875416
0.49870841054114795
0.49887329462354174
0.4990381787059355
0.49920306278832927
0.499367946870723
0.49953283095311674
0.4996977150355105
0.49986259911790426
0.500027483200298
0.5001923672826918
0.5003572513650856
0.5005221354474793
0.500687019529873
0.5008519036122668
0.5010167876946605
0.5011816717770543
0.5013465558594481
0.5015114399418419
0.5016763240242357
0.5018412081066294
0.5020060921890231
0.5021709762714168
0.5023358603538106
0.5025007444362044
0.5026656285185981
0.5028305126009919
0.5029953966833857
0.5031602807657793
0.5033251648481731
0.5034900489305669
0.5036549330129607
0.5038198170953545
0.5039847011777482
0.504149585260142
0.5043144693425358
0.5044793534249294
0.5046442375073232
0.504809121589717
0.5049740056721108
0.5051388897545046
0.5053037738368983
0.5054686579192921
0.5056335420016858
0.5057984260840795
0.5059633101664733
0.506128194248867
0.5062930783312608
0.5064579624136546
0.5066228464960484
0.5067877305784422
0.5069526146608359
0.5071174987432296
0.5072823828256234
0.5074472669080171
0.5076121509904109
0.5077770350728047
0.5079419191551984
0.5081068032375922
0.508271687319986
0.5084365714023797
0.5086014554847735
0.5087663395671672
0.508931223649561
0.5090961077319548
0.5092609918143485
0.5094258758967423
0.5095907599791359
0.5097556440615297
0.5099205281439235
0.5100854122263172
0.510250296308711
0.5104151803911048
0.5105800644734986
0.5107449485558924
0.510909832638286
0.5110747167206798
0.5112396008030736
0.5114044848854673
0.5115693689678611
0.5117342530502549
0.5118991371326486
0.5120640212150424
0.5122289052974361
0.5123937893798299
0.5125586734622237
0.5127235575446174
0.5128884416270112
0.513053325709405
0.5132182097917987
0.5133830938741925
0.5135479779565861
0.5137128620389799
0.5138777461213737
0.5140426302037674
0.5142075142861612
0.514372398368555
0.5145372824509488
0.5147021665333426
0.5148670506157362
0.51503193469813
0.5151968187805238
0.5153617028629175
0.5155265869453113
0.5156914710277051
0.5158563551100989
0.5160212391924927
0.5161861232748863
0.5163510073572801
0.5165158914396739
0.5166807755220676
0.5168456596044614
0.5170105436868551
0.5171754277692489
0.5173403118516426
0.5175051959340363
0.5176700800164301
0.5178349640988239
0.5179998481812177
0.5181647322636115
0.5183296163460052
0.518494500428399
0.5186593845107927
0.5188242685931864
0.5189891526755802
0.519154036757974
0.5193189208403678
0.5194838049227616
0.5196486890051553
0.519813573087549
0.5199784571699428
0.5201433412523365
0.5203082253347303
0.5204731094171241
0.5206379934995178
0.5208028775819116
0.5209677616643053
0.521132645746699
0.5295862518890455
0.5446501784281151
0.5378814594550395
0.5269991423192277
0.5211430389427962
0.5219815880276868
0.5346078505373006
0.5221070289268237
0.4949027212790386
0.46809060305017547
0.45276280264567415
0.49404773296805077
0.5068475800692837
0.48291071269879404
0.4893615766162766
0.5085051047080988
0.5175808927028998
0.5196995639372476
0.5009408572187425
0.48280437907829155
0.46526270927347385
0.4603711183332292
0.4594782027682568
0.4669877715513982
0.4732774340865816
0.47694063180375684
0.48423705747690265
0.49410254078755483
0.48304876951857695
0.4719157886691257
0.48562046553836613
0.4927473838095771
0.48965840266526506
0.48666633474954984
0.48372412245799484
0.47681076265298605
0.46667023271876606
0.44465656741896875
0.42789400935312727
0.4171438714659427
0.4497896191977471
0.49788023728059905
0.4843038202838579
0.4788143492800157
0.49495874653743516
0.4904439280783992
0.4683820193473759
0.44004658084078496
0.4172636216344192
0.47759306450907685
0.5104581005624164
0.4915527297575645
0.4962130019620192
0.5156100988089121
0.5105026372860145
0.5023252804508086
0.4949777287388994
0.4997134970491979
0.5210576146904343
0.5223628842900413
0.5146557071573581
0.48344291616317114
0.46411243699852306
0.4887093727088657
0.48905909170298356
0.46473769159072925
0.49365233530509156
0.5363924346826143
0.5030093194479045
0.48532795719809535
0.5040132987006821
0.5025321470511208
0.48584950512273406
0.4903993906890572
0.49639866029814944
0.4805484751665558
0.4679424054222179
0.4607182782558198
0.4626484450818737
0.4696233169306508
0.4691465970234537
0.467822314939504
0.46586609211907437
0.4644867702686788
0.46381082383174815
0.46508252959332186
0.46711452368298656
0.5053129047451975
0.5285001939969546
0.5068881714837904
0.5150122011654538
0.5500262582444296
0.5419930146748836
0.5230937474091814
0.5089846638568362
0.49362904828862464
0.47575426330615095
0.482472277742448
0.5056091842762542
0.4951184594303176
0.48574958552873315
0.5156095491262099
0.5284469240627129
0.5163323848508663
0.5482117103889906
0.6013528523101422
0.588976367523969
0.5755131679316485
0.5728196693427341
0.5703015407903247
0.567973343685394
0.5574860526381988
0.544765139111644
0.5606755875942607
0.5972162688052993
0.6852700159806479
0.655233750653599
0.5303564440355715
0.5418184136759533
0.574981328611335
0.5332407141111625
0.5133545065774444
0.5322388575563363
0.5327850499403326
0.5225203168716911
0.5447344797306857
0.5669772810706811
0.5708283698768435
0.5710368026544496
0.5665141363670774
0.5174268519856753
0.4495697407715714
0.4531546319450679
0.4587770846839929
0.46439953742291795
0.470021990161843
0.475644442900768
0.48126689563969305
0.4868893483786175
0.49251180111754256
0.4981342538564676
0.5037567065953926
0.5093791593343177
0.5150016120732427
0.5206240648121677
0.5262465175510928
0.5318689702900172
0.5374914230289423
0.5431138757678673
0.5487363285067923
0.5543587812457175
0.5860839116119789
0.6097534583769185
0.5919308695898987
0.5712614173143318
0.5473095739269709
0.6064887677902432
0.6955999192455027
0.592763257673144
0.53125976246215
0.5813028251879117
0.6165170096324234
0.6390479734247929
0.6089218504972979
0.5713141650972656
0.5950162581700892
0.6164859505214026
0.6337152033112526
0.6493084386161735
0.6638710753359549
0.649513269692395
0.6376764611792699
0.6617990735240181
0.6719024348070503
0.662598981603822
0.6377017121092617
0.6057341984523853
0.5586383028825945
0.5311900198485037
0.5736552007969409
0.5997537619409635
0.6090837161274733
0.5693588025094598
0.5172886005651839
0.5561681239175645
0.5761913132949514
0.5521800580139632
0.5642592838337512
0.6037364663428495
0.6149801902094719
0.6155559020409722
0.5723705703434907
0.55559171977353
0.582945923310216
0.5999658933830881
0.6112477176512521
0.6122448979591844
0.6122448979591844
0.6122448979591844
0.6122448979591844
0.6122448979591844
0.6122448979591844
0.6122448979591844
0.6122448979591844
0.6122448979591844
0.6122448979591844
0.6122448979591844
0.6122448979591844
0.6122448979591844
0.6122448979591844
0.6122448979591844
0.6122448979591844
0.6122448979591844
0.6122448979591844
0.6122448979591844
0.6122448979591844
0.6122448979591844
0.6122448979591844
0.6122448979591844
0.6122448979591844
0.6122448979591844
0.6122448979591844
0.6122448979591844
0.6122448979591844
0.6122448979591844
0.6122448979591844
0.6122448979591844
0.6122448979591844
0.6122448979591844
0.6122448979591844
0.6122448979591844
0.6122448979591844
0.6122448979591844
0.6122448979591844
0.6122448979591844
0.6122448979591844
0.6122448979591844
0.6122448979591844
0.6122448979591844
0.6122448979591844
0.6122448979591844
0.6122448979591844
0.6122448979591844
0.6122448979591844
0.6122448979591844
0.6122448979591844
0.6122448979591844
0.6122448979591844
0.6122448979591844
0.6122448979591844
0.6122448979591844
0.6122448979591844
0.6122448979591844
0.6122448979591844
0.6122448979591844
0.6122448979591844
0.6122448979591844
0.6122448979591844
0.6122448979591844
0.6122448979591844
0.6122448979591844
0.6122448979591844
0.6122448979591844
0.6122448979591844
0.6122448979591844
0.6122448979591844
0.6122448979591844
0.6122448979591844
0.6122448979591844
0.6122448979591844
0.6122448979591844
0.6122448979591844
0.6122448979591844
0.6122448979591844