0.552793904209
0.5282156973917688
0.5036374905745374
0.4790592837573062
0.46127977595654845
0.45198504452834964
0.44269031310015083
0.433395581671952
0.4222426903181808
0.4108593871336385
0.39947608394909623
0.3966204187159937
0.4107293098330957
0.4248382009501977
0.43894709206729965
0.4372332658727734
0.4310399489324893
0.4248466319922053
0.41877462208308247
0.4131223730119462
0.40747012394081
0.4018178748696738
0.40859915086446275
0.42153105362058707
0.4344629563767114
0.4499447050479144
0.48526744224582424
0.5205901794437341
0.5559129166416439
0.5551159049764249
0.5257911935721742
0.4964664821679236
0.4672814275097439
0.47720026175142116
0.4871190959930984
0.4970379302347757
0.5144133714020229
0.5409616226761222
0.5675098739502217
0.594058125224321
0.5594942592589773
0.5176261561733815
0.4757580530877857
0.44521910584126867
0.4368614531849488
0.4285038005286289
0.4201461478723089
0.4203143822166102
0.4228466125019928
0.4253788427873754
0.4271491707958179
0.4263361738965102
0.4255231769972025
0.4247101800978948
0.42819119471261374
0.4337624159902452
0.4393336372678766
0.44345446818800666
0.4366753958153986
0.4298963234427906
0.42311725107018244
0.4241967394479574
0.43139396815672654
0.43859119686549575
0.4457211591377045
0.4434674535097299
0.4412137478817552
0.4389600422537806
0.43490566756803084
0.42866780441852204
0.42242994126901334
0.41619207811950465
0.43075573148482194
0.4477132101633533
0.4646706888418847
0.4705340326893635
0.45501805420616714
0.43950207572297095
0.42398609723977476
0.43765435398272684
0.45924593250653356
0.48083751103034034
0.49504645399693475
0.4847223311118689
0.474398208226803
0.464074085341737
0.4600597773267028
0.45906753853889426
0.4580752997510857
0.4562034333413696
0.4479413309725012
0.4396792286036328
0.4314171262347643
0.42887410965117745
0.43071932241227207
0.4325645351733667
0.4343345489278663
0.4291361214045672
0.42393769388126806
0.41873926635796893
0.42057050838833526
0.4308044023070679
0.4410382962258004
0.4512721901445329
0.44041612203557
0.4272259869828305
0.41403585193009096
0.40674627243453515
0.41064949935673045
0.4145527262789257
0.418455953201121
0.4222894162544815
0.42610433845981843
0.4299192606651554
0.4323615939693995
0.43033261494432595
0.42830363591925236
0.4262746568941788
0.43279737296968096
0.44334968359519283
0.453901994220705
0.46282062800793455
0.4602568474460948
0.45769306688425504
0.4551292863224153
0.4517825616039278
0.44784373536697564
0.44390490913002345
0.44044401768128677
0.4700801103164868
0.49971620295168684
0.5293522955868868
0.5371596114484074
0.5192461980882269
0.5013327847280465
0.48341937136786606
0.46225883496482895
0.4407531319391253
0.4192474289134222
0.4065559800918171
0.4103238018758232
0.41409162365982927
0.4178594454438354
0.40659184026452194
0.39141367560595935
0.3762355109473968
0.3670082716150531
0.3767884654142154
0.38656865921337763
0.3963488530125399
0.3928420096882652
0.38317607103073026
0.3735101323731951
0.3674448791497084
0.38588429068571545
0.4043237022217225
0.4227631137577295
0.43149381541730913
0.4329882115789304
0.43448260774055175
0.4358314945325806
0.4291482641231035
0.4224650337136263
0.41578180330414916
0.4107481522410628
0.40763055103416895
0.4045129498272751
0.4013953486203812
0.4016364392900952
0.4022199848178163
0.40280353034553745
0.399568163900374
0.389312171404049
0.37905617890772403
0.36880018641139906
0.3803024248908393
0.3973413560739342
0.41438028725702913
0.42662989566142717
0.4238776547737298
0.4211254138860324
0.418373172998335
0.41515220875771097
0.4117175260970996
0.4082828434364882
0.4049297636812076
0.40211482200432463
0.3992998803274417
0.3964849386505588
0.3956003375718045
0.3961337027348856
0.39666706789796663
0.3974658255494519
0.410428405586136
0.4233909856228201
0.43635356565950423
0.44493489232126876
0.448499516645339
0.45206414096940917
0.4556287652934794
0.44990043705857563
0.4432645939253342
0.43662875079209285
0.43078407222483384
0.4263714015220026
0.42195873081917135
0.41754606011634016
0.4259265151281407
0.437491036984472
0.4490555588408033
0.4539128934462834
0.4381626382375528
0.42241238302882217
0.4066621278200916
0.39917215009126894
0.39538652360343624
0.3916008971156035
0.38927563819124544
0.39628904552805394
0.4033024528648625
0.41031586020167105
0.4151786677316123
0.4184845993277479
0.4217905309238834
0.42477084160026585
0.4150054191320231
0.4052399966637803
0.3954745741955375
0.39371023484073764
0.400977421121567
0.40824460740239626
0.4155117936832256
0.4175145316864641
0.41902564806066667
0.42053676443486926
0.42555395291899395
0.436819586747535
0.4480852205760761
0.45935085440461715
0.44915644844871283
0.4337394664390699
0.41832248442942777
0.4072305609601467
0.4091755996625243
0.411120638364902
0.4130656770672796
0.42448315352090504
0.44007821790584994
0.45567328229079485
0.46835422417949746
0.4629526623735685
0.4575511005676396
0.45214953876171066
0.4550563067119562
0.4638903586955701
0.472724410679184
0.4811772558882959
0.4766214199175182
0.47206558394674053
0.4675097479759629
0.45968693321208304
0.44822868340023975
0.4367704335883964
0.42531218377655305
0.4418773170357888
0.46094065886337726
0.48000400069096577
0.489652853854446
0.4827802024014992
0.4759075509485524
0.46903489949560556
0.46814789154502207
0.46868478116768836
0.4692216707903546
0.46802697696389145
0.46171069828789096
0.4553944196118905
0.44907814093588994
0.4455866812851103
0.44332027070139063
0.44105386011767095
0.43850755656120705
0.4342748978439591
0.43004223912671113
0.4258095804094632
0.4176155772018265
0.40663662877670437
0.3956576803515823
0.3850290630353207
0.3849882303424048
0.38494739764948893
0.384906564956573
0.3849672307367871
0.3851392418569275
0.38531125297706786
0.38548326409720823
0.38565527521734866
0.38582728633748903
0.3859992974576294
0.3861713085777698
0.3863433196979102
0.38651533081805056
0.38668734193819093
0.3868593530583313
0.3870313641784717
0.3872033752986121
0.38737538641875247
0.38754739753889283
0.3877194086590332
0.3878914197791736
0.388063430899314
0.38823544201945437
0.38840745313959474
0.38857946425973516
0.38875147537987553
0.3889234865000159
0.38909549762015627
0.38926750874029664
0.389439519860437
0.3896115309805774
0.38978354210071775
0.3899555532208581
0.39012756434099854
0.3902995754611389
0.3904715865812793
0.39064359770141965
0.39081560882156
0.3909876199417004
0.3911596310618408
0.3913316421819812
0.39150365330212156
0.3916756644222619
0.39184767554240235
0.3920196866625427
0.3921916977826831
0.39236370890282346
0.39253572002296383
0.39270773114310426
0.3928797422632446
0.393051753383385
0.39322376450352536
0.39339577562366573
0.3935677867438061
0.3937397978639465
0.39391180898408684
0.3940838201042272
0.39425583122436764
0.394427842344508
0.3945998534646484
0.3947718645847888
0.39494387570492917
0.39511588682506954
0.3952878979452099
0.3954599090653503
0.39563192018549065
0.3958039313056311
0.39597594242577144
0.3961479535459118
0.3963199646660522
0.39649197578619255
0.3966639869063329
0.39683599802647335
0.3970080091466137
0.3971800202667541
0.39735203138689446
0.3975240425070348
0.3976960536271752
0.39643684373109345
0.3948602761314145
0.39328370853173555
0.3963472630997346
0.4123906188665078
0.428433974633281
0.44447733040005416
0.4463919126094203
0.4424845881267897
0.43857726364415905
0.4351797233741669
0.4346037794438947
0.4340278355136226
0.43345189158335046
0.4337828623196832
0.4347238411353394
0.43566481995099565
0.43598717998197867
0.4224421689231981
0.40889715786441744
0.3953521468056368
0.38378810955394155
0.37430626374910986
0.36482441794427817
0.3553425721394465
0.36805366598174644
0.38237417147784664
0.39669467697394684
0.4052070278791992
0.40413044431842776
0.40305386075765637
0.401977277196885
0.39589243236236693
0.3887235482911069
0.3815546642198465
0.37766946104919397
0.3828034347522097
0.3879374084552254
0.3930713821582411
0.399655020592956
0.4068257732440091
0.4139965258950622
0.4184692774896374
0.40840961430272893
0.3983499511158205
0.388290287928912
0.3954438902390649
0.4140051004525962
0.43256631066612744
0.44975727679365823
0.4387001340713217
0.4276429913489852
0.41658584862664866
0.40834388547352896
0.40301910114938067
0.3976943168252323
0.39236953250108403
0.3881726112565336
0.38405288216191763
0.3799331530673017
0.38139127479546464
0.3919199202915124
0.40244856578756016
0.41297721128360787
0.40855682327571236
0.400979096295
0.393401369314288
0.3883152574069734
0.3899499493160596
0.39158464122514575
0.39321933313423185
0.38607943835162134
0.37544717075639517
0.364814903161169
0.359493926812789
0.38202772233675936
0.40456151786072975
0.4270953133847001
0.43307898323063554
0.4282563945456182
0.4234338058606009
0.41839993570848055
0.40933662614803645
0.40027331658759235
0.39121000702714825
0.39231362831345873
0.40380361060868497
0.4152935929039112
0.42678357519913745
0.41467916976072994
0.40105542874856487
0.38743168773639985
0.3823992456185553
0.3911287915443929
0.3998583374702304
0.408587883396068
0.4153991697425411
0.4218152781499176
0.4282313865572941
0.4377151906004344
0.4553263960681976
0.47293760153596076
0.49054880700372394
0.4815509508107557
0.46214658040393436
0.442742209997113
0.4286674076405751
0.4418197464104967
0.4549720851804184
0.46812442395034004
0.4675736534289182
0.4582080172814837
0.4488423811340492
0.43806262556262504
0.4022058188724849
0.3663490121823448
0.3304922054922046
0.32215948217721296
0.34154744283290367
0.3609354034885944
0.3803233641442851
0.3950901863682385
0.40957799646046444
0.42406580655269044
0.43146304666940993
0.42767149746698235
0.4238799482645547
0.4200883990621271
0.42187227485341006
0.4247760009639426
0.42767972707447505
0.42746049887659704
0.41911358190170217
0.41076666492680725
0.4024197479519124
0.3990536894594179
0.3976014583641019
0.3961492272687859
0.39621398332772556
0.4038313988355135
0.4114488143433014
0.41906622985108927
0.4211613210053228
0.4197567996331757
0.4183522782610286
0.4174285158797694
0.42446732428509437
0.43150613269041926
0.4385449410957442
0.44836514103416747
0.46094700632460345
0.4735288716150394
0.48611073690547546
0.4784459665277702
0.46963946857479316
0.46083297062181605
0.456935693863798
0.4606700245997628
0.4644043553357276
0.46813868607169246
0.46954328429148534
0.47049184976343167
0.47144041523537805
0.4644915704092203
0.43734934735246245
0.4102071242957046
0.38306490123894676
0.38547622659759545
0.3990425677797094
0.41260890896182345
0.4254591392317644
0.4348332477821974
0.4442073563326303
0.4535814648830633
0.4598365891290414
0.4641446017861107
0.4684526144431801
0.47217355670712713
0.4667776411013984
0.4613817254956702
0.45598580988994203
0.45212782987480454
0.4497752938532733
0.4474227578317421
0.4450702218102109
0.44368684372262984
0.44235428290499373
0.4410217220873576
0.4357608878236284
0.42448377891272965
0.4132066700018309
0.4019295610909322
0.40858989258393075
0.4186704987302146
0.4287511048764985
0.43384649834800537
0.42641654497413495
0.4189865916002645
0.41155663822639416
0.4155664619909039
0.42381737386525237
0.43206828573960077
0.441113829033285
0.45392170884300836
0.4667295886527317
0.47953746846245504
0.4885056051238851
0.4951125204240082
0.5017194357241312
0.5078080642464541
0.5063239470709147
0.5048398298953752
0.5033557127198357
0.49893617897200265
0.49168386559496274
0.48443155221792283
0.4771792388408829
0.4632565750772045
0.4490103495410397
0.43476412400487485
0.4241299818955676
0.4189462156714304
0.41376244944729323
0.40857868322315605
0.41657326688077434
0.4270144640185506
0.4374556611563269
0.45019706384382663
0.46861798640718827
0.4870389089705499
0.5054598315339116
0.5012122804915596
0.4887116443985814
0.4762110083056032
0.465642092448014
0.4639977240779263
0.46235335570783853
0.4607089873377508
0.4650315261427408
0.47296830586520755
0.4809050855876743
0.4873260986902986
0.47284548787719793
0.45836487706409723
0.44388426625099653
0.44021017857853817
0.4468172969496067
0.45342441532067523
0.4600315336917438
0.45894705807879377
0.45751946303161256
0.4560918679844314
0.4558908270798524
0.4575133356970183
0.4591358443141842
0.46075835293135003
0.45223682731623177
0.44188255602049076
0.43152828472474974
0.4269346625005213
0.43632115204740296
0.4457076415942846
0.4550941311411662
0.45894384654100123
0.46081423205252003
0.4626846175640388
0.463251154229565
0.45793758825630043
0.45262402228303594
0.4473104563097714
0.44950001912721127
0.45616588037092404
0.46283174161463686
0.46933301982504816
0.47368648945087505
0.47803995907670194
0.4823934287025288
0.47777386728913135
0.4647382215906673
0.4517025758922033
0.43866693019373926
0.43853900153584563
0.4389369428314573
0.4393348841270689
0.4409015407341242
0.4441802627535577
0.44745898477299123
0.45073770679242475
0.4528469806841185
0.4547507448629876
0.4566545090418567
0.45732182558771345
0.4550395441656604
0.4527572627436073
0.45047498132155417
0.4460106661044086
0.440780540949562
0.4355504157947154
0.4316005659293217
0.43328885147325197
0.43497713701718216
0.4366654225611124
0.4438392998484764
0.4542363496856556
0.4646333995228348
0.47347048528724867
0.4629937301507365
0.45251697501422544
0.44204021987771436
0.4346815921464382
0.4302061644131531
0.425730736679868
0.42125530894658286
0.43239694748911345
0.44411486153997654
0.4558327755908396
0.4581511201908164
0.4469013906269054
0.43565166106299447
0.42440193149908356
0.432424789968599
0.44374004889382473
0.4550553078190505
0.46517347573983847
0.4724841802335521
0.4797948847272657
0.48710558922097935
0.49297310000693634
0.49834343401318776
0.5037137680194391
0.5090155668485188
0.514022535104105
0.5190295033596912
0.5240364716152774
0.5184713868978522
0.5067887659095266
0.49510614492120086
0.4863463837649152
0.511996654267659
0.5376469247704028
0.5632971952731465
0.5588429045873324
0.5269463608452783
0.4950498171032243
0.4631532733611703
0.46970321697286255
0.4775252870043495
0.4853473570358365
0.48721241008755906
0.4806041200215117
0.4739958299554644
0.4673875398894171
0.47148984513624465
0.47736984255118486
0.48324983996612514
0.48314283405429326
0.4692305028242537
0.45531817159421417
0.4414058403641746
0.4479183555230756
0.4613364139849063
0.4747544724467371
0.48979087194194343
0.5116302976330095
0.5334697233240756
0.5553091490151417
0.554612177222043
0.5410732359128241
0.5275342946036051
0.515654844992203
0.5223905631215411
0.5291262812508792
0.5358619993802173
0.5365051105760181
0.5316731087842488
0.5268411069924794
0.52200910520071
0.5214395651274896
0.5209949323573767
0.5205502995872637
0.5115602403150248
0.4905919763731391
0.46962371243125345
0.4486554484893678
0.4775096144206294
0.5143930149182248
0.5512764154158201
0.562541281690897
0.5157176110660757
0.46889394044125443
0.42207026981643314
0.438272317270889
0.47538337072321074
0.5124944241755325
0.5383674444135792
0.5180623645347806
0.497757284655982
0.4774522047771835
0.47727154388950005
0.4883829181023881
0.4994942923152761
0.511659705604305
0.535112120667014
0.5585645357297229
0.5820169507924318
0.5901553120949713
0.5847268606703788
0.5792984092457863
0.5738699578211939
0.5736847761903846
0.5736335467075919
0.5735823172247992
0.5735310877420066
0.5734798582592139
0.5734286287764212
0.5733773992936285
0.5733261698108358
0.5732749403280432
0.5732237108452505
0.5731724813624578
0.5731212518796652
0.5730700223968725
0.5730187929140799
0.5729675634312872
0.5729163339484945
0.5728651044657018
0.5728138749829091
0.5727626455001165
0.5727114160173239
0.5726601865345312
0.5726089570517385
0.5725577275689459
0.5725064980861532
0.5724552686033605
0.5724040391205679
0.5723528096377752
0.5723015801549826
0.5722503506721899
0.5721991211893972
0.5721478917066045
0.5720966622238118
0.5720454327410192
0.5719942032582265
0.5719429737754338
0.5718917442926411
0.5718405148098484
0.5717892853270558
0.5717380558442631
0.5716868263614705
0.5716355968786778
0.5715843673958851
0.5715331379130925
0.5714819084302998
0.5714306789475071
0.5713794494647144
0.5713282199819217
0.5712769904991291
0.5712257610163364
0.5711745315335437
0.571123302050751
0.5710720725679583
0.5710208430851658
0.5709696136023731
0.5709183841195804
0.5708671546367877
0.570815925153995
0.5707646956712024
0.5707134661884098
0.5706622367056171
0.5706110072228244
0.5705597777400317
0.5705085482572391
0.5704573187744464
0.5704060892916537
0.570354859808861
0.5703036303260685
0.5702524008432758
0.5702011713604831
0.5701499418776904
0.5700987123948977
0.570047482912105
0.5699962534293124
0.5699450239465197
0.569893794463727
0.5698425649809343
0.5697913354981416
0.569740106015349
0.5731121382750455
0.577555939398045
0.5819997405210444
0.587505941142048
0.5970968846605519
0.6066878281790558
0.6162787716975596
0.619520208605514
0.6193613632848671
0.6192025179642203
0.6189618697198666
0.6179516680450855
0.6169414663703043
0.6159312646955233
0.6229583580503469
0.6368065767921374
0.6506547955339279
0.6645030142757183
0.6720977850411373
0.6796022533087025
0.6871067215762676
0.6863635984837071
0.6747145694604019
0.6630655404370965
0.6514165114137912
0.6462247856502052
0.641951781895116
0.6376787781400267
0.6354290574477184
0.6374731930330897
0.639517328618461
0.6415614642038322
0.641973126505388
0.6418836574733071
0.6417941884412264
0.6431187916531452
0.6497641412746906
0.656409490896236
0.6630548405177815
0.6657567403253487
0.6663797562635903
0.6670027722018318
0.6683474981346639
0.6762133893757631
0.6840792806168624
0.6919451718579616
0.67495705181154
0.6371760334330712
0.5993950150546025
0.5616139966761337
0.5481468131429867
0.5349420091225603
0.5217372051021337
0.5181386687073832
0.5270597761854426
0.535980883663502
0.5449019911415613
0.5553761165439834
0.566064017693079
0.5767519188421746
0.5895792764038141
0.6068736308707662
0.6241679853377183
0.6414623398046705
0.6318304750856608
0.6140958129264281
0.5963611507671953
0.581417191889769
0.5767523234336678
0.5720874549775665
0.5674225865214652
0.5726911830505953
0.5831144424909825
0.5935377019313698
0.6021369545488825
0.5948862168434714
0.5876354791380602
0.5803847414326491
0.5633126673979542
0.5381411796371586
0.512969691876363
0.48779820411556746
0.49469839737696786
0.5018284951618281
0.5089585929466884
0.5093342969568934
0.5010336252240414
0.49273295349118945
0.4844322817583375
0.5000578612391859
0.5188671757605705
0.5376764902819551
0.5456841051073273
0.5315012716441408
0.5173184381809545
0.5031356047177681
0.4985867366231048
0.49687922236985127
0.4951717081165977
0.4960993363607214
0.5065307572183437
0.516962178075966
0.5273935989335883
0.5283780023742027
0.5245373162738693
0.520696630173536
0.5166632349477881
0.511017506706081
0.5053717784643739
0.4997260502226667
0.50159185962982
0.5095638222224972
0.5175357848151745
0.5255077474078517
0.5319924608581501
0.5384718627043688
0.5449512645505873
0.5400042900042887
0.5205900485739188
0.5011758071435488
0.48176156571317874
0.4871202047709137
0.4956625071845484
0.5042048095981831
0.5124232611035026
0.5199870462565288
0.5275508314095549
0.5351146165625812
0.526074635051753
0.5122363173032064
0.4983979995546597
0.48483162496660154
0.47222582380026906
0.45962002263393664
0.44701422146760417
0.42977159555030636
0.4101981593303845
0.3906247231104626
0.3746530674667219
0.38772802937282586
0.4008029912789299
0.41387795318503384
0.4219981337951902
0.42614813708487576
0.43029814037456127
0.43444814366424683