0.4335149313962875
0.43735997696834256
0.4412050225403976
0.4450500681124526
0.4533021864643657
0.46216596260423054
0.4710297387440954
0.46897149866906185
0.46339293931815195
0.457814379967242
0.45596632385930097
0.45626836075346516
0.45657039764762936
0.45370311224426363
0.4478211056310524
0.4419390990178412
0.4452672810732521
0.4629633574517136
0.48065943383017506
0.4899628478852817
0.4764304132931206
0.46289797870095933
0.4520211860900392
0.4565697181786678
0.46111825026729647
0.4654340146722914
0.46067183941557266
0.4559096641588539
0.4511474889021352
0.4748460334197302
0.5015974579131166
0.5283488824065029
0.5292454422135858
0.5229026399085037
0.5165598376034217
0.517400003358149
0.5219508019020669
0.5265016004459848
0.5307594694199603
0.5347652827174739
0.5387710960149874
0.5292324093262061
0.500649951980003
0.4720674946337997
0.4489001888051096
0.4387522898163979
0.42860439082768625
0.4227850671168844
0.43782160610873927
0.45285814510059413
0.4672607660939438
0.4696189451156946
0.4719771241374453
0.4743353031591961
0.47778688534259484
0.48132314184490915
0.48485939834722347
0.4939274154064982
0.5043247702740348
0.5147221251415712
0.5228783977502116
0.5300011118741556
0.5371238259980995
0.5297842679784303
0.5111962760692842
0.492608284160138
0.48193730074770286
0.48131698769634046
0.4806966746449781
0.48435804596427906
0.4971704681934292
0.5099828904225793
0.5199665176476682
0.518410457316507
0.5168543969853459
0.5138168856309615
0.49250814499015677
0.47119940434935204
0.44989066370854724
0.4575323355042046
0.46659779807542573
0.47566326064664705
0.4621532464509145
0.44406024073106365
0.4259672350112128
0.422355604998426
0.42467687340307064
0.42699814180771534
0.42068367525243466
0.40830582032103624
0.39592796538963787
0.3854408989570799
0.3771237978486945
0.36880669674030914
0.36047027777283946
0.3520969792562088
0.3437236807395782
0.33861159730141954
0.3449367329412824
0.3512618685811453
0.35683154389719257
0.35560207629889923
0.35437260870060594
0.3531431411023126
0.3693087029764283
0.38586329106877665
0.402417879161125
0.3919128277257262
0.37686491709953807
0.36181700647334986
0.3656716195447807
0.37636331565577574
0.38705501176677076
0.4035724508639755
0.4237755640953128
0.44397867732665014
0.4495166298564367
0.4398289696833396
0.4301413095102425
0.4242341952258251
0.42479886288643576
0.42536353054704634
0.42517913638038607
0.42270962955078545
0.4202401227211849
0.4195585630179938
0.43139263319966953
0.4432267033813452
0.45503233236049323
0.45776521773332807
0.4604981031061629
0.46323098847899774
0.44828660694607614
0.43096018235493194
0.4136337577637878
0.4000246188667821
0.3875933853131865
0.37516215175959094
0.37913416181363796
0.3924335064681094
0.4057328511225809
0.41868972917875635
0.43132489618804765
0.44396006319733894
0.4471486712297215
0.4357925773452761
0.4244364834608306
0.4209058238961388
0.4383329367050407
0.45576004951394256
0.46971199845256073
0.4639713521262364
0.4582307057999121
0.45174080330330413
0.41935993758910495
0.3869790718749057
0.35459820616070653
0.3702192242691121
0.39080595449709804
0.411392684725084
0.43197941495306996
0.4525661451810564
0.4731528754090424
0.46232717045955074
0.4354989041932314
0.4086706379269121
0.3941335287044068
0.390040350611616
0.3859471725188252
0.39270659887691095
0.41453008812949654
0.43635357738208214
0.45637981222158613
0.4721493918722127
0.48791897152283936
0.4991163904679711
0.48875933751577094
0.4784022845635707
0.4681445393820466
0.4596568091719846
0.45116907896192254
0.4426813487518605
0.45619655371500056
0.47133613644260514
0.4864757191702097
0.4748382644680224
0.4568942488267722
0.43895023318552195
0.4351091284396856
0.4376784377372191
0.4402477470347526
0.45211873239331657
0.4711329938429482
0.49014725529257985
0.4921040560130474
0.472678969340619
0.45325388266819056
0.44076710303844746
0.4428979217413524
0.4450287404442573
0.44781212472613324
0.453205771323893
0.45859941792165276
0.46299592965857667
0.45562625003763974
0.4482565704167028
0.4408868907957659
0.44047266057237455
0.4403766535240342
0.44028064647569387
0.42787498788129674
0.41302584040322565
0.39817669292515456
0.4032364022773228
0.41632950999958707
0.4294226177218513
0.43289246501769935
0.42969222175343913
0.42649197848917886
0.4250421227886166
0.4255760396602452
0.42610995653187383
0.4323949361533908
0.44950849338505744
0.46662205061672407
0.4768415893001916
0.46331506409541884
0.449788538890646
0.43854552233495364
0.44716211130307976
0.45577870027120587
0.46439528923933204
0.44383040068509566
0.4227079042801137
0.40158540787513175
0.40977791238207845
0.42276741703824955
0.4357569216944207
0.43819768903102135
0.43688382105048684
0.43556995306995233
0.45319603288353233
0.48264756233506184
0.5120990917865914
0.5183709548676859
0.5008763245816259
0.4833816942955658
0.47246471374887933
0.47265788108130274
0.47285104841372616
0.47038986441294106
0.4599656264125307
0.4495413884121203
0.440925641491072
0.44461645581739034
0.44830727014370864
0.45196016335857453
0.44958359985250346
0.4472070363464324
0.4448304728403613
0.4514400756137336
0.4592245481833582
0.46700902075298284
0.4802067913551105
0.4950906711804769
0.5099745510058432
0.5068262761562357
0.49356240234261806
0.48029852852900046
0.48260158792054253
0.49934626004458255
0.5160909321686226
0.5202934912507271
0.5054359887809133
0.4905784863110995
0.4831027330266337
0.49508795486717727
0.5070731767077208
0.5163964499293958
0.5109975175242667
0.5055985851191376
0.5007078712344148
0.5115719314822936
0.5224359917301725
0.5333000519780514
0.5157996051132571
0.4954724547904983
0.47514530446773956
0.47528929356374894
0.4809572409156168
0.4866251882674847
0.48810663518156994
0.4874850044109473
0.48686337364032467
0.4874380490942195
0.48901652172500826
0.49059499435579706
0.49071964810058843
0.488852031520124
0.48698441493965955
0.48401257189169933
0.4784642004195822
0.4729158289474651
0.4701773309994276
0.4804036880835487
0.49063004516766984
0.5008426423066877
0.5108243781445285
0.5208061139823694
0.5307878498202102
0.527014117846366
0.5222742827820687
0.5175344477177715
0.5114650263729129
0.5050887774248478
0.49871252847678277
0.5025459735772786
0.5109529920298451
0.5193600104824116
0.5209468226809472
0.517362269697854
0.5137777167147608
0.5059531461471263
0.4928804419258991
0.4798077377046719
0.4721132176693007
0.4755887724814759
0.4790643272936511
0.4830931360717562
0.4892924027162016
0.49549166936064704
0.5019120530841407
0.510832760701486
0.5197534683188314
0.5286741759361767
0.5341205275909697
0.5394197566805733
0.5447189857701769
0.557482531898535
0.5716943783478453
0.5859062247971557
0.5815546407646556
0.5698263223485546
0.5580980039324535
0.5463696855163523
0.5346413671002512
0.5229130486841501
0.5177528429531436
0.5199437037372427
0.5221345645213418
0.5240584890390242
0.5254866747762184
0.5269148605134126
0.5306704867346641
0.5423011513060815
0.5539318158774988
0.5633551502593339
0.5542109424582128
0.5450667346570917
0.5359225268559705
0.5630244798040892
0.5907017686371162
0.6183790574701432
0.6397316625357164
0.6600759846818406
0.6804203068279646
0.6869287179904654
0.6885916413401361
0.6902545646898067
0.6646878641660875
0.6223433145890674
0.5799987650120475
0.5732707729717247
0.602607345481139
0.6319439179905534
0.6582831783791409
0.67962691856635
0.7009706587535592
0.7093862287142624
0.6796557161547809
0.6499252035952995
0.6226856623879431
0.6119339791779861
0.6011822959680292
0.590608579085801
0.5988399708335868
0.6070713625813726
0.6153027543291584
0.630643692523349
0.6468858408304641
0.6631279891375791
0.6623718282592268
0.6564121033445067
0.6504523784297868
0.6444926535150667
0.6385329286003466
0.6325732036856265
0.6266134787709066
0.6206537538561865
0.6146940289414664
0.6087343040267461
0.602774579112026
0.596814854197306
0.590855129282586
0.5848954043678659
0.5789356794531458
0.5729759545384259
0.5670162296237058
0.5610565047089857
0.555646089008825
0.5656662685176338
0.5756864480264425
0.5857066275352514
0.6083648343592722
0.6322349068162583
0.6561049792732442
0.6538404197803815
0.6446548312731333
0.635469242765885
0.6325663115006162
0.6327753506449255
0.6329843897892349
0.6411564411022154
0.6559264167835226
0.6706963924648299
0.6706291974013796
0.6504881830950243
0.6303471687886689
0.6147015731454959
0.6093908059754108
0.6040800388053258
0.6032298168692318
0.622528954438405
0.6418280920075781
0.6588207454967392
0.639273835402566
0.6197269253083929
0.6001800152142197
0.6256859373210865
0.654195381574688
0.6827048258282897
0.6758231597568852
0.6609412043782966
0.646059248999708
0.6332113421820327
0.6212613486930487
0.6093113552040648
0.5889577164809713
0.5623128242219604
0.5356679319629494
0.528969484276186
0.5466500243999457
0.5643305645237054
0.5766704072150964
0.5780745361163997
0.579478665017703
0.573153401258081
0.5370816869549009
0.5010099726517206
0.4706792009870294
0.5026482883251876
0.5346173756633457
0.5665864630015038
0.5751646207086449
0.5828314434950974
0.5904982662815499
0.5899184595260603
0.5877751653852954
0.5856318712445306
0.5633553993652773
0.5332007275013985
0.5030460556375196
0.4773454564215682
0.454653105224374
0.4319607540271798
0.4164690200287924
0.40893586293434897
0.40140270583990556
0.42074249717161905
0.48930972500080416
0.5578769528299894
0.6098267381309458
0.6065347550272521
0.6032427719235584
0.5971561145222756
0.5683128235549112
0.5394695325875469
0.5106262416201826
0.5122299019642003
0.5142189667551975
0.5162080315461947
0.5181970963371918
0.520186161128189
0.5221752259191862
0.5241642907101834
0.5261533555011806
0.5281424202921777
0.5301314850831749
0.5321205498741721
0.5341096146651693
0.5360986794561665
0.5380877442471637
0.5400768090381608
0.5420658738291579
0.5440549386201552
0.5460440034111523
0.5480330682021496
0.5500221329931467
0.5520111977841439
0.554000262575141
0.5559893273661383
0.5579783921571354
0.5599674569481327
0.5619565217391298
0.5639455865301269
0.5659346513211241
0.5679237161121212
0.5699127809031185
0.5719018456941156
0.5738909104851128
0.57587997527611
0.5778690400671072
0.598806886511804
0.6300887538592455
0.6613706212066869
0.659176517415834
0.6266946302141424
0.5942127430124506
0.5675115801177593
0.5493694741427353
0.5312273681677112
0.5223590502569248
0.5371904129547466
0.5520217756525684
0.5712636170988993
0.6137685719442316
0.656273526789564
0.6969018351073066
0.6893628825502295
0.6818239299931524
0.6742849774360753
0.6511040264975037
0.6264816627387939
0.6018592989800843
0.5736211280688938
0.5444434167165073
0.515265705364121
0.5143273752959064
0.5271803709711256
0.5400333666463448
0.5460366837725691
0.5464357184496151
0.5468347531266611
0.5440474310935763
0.537003880754258
0.5299603304149396
0.5283974342014054
0.5392498973340359
0.5501023604666666
0.5611632396052673
0.5731460946346847
0.5851289496641021
0.5954671116284398
0.5811348776165719
0.5668026436047041
0.5524704095928362
0.5620005203806557
0.5730368921358979
0.5840732638911401
0.5806465835805861
0.5740181589195881
0.5673897342585901
0.5511645097175575
0.5307648924035946
0.5103652750896316
0.5014179955104296
0.5009354873003996
0.5004529790903696
0.5112018629481887
0.5355058751637582
0.5598098873793278
0.5744690880472573
0.5696566880435335
0.5648442880398098
0.5615144828473416
0.5637831326884217
0.5660517825295018
0.5668239764465773
0.5519902728704562
0.5371565692943351
0.522322865718214
0.536396886039794
0.5514999839111312
0.5666030817824685
0.5713223804776121
0.5741187533993859
0.5769151263211597
0.571253946769659
0.5623342296851644
0.55341451260067
0.5576171775047032
0.5705680970677562
0.5835190166308093
0.5918521023125736
0.59514480722195
0.5984375121313263
0.5945849069090648
0.5778206009226133
0.5610562949361618
0.5479399019045795
0.5467400245255726
0.5455401471465656
0.5468412095646861
0.5678719081601535
0.588902606755621
0.6099333053510885
0.617444283454266
0.6248273146758127
0.6322103458973592
0.5963446449437514
0.5539449628701538
0.5115452807965563
0.5096988713057289
0.5215964579622033
0.5334940446186778
0.5519434531099472
0.5743239547020943
0.5967044562942414
0.6042441902863848
0.5971275140400124
0.59001083779364
0.5851743095503845
0.5840383493777619
0.5829023892051393
0.5791425564316346
0.5678904609303083
0.5566383654289819
0.546330343067785
0.5419442340401294
0.5375581250124737
0.533181661698664
0.5294128783571491
0.5256440950156346
0.5218753116741202
0.5383218550738856
0.5571716191352009
0.5760213831965162
0.5718943795452044
0.5609766712662755
0.5500589629873466
0.5395405904640606
0.5292372448861206
0.5189338993081806
0.5135109323057612
0.512448540243599
0.5113861481814368
0.5160204081846411
0.5289805442833799
0.5419406803821186
0.5472566242365295
0.5333360843112612
0.519415544385993
0.508065405107722
0.5099627153178191
0.5118600255279162
0.5140496178686332
0.5231415651401388
0.5322335124116443
0.5413254596831497
0.5329141929275913
0.5229550228907285
0.5129958528538656
0.5058855856113081
0.49950150927710296
0.4931174329428978
0.4923789342779212
0.4943586767129432
0.4963384191479652
0.5059615617381094
0.521759880724764
0.5375581997114186
0.541784538086022
0.5307492788418349
0.5197140195976477
0.5152102272006935
0.5252867799879648
0.535363332775236
0.5377236653209053
0.5066470434863048
0.47557042165170427
0.4470560280775316
0.45502288449705813
0.4629897409165846
0.47095659733611117
0.47605471912624486
0.4809818567331698
0.4859089943400947
0.49101313980529204
0.4961556481903431
0.5012981565753941
0.5106655865062303
0.5218436970995456
0.5330218076928609
0.5377967133945366
0.5378990101212322
0.5380013068479279
0.5309183314030665
0.5152720863838844
0.4996258413647023
0.49222150123115854
0.5012239437204268
0.5102263862096951
0.5143474352034847
0.5003786141846199
0.48640979316575506
0.4747794969298811
0.48661508730953273
0.4984506776891844
0.510286268068836
0.490457003777116
0.4696062925605134
0.4487555813439108
0.444395713865851
0.44301758566154975
0.4416394574572484
0.4426681753350204
0.44460983483013056
0.44655149432524066
0.4472488045778507
0.4471272943444633
0.44700578411107594
0.4418798674649973
0.4313595906597841
0.4208393138545709
0.4212473412923855
0.44113625890255365
0.4610251765127218
0.47024127815871386
0.4451920232881413
0.42014276841756876
0.4007617658362711
0.4247352334675344
0.4487087010987976
0.47268216873006086
0.46473401144145554
0.4565850892162473
0.4484361669910391
0.43973811806452867
0.43095937309947563
0.4221806281344226
0.42890142767161127
0.44078874204288054
0.4526760564141498
0.46513004361177795
0.47791952367675294
0.4907090037417279
0.4918239743030536
0.4815526948546472
0.4712814154062408
0.4669261029797268
0.4720459572468129
0.477165811513899
0.4783730742250927
0.4685878178030647
0.45880256138103664
0.45029501147458856
0.44959566805224016
0.4488963246298918
0.448199394062069
0.44762873621441635
0.4470580783667637
0.446487420519111
0.4523622394716146
0.4589781759655996
0.4655941124595846
0.46201768651273195
0.4554821875991844
0.44894668868563686
0.45076667989574604
0.45702427590837164
0.46328187192099723
0.4666941317013343
0.46759580068847545
0.4684974696756166
0.46527505422405463
0.4561026238189435
0.44693019341383244
0.4386776075481012
0.43270463641039847
0.42673166527269574
0.4202841756066777
0.41144618693952356
0.4026081982723694
0.39570753376133055
0.43115124009111333
0.4665949464208961
0.5020386527506788
0.49933236766316164
0.49339303245553356
0.48745369724790544
0.48151436204027676
0.47557502683264863
0.4696356916250205
0.4636963564173924
0.45775702120976425
0.4518176860021361
0.445878350794508
0.43993901558687987
0.43399968037925174
0.4385818216355366
0.4568645905174885
0.47514735939944047
0.4856850782918852
0.4791836872074192
0.47268229612295326
0.4661809050384873
0.45967951395402135
0.45317812286955533
0.44702873382635067
0.44564737243295327
0.44426601103955593
0.44288464964615853
0.4480896749836023
0.45366423356997065
0.459238792156339
0.4547837521566656
0.44820122154783276
0.4416186909389999
0.4440539640434903
0.4502967542713827
0.4565395444992751
0.46278233472716745
0.4690251249550599
0.47526791518295225
0.474984934044684
0.46702196347549385
0.45905899290630364
0.44673975141210626
0.4258693114354897
0.4049988714588731
0.3923710675541152
0.40972734559190604
0.4270836236296968
0.4428118949245165
0.44280276770395893
0.44279364048340136
0.4427845132628438
0.45058155447936304
0.45860449767637607
0.4666274408733891
0.46014947212915724
0.45111251892470683
0.44207556572025636
0.43449856996279496
0.4274667085310332
0.4204348470992714
0.4221324176547714
0.4294996192947804
0.43686682093478946
0.44197484212659166
0.44467792929288397
0.4473810164591763
0.4485961401646431
0.4471945005424519
0.4457928609202607
0.4415592250475022
0.42838825035802075
0.4152172756685393
0.40290714064795957
0.3969853421176483
0.39106354358733697
0.38514174505702564
0.3832317084383829
0.38133424787588943
0.3794367873133959
0.39114659488104353
0.40480029789585337
0.41845400091066315
0.4211056922091626
0.4201509149367562
0.4191961376643498
0.41388121518692306
0.40601927719369285
0.3981573392004626
0.3875918997736562
0.37442247430346703
0.36125304883327786
0.3567024228557117
0.36577506059228926
0.37484769832886683
0.3846906533711607
0.3966633091998464
0.40863596502853206
0.41787937355456234
0.41086596119086766
0.403852548827173
0.39677345114069706
0.38675728116415153
0.376741111187606
0.3667249412110605
0.3689540959222812
0.3725438422654753
0.3761335886086695
0.3729931090523624
0.36793356909900904
0.3628740291456557
0.36465910242975
0.3700294493144117
0.3753997961990733
0.3759258647296072
0.3722308953960186
0.36853592606243
0.37194497406950483
0.38547186495570507
0.39899875584190525
0.4231984790069704
0.47344909386345485
0.5236997087199393
0.5637154266581371
0.5533148005173774
0.5429141743766176
0.5337026440535709
0.5486693953573427
0.5636361466611145
0.5786028979648863
0.5815119407987734
0.5834433315945622
0.5853747223903509
0.5469837840511981
0.4987083837062051
0.4504329833612122
0.43295312784551504
0.4298821969747163
0.4268112661039175
0.43340395689329747
0.447608774241812
0.46181359159032653
0.46917627713617716
0.4677419360786036
0.46630759502103
0.4625003541641126
0.4535479147323809
0.44459547530064913
0.4393659515026323
0.44962856050297567
0.459891169503319
0.4700123656638642
0.478307491675712
0.4866026176875599
0.49489774369940776
0.4911721553117778
0.48681389774522826
0.4824556401786787
0.5085454496239304
0.5409546692037062
0.5733638887834819
0.5654528722365219
0.5407714919908322
0.5160901117451425
0.4884294025940977
0.4586497055050196
0.42887000841594153
0.4112497224344564
0.40776064395638933
0.40427156547832227
0.40432501353416916
0.41123601295383083
0.4181470123734925
0.42245499189854074
0.41746647179997015
0.4124779517013996
0.4093234938993619
0.42326722976499953
0.43721096563063716
0.45115470149627473
0.4336501573820917
0.41533924711458026
0.39702833684706873
0.4264006569010726
0.4639821777796591
0.5015636986582457
0.5043860197161806
0.4944335921220815
0.4844811645279824
0.48571446152435227
0.4941180947966635
0.5025217280689748
0.5215665624741984
0.5517983006345347
0.5820300387948711
0.5917528911778336
0.5658919502889427
0.5400310094000518
0.5141425842457815
0.48816888739636016
0.46219519054693875
0.43796041737230496
0.4262548122134481
0.4145492070545912
0.40284360189573437