0.46612013929193125
0.46612013929193125
0.46612013929193125
0.46612013929193125
0.4876269411331628
0.46606803660722124
0.47272776885377854
0.47612732649757367
0.4613257904171131
0.44286526413563904
0.4203547017956381
0.4355416496082671
0.5100263228991376
0.5588595886688777
0.5275986610267017
0.48123867381470364
0.45683819220909033
0.45332876870934236
0.4533478725054799
0.58640497891661
0.5274354295646294
0.5032451108552181
0.5775055535655137
0.49654404718837075
0.5016936221716074
0.4870081939278359
0.46467470172535597
0.4779163159788898
0.5083193100269551
0.5381351571629062
0.5208872363656963
0.49465037709294585
0.5082433177742107
0.48916177131788585
0.449524043218478
0.44695648572400304
0.45556492273067434
0.5009176993726472
0.4905224117154239
0.4255651953409847
0.4725869213556315
0.4442168416325608
0.38942734142009494
0.5095499347756121
0.5226243600234198
0.530588744833817
0.5389592921922665
0.5257301898725867
0.49671883328635724
0.486253514438796
0.49679539849021936
0.5132742123807063
0.511721094174512
0.5004930261959787
0.5477296978639766
0.5310799793049696
0.5160035511492386
0.5983300390351365
0.5472162106240305
0.5378283311244196
0.5399888579136445
0.5531348944238307
0.4781657117685349
0.49563760259537953
0.48988002193095653
0.550058655884978
0.5713474014937084
0.5666879116300132
0.5686141948827813
0.5613250797856761
0.577388379367252
0.5682098382518209
0.5196201553177924
0.526762898414921
0.4604387125220467
0.6011087798059629
0.5400946593664495
0.6181408200854995
0.5401859985677222
0.49985822002186653
0.5581899775448148
0.5850368310663799
0.6034645478539972
0.581677030706158
0.599149691286892
0.5747906911415759
0.5427342632721356
0.5721699646267345
0.5933482401193996
0.5599522423735928
0.5489069914017984
0.5657348414599779
0.5548035425427462
0.5796391935875712
0.6073312827272563
0.593525809054475
0.566058377742253
0.5606573152273364
0.5390693884185035
0.624877238521387
0.5826013035735534
0.5968387442794961
0.6225937829192049
0.6003897032360629
0.5658259011248379
0.6447594225043414
0.6157121412145096
0.5781048930672563
0.508836274147834
0.4157606265217813
0.4144733099311583
0.4222458644610251
0.4267978351928257
0.458539980671671
0.5821131382662701
0.6220903134294732
0.5223684916942228
0.5360945212612832
0.5562110295591433
0.5921212154579804
0.5941773666332837
0.6241434678041637
0.6756037605358396
0.6805573302801305
0.6153608075019544
0.5918596538631845
0.5567338123616701
0.5392687317376806
0.6285781119148415
0.6725835809812947
0.6030331661604139
0.5772336097689985
0.5431431718768824
0.544407429404796
0.5549469839058665
0.5700820921958066
0.5868423309044983
0.5919704057216055
0.5645912387073534
0.5368123246469535
0.526389359397173
0.5337970781927475
0.5579707982955885
0.532723218294882
0.5343944906444911
0.6263075518453867
0.6724415810469235
0.6359044942378274
0.6035927069194145
0.5831122774445636
0.5374784037132249
0.4916154050253374
0.4904500762877204
0.5271996432934558
0.5104767881488361
0.4669750420475824
0.5084082506419361
0.523470273074753
0.4305183628797896
0.5259592065245967
0.5194727839462933
0.4923726456805498
0.51139195051885
0.5241384411352712
0.5316414956675478
0.5091350977378741
0.5102110482298291
0.5240709865007621
0.5058907162914785
0.4783954298155006
0.4794593774247288
0.5227883756182249
0.5427494380345257
0.5239221339525907
0.45797684087636065
0.4954413992238049
0.5288431517354922
0.49731614999955376
0.5252508289004598
0.5037893754751709
0.5103867561168435
0.4721311794930956
0.4843237326413765
0.559517423963604
0.5136756021158505
0.48319106056052796
0.49397364221930906
0.48444859937595675
0.49218696893238384
0.5125644200812288
0.5082919451877542
0.5054662800660302
0.5486132565438159
0.49469965640075025
0.4709084733297809
0.4611221143406226
0.501958602027978
0.4518880251285748
0.4798732301753802
0.44593594850810425
0.45423984756222285
0.4801734362911363
0.4811665213788544
0.4400245729910069
0.4233387720727131
0.48373389966142477
0.48234643268341154
0.4482327638223325
0.4714528168498384
0.4545813724955157
0.4343550894811189
0.43148759428051764
0.4021272591435951
0.4382498662658886
0.4660330137122411
0.4340951365712785
0.4947431965778827
0.5018125190352681
0.428137941457032
0.44542843322788905
0.4548229471724363
0.452474560188535
0.4102753490760978
0.446398715651765
0.4679960832339702
0.4295634338899238
0.38642859356276704
0.4171370847247588
0.49610690608186736
0.4905084522939402
0.4565510427085665
0.4661981547103
0.4370385550119899
0.4872371191254639
0.4269476320715635
0.4851949648548519
0.47410743587559834
0.5010146996408444
0.5056446793144062
0.49319629830922895
0.484967423219248
0.4818748555270205
0.4101185327659553
0.4495815331203724
0.4665975472598144
0.42014454332116274
0.405411107961827
0.3962673782931237
0.3685866820965519
0.3623534701882115
0.40578306929166436
0.4419503437789056
0.47595621945209565
0.4905506199826154
0.4858391107608867
0.45410132339106063
0.4751202272797125
0.4914838734156586
0.5096704172692006
0.5181549701602737
0.4951665406587525
0.4567673716213995
0.4187487283813912
0.45886059986875954
0.48032266500734927
0.47202585679931636
0.472497753705147
0.47192143711723544
0.4762987811673329
0.44575217950169316
0.4725106349866994
0.5046762726812387
0.5346560142875743
0.48588279150901686
0.477325500298321
0.4690261349767364
0.45658534049373717
0.5020000955297906
0.47632445266970147
0.4586030739516932
0.4775813227522327
0.46628952913099647
0.4617705698199794
0.47245453659452336
0.5367478423501185
0.5551996164126184
0.5061713054695102
0.4898378274114199
0.45492731493095395
0.4460029077760983
0.4587045351864821
0.4965056153211165
0.516728025094014
0.5660123007024933
0.4746673943642772
0.4861535455215472
0.49909858585649863
0.5019835863918369
0.4810108864691311
0.44744542560201506
0.4756342710557416
0.4762152566085906
0.4518550481095831
0.4455590406951235
0.4397184581884042
0.4461228022581295
0.47900591030631656
0.5019721042673018
0.50531104237017
0.49060425315028616
0.5067211241957195
0.5001737073904219
0.4773781144618691
0.45626851029715954
0.4797869711105145
0.42699532921991024
0.4695089279932871
0.4942316647900927
0.45446998214422085
0.4952014403094753
0.4873804721696253
0.4735096018490633
0.4706959510222621
0.45878220511747425
0.43500404796377307
0.4172816921353899
0.41697446427020685
0.41666723640502384
0.41636000853984084
0.41605278067465784
0.41574555280947484
0.41543832494429184
0.41513109707910884
0.4148238692139258
0.4145166413487428
0.4142094134835598
0.4139021856183768
0.41359495775319377
0.41328772988801077
0.4129805020228277
0.4126732741576447
0.4123660462924617
0.4120588184272787
0.41175159056209565
0.4114443626969127
0.4111371348317297
0.41082990696654664
0.41052267910136364
0.41021545123618064
0.40990822337099764
0.40960099550581464
0.40929376764063163
0.4089865397754486
0.4086793119102656
0.4083720840450826
0.40806485617989957
0.40775762831471657
0.40745040044953357
0.4071431725843505
0.4068359447191675
0.40652871685398456
0.4062214889888015
0.4059142611236185
0.4056070332584355
0.4052998053932525
0.40499257752806944
0.40468534966288644
0.40437812179770344
0.40407089393252044
0.40376366606733743
0.40345643820215443
0.4031492103369714
0.4028419824717884
0.40253475460660537
0.40222752674142237
0.40192029887623937
0.40161307101105637
0.40130584314587336
0.40099861528069036
0.40069138741550736
0.4003841595503243
0.4000769316851413
0.3997697038199583
0.3994624759547753
0.39915524808959224
0.3988480202244093
0.39854079235922624
0.39823356449404324
0.39792633662886023
0.39761910876367723
0.39731188089849423
0.39700465303331123
0.3966974251681282
0.39639019730294517
0.39608296943776217
0.39577574157257916
0.39546851370739616
0.39516128584221316
0.39485405797703016
0.3945468301118471
0.3942396022466641
0.3939323743814811
0.3936251465162981
0.3933179186511151
0.4050235962076498
0.42885388964359217
0.4440350668666956
0.47666526946536153
0.514079365053012
0.4499115728022649
0.47414065856248216
0.49549870704906185
0.44986439813863127
0.46132058110222074
0.4196453070184015
0.4811902567643715
0.4877831916449006
0.4605665683462835
0.4750169666235611
0.4646504946860579
0.4823419485961331
0.49494542826189836
0.4605759216727072
0.4628090046764995
0.4683092693745836
0.4200521211063409
0.4523861978060346
0.4313391788906166
0.4304950435037642
0.4501185948323825
0.523012900886876
0.4908991717374238
0.4683020946189011
0.4972858921839634
0.4796340296034127
0.47484328365407946
0.4437954794816559
0.4632355202296646
0.4640977830241129
0.4642583379373613
0.46740918995228287
0.46346490303259896
0.4401640157052651
0.41926091685624256
0.4376995634436124
0.4578399691841488
0.47210931704023457
0.48845526041900245
0.466689985093973
0.4680873079738375
0.4830102126838769
0.4500337286730788
0.4591611618272176
0.4620189124306487
0.45837577818290953
0.46420298448571073
0.4746435369714338
0.49777431040407993
0.500133235045101
0.4602198613423799
0.43603389966537315
0.4593623751288769
0.5089414900665261
0.5101410786652187
0.44825481486010743
0.4458857001752633
0.44758681402088835
0.47810281494764506
0.5060316185703039
0.4817611310207495
0.4896566822090481
0.4509364887061002
0.4662791557231974
0.4708397503046411
0.5033815233368731
0.45477454728850897
0.44875190364195455
0.5089576863764977
0.5358487929629393
0.4834337683403928
0.4813111969861346
0.5021601510238737
0.4678725097470836
0.4598787299536051
0.4797726240100004
0.4927418615798899
0.47787511043469183
0.45855227795554887
0.4691994434446898
0.470096289380628
0.47549202764056525
0.49259728867695723
0.4561875344426077
0.46690708576023476
0.47966864097161116
0.4870074699477494
0.5083282293302736
0.46638083392084995
0.442403748351329
0.43819363420980045
0.4466123323182432
0.44155298493609146
0.4383583374169183
0.4699606468244606
0.4335028391280818
0.4369181469568644
0.45803449357804965
0.4253348290800369
0.4212300041660467
0.4461832205335848
0.4728929328197218
0.4944936530574369
0.4760935424198108
0.4918712260713618
0.49436974629498465
0.47301638099310883
0.4574490914283855
0.44746180944566777
0.4839554370766393
0.4878446689951077
0.4396650542109351
0.4504863132433027
0.4817561280809393
0.4480616785943572
0.46876048464737363
0.48932923934006173
0.45308779197010546
0.453687606293066
0.4701156802135709
0.47940869249186524
0.4554879569830949
0.49218176179096196
0.47429748861723675
0.4794958980950311
0.45973936623000655
0.42308341221499585
0.4383187604220918
0.467223016923878
0.4886063453299713
0.5130865700765865
0.551902211248301
0.5367436590883802
0.4604996478908736
0.4573944861345707
0.4459632736630501
0.44803207013469215
0.5155834873905548
0.42396586855277524
0.45144218251588586
0.4825232197494012
0.5019549285679966
0.43033033195343046
0.48595063964366714
0.48995150660565223
0.48547371165689884
0.4710210025635161
0.4697120802907551
0.4737712318186229
0.47409765454735575
0.4737867432432823
0.5226713180924724
0.5376110425470303
0.4467403280087654
0.4575879177649085
0.45151782636347687
0.48049411574375717
0.4198596447992918
0.4329267007520934
0.44508859128678735
0.4860875531371387
0.46948885338367513
0.47728862065345334
0.4699054533809009
0.4638365815840207
0.4591856646141189
0.47354461130476583
0.4777608247055442
0.47147132227617056
0.4672065511069808
0.4579697431267671
0.46614477513817365
0.48390952239507806
0.4777720827467576
0.5015289467944122
0.47044516614630344
0.4731036052546374
0.4882070545241909
0.4782135746132249
0.5126228039925104
0.44981428090088216
0.49109957613453104
0.46594178734079567
0.4322572435307069
0.48698169265019
0.474873888503413
0.48309740550811625
0.4859761903776515
0.48339539630009853
0.45807528255969976
0.44609386121407407
0.48589219801409084
0.48611752551003096
0.4635627513763621
0.47254497334611456
0.4616295350335057
0.5277759615076434
0.4976922723606153
0.533765180704033
0.5339012834283832
0.47480583703493484
0.5241176718460937
0.45740473496168876
0.4582741063164526
0.4514370282068563
0.4370592418002139
0.4469290733604475
0.46336529025921797
0.47584245489300236
0.4818522779687823
0.4955010251240055
0.4895045745549061
0.45450169984599254
0.4891752439348316
0.467225474897095
0.465745677547785
0.46633307683487385
0.4757664620545936
0.4674914574805194
0.5038263311205312
0.44744952840716984
0.462390926364725
0.4892777200369061
0.5204383752409544
0.46899209487631194
0.4736268560656778
0.4802838288831811
0.4715339416358615
0.44280686573796785
0.4377177016819005
0.47241093861842526
0.4847616966972727
0.5141836295378426
0.5122147606493711
0.462540225401811
0.4641622194533907
0.4183982312215417
0.4497710071857719
0.5598991068528041
0.5223237646364155
0.4760148312682775
0.4647850568239486
0.47447878465269766
0.4610423583821723
0.4507225420247338
0.46815019219934395
0.4755830990167237
0.47039588017189066
0.4624794882541665
0.43894151698887535
0.44916927963135267
0.5171775298079095
0.5245998002031372
0.4852230421331844
0.45681126066020217
0.44782766706130894
0.48701582281121153
0.46959277238403435
0.4507423650609937
0.49533774614100057
0.46496627145555364
0.5055287313772165
0.5253650379064994
0.41544944766132025
0.461587108629449
0.4907798921379755
0.504777923885149
0.527471056466243
0.5331397741730827
0.5223509993060012
0.4753111914346897
0.4514826552206003
0.4581245836367365
0.48528000788017006
0.4608987314269711
0.4514716236768257
0.4381055718376128
0.5070628015446798
0.4399422551081563
0.5366079353968938
0.4509071362729674
0.43667535204671104
0.46500363147382984
0.4804124212629584
0.4774769357044035
0.49070446948815394
0.4826634119704061
0.4644416678355497
0.48032608746894695
0.4974322340393765
0.4858017195700814
0.4905453114043694
0.5174271977871754
0.460418529923593
0.48205375653817617
0.5031912810445419
0.5201622946243846
0.4600297642903478
0.4288334886372814
0.49243956053049015
0.5290798211562796
0.4802914643374846
0.45662262775488477
0.4605619663563572
0.45462964024909625
0.521586774553719
0.5188153682621279
0.4805789602106872
0.4990142754172507
0.4642260830094303
0.44190244364392955
0.46971825042847815
0.47997616815579136
0.4222394181770383
0.46368781178587815
0.422396637195487
0.489334675397899
0.4581906176733764
0.4215464971668156
0.4732759785670259
0.4301281459280452
0.45124676981946554
0.4545599132888151
0.4523946207457372
0.4502997252037029
0.4602941707891043
0.4672056595125995
0.46225440731229395
0.48044529493130156
0.5293865368902586
0.5373438799692757
0.45962132333178474
0.46116759997365264
0.44979390174020034
0.4707970735043039
0.4836219687436224
0.4911788526290738
0.44712946802030495
0.468556783889972
0.49926542980218924
0.48173474904746016
0.48137342588212595
0.4525489475763076
0.46479194279633307
0.5046920003716451
0.500517146776237
0.48976086895328785
0.49085536723566703
0.4718024388507054
0.4562736416284264
0.4455183643173229
0.4692270693820937
0.44079435899288877
0.4642162647380861
0.4469171646072994
0.46920768889896036
0.44546833408840963
0.4609482836913548
0.4384114685565806
0.4672737487441795
0.459223423645414
0.4514697934907986
0.4916537709982837
0.4816242920320727
0.49023484556368835
0.5285222149896731
0.49631697780582884
0.45601246468157725
0.48104090597331545
0.4754410889499877
0.4737456212317275
0.5035556599852175
0.5326061139655578
0.43009640560852297
0.46344060086226335
0.4835643028122613
0.4355710451772232
0.4691461905694412
0.44352490880195017
0.4798460440881007
0.4895494990813141
0.4807670562454298
0.4902431428047776
0.4984997081834939
0.4653387446950926
0.4494861463353712
0.4689943641228281
0.46751094525172304
0.4639805840778147
0.46978067811401036
0.4620804591186731
0.4713773079660646
0.5043064652005473
0.4872579607594233
0.4804598681059766
0.5019153251463262
0.4889945274545593
0.47141826028675315
0.4802583170928287
0.4552790961722766
0.46076076205839467
0.4796836098685478
0.4808445477844391
0.46201099200929496
0.46194015121116055
0.47325526857434197
0.46843215392618387
0.45937540776484886
0.45792516509532927
0.48396326922518645
0.5016529631165901
0.442791865302524
0.46723529600842917
0.41725437368617296
0.4826043959068028
0.440548183589806
0.4799754651558763
0.48057390123252935
0.4883419400931361
0.43395385206320874
0.4323262430565253
0.47701382830814837
0.4783152105608392
0.4774837269795227
0.46149072579098704
0.4428803291570452
0.46003039018953173
0.49373671114919016
0.5407620733519548
0.4657079975818595
0.45313024008602715
0.5141166562341375
0.4660110371302663
0.533626822634214
0.5121028826818261
0.4507144884869762
0.4680057579082672
0.46581020189806865
0.45316829125868524
0.4101044264876668
0.4729632841719015
0.48691400936520063
0.4534541226245993
0.46302859982105415
0.475999214638193
0.454236088672031
0.46579278982311534
0.49745082611214875
0.44836083091468104
0.45749190986344324
0.5090222242511484
0.4356868308848641
0.46021336634734866
0.4536205647665579
0.4959631796536611
0.4625199572408072
0.47573284555189443
0.47652657214303934
0.5032956636575068
0.4794768306000048
0.46545390597339587
0.5109171867921745
0.5113762366957414
0.47866073032666984
0.47071288457451854
0.47607771038541963
0.48470014326495703
0.46116476181619465
0.4314714612550102
0.4643795984455496
0.49966093142322554
0.52957416686349
0.47278034643804007
0.49328521051590973
0.4743702913168679
0.48806423780055647
0.4564069130925884
0.46984771390644847
0.42608830274554804
0.4475372006617338
0.44169973624931125
0.43397708035781274
0.46337158658603084
0.47468525534973094
0.45962889849472477
0.4525414603321974
0.46644755468268195
0.485882178942137
0.44344269900962735
0.5103565678827671
0.49000081783499266
0.4367264363811335
0.4406382684329797
0.46847289804217035
0.5008599542902807
0.4757243555511108
0.45613569470199394
0.45654387352427117
0.46981093142567626
0.47077248233568836
0.48083930735676156
0.47804180883703357
0.48032166637007184
0.5027296978330482
0.49318963759506024
0.4856003179400481
0.5028138929040946
0.4329920920851707
0.49272169774380037
0.45612014128688017
0.4356854945073316
0.45870737599534445
0.4935029973244603
0.4118727686441115
0.4406908471501423
0.4490145611441757
0.49406487602998655
0.4792164855644097
0.46646606929769124
0.46529996750345115
0.4321325591494826
0.3989692628132662
0.3983713685889959
0.4114141207369745
0.4220652754364074
0.4008591366938178
0.37107327081018215
0.4391224789714544
0.39766845531732126
0.4130488028221469
0.38176034890295985
0.44839616294951923
0.41624090830204713
0.40200419473781773
0.44497397890808227
0.47650309388777456
0.46584248430646885
0.45983272431891486
0.4294981078924252
0.39941244355075767
0.4139359443118806
0.41666805068671475
0.3896729016020718
0.3883362797137858
0.40936854334877354
0.4114779825176601
0.4029538178942276
0.4108001287413654
0.4063857925500161
0.43101184857865066
0.40911310756320857
0.41201878541848175
0.43454997336045886
0.4040124243292331
0.44130819719012365
0.3919345724170253
0.3592368654627859
0.4253108220525345
0.42126656350409253
0.4377045410172925
0.4259140996787254
0.40843828769251306
0.4412915948430796
0.43146434430963965
0.38355140218136513
0.3886406717856611
0.4030814547522417
0.40174735137142453
0.38604059861640794
0.45647899055412805
0.4624026175171766
0.4793096421317039
0.4850905503905612
0.41707517554293927
0.5635797146822948
0.5932232597948122
0.5500392216441419
0.519879998245666
0.5354848868458081
0.478058171552022
0.43514206761082963
0.4487014628809949
0.45073895307308814
0.4447287402878361
0.4486798473162234
0.4716264810686365
0.42763157894736875
0.42763157894736875
0.42763157894736875
0.42763157894736875
0.42763157894736875