0.7869582928777642
0.19604874851886256
0.4551110680360414
0.3149567731257362
0.7477042866005014
0.6900074429446312
0.10647297418413693
0.25990842690621496
0.8622364716927441
0.5525779271534754
0.8548415300361963
0.2928689644106506
0.7326533039844254
0.5483510387098613
0.5878495064054042
0.006035553779522362
0.29774252077396324
0.30676433572671835
0.26807466283207526
0.9184637698685558
0.8282107706699673
0.13096180021174786
0.07966141754389555
0.7280594423856385
0.49655537858761345
0.871936482333286
0.8682358504029856
0.7496286792237747
0.3716390164223279
0.5197828148138238
0.8421267970250983
0.2348350016641496
0.14369977057386707
0.7048113679441325
0.41259097987705506
0.5864308275708371
0.530166809866764
0.9187950145686385
0.19386109829961784
0.3312601096839364
0.6616712816324127
0.8066795934012285
0.11015112465939758
0.3472619628789353
0.1863653770566882
0.9619607284887708
0.7921020047854758
0.4163803062549074
0.8085508802981328
0.6337185325332624
0.3798118040777917
0.6317638529193497
0.0022090555183339466
0.1713490129913886
0.7455296731764479
0.5173372917521921
0.2646181210080102
0.5061786869823754
0.002375384417522053
0.8153759755986358
0.3679071936529904
0.7229667142177226
0.13787991056899085
0.43947353546373635
0.6983318299040794
0.3312194095491573
0.9479700932530901
0.3277034362109791
0.007037494948389567
0.0017707353669509374
0.9208146878593391
0.8355458487968488
0.46785785793425616
0.05304383235938648
0.1938417965759186
0.5556429597452405
0.20221964245588175
0.7398553388239034
0.49717414831566353
0.5142626844491711
0.08669272615534562
0.39385125593487547
0.8976114018572625
0.600938110174721
0.9173791720304384
0.3720873477238744
0.9566924976823961
0.7287500240693147
0.6746825021761061
0.2609768568821398
0.6267140823116962
0.434250114392444
0.10356331454187284
0.3784168888252296
0.024031832514329055
0.05520341220116354
0.8555141343232461
0.634399600031771
0.3872781662846615
0.14234759644584005
0.9250798136919487
0.26156005456376785
0.3562940841439901
0.23365104254708646
0.775129625373813
0.5871578768995231
0.7980482718259321
0.49783433333483906
0.08330246922116125
0.5709344846809434
0.7760862150733501
0.24064972230956072
0.712395420101929
0.09133960339292224
0.6042125598792542
0.8852073319983684
0.22165925986080037
0.9687366893505134
0.6794730442288601
0.7956557181572833
0.323000832971886
0.5741735831484752
0.8315789564038925
0.9245758952357366
0.2573378841421632
0.2540036235312949
0.16949066774779464
0.5077162590217345
0.9368160878208067
0.7782446842328894
0.36280499262223354
0.048732979467352444
0.13287142085890236
0.007767970835468319
0.947614760609074
0.6434395758445254
0.9598578284362702
0.34357576495728026
0.40782089124281096
0.6197679650266108
0.37482337295489887
0.22272363977295695
0.009750001111634932
0.9862766626033002
0.27008090853626077
0.7086734090848438
0.11642691547839368
0.8281415090348104
0.08064313314090144
0.24179781448631188
0.1279556274218695
0.2727078772695932
0.03041468672531933
0.6279522177678848
0.19013408205456261
0.6614202501350074
0.9170754375045339
0.6889594092515993
0.8124470913875314
0.6031921501176821
0.9541719594870599
0.7089344726658762
0.9548618325187058
0.4107739884933206
0.6668422655975156
0.16228949343278332
0.6447411156662273
0.15025107688164618
0.4053392595034757
0.688893023599825
0.405904821829397
0.5387916893788208
0.26968298713681116
0.22228397700390978
0.6448216311480228
0.8619893340427364
0.5350424791323152
0.19057862762710087
0.09649816826928559
0.7665925742085961
0.0645301125856681
0.49481276847076106
0.17303408535070286
0.046668545612621126
0.3704836197331187
0.1339919108791039
0.5540656875705886
0.1434849566581088
0.5121213512288901
0.43627597903309445
0.19501146723702756
0.23949025559925996
0.9326153435788856
0.8940009123568424
0.04587338289151954
0.599694478946692
0.3850136379762057
0.7124566286186145
0.3348749781431708
0.28590002443429074
0.7228799164900434
0.08872918275190489
0.17870379963287497
0.356957494392079
0.07275937378420638
0.621064489459091
0.85449073290398
0.38344312998005026
0.38158035419604797
0.33928272859056885
0.16559618276363475
0.1614506983013798
0.3296943768884266
0.44332450373413945
0.8040001344137678
0.5077487404612158
0.567984896254984
0.20960525218217863
0.8969551908676769
0.7802965825005038
0.5158015029668077
0.7112616099158685
0.6278294080702722
0.9369578385323942
0.5224166660178539
0.326905803925287
0.5579929144570187
0.5736960254022166
0.4162118933593447
0.8798485025953604
0.13148465478601623
0.2231438321306276
0.20764685285609896
0.7969505009203983
0.5034696580957898
0.4887378051659391
0.6171933919543543
0.6448359629110257
0.17405670730318556
0.6755499378677828
0.4345042103257417
0.5812187311495063
0.6801694195693732
0.7308527556005219
0.11187289873724382
0.4425799722982048
0.4377095064262333
0.6288092458496004
0.9471787106297654
0.1637002858517954
0.890662054898052
0.9651103248239592
0.39100702250729114
0.7747931942064963
0.6211316093795232
0.743522578878028
0.8867197594525614
0.40982652365650096
0.46098036485671934
0.6576619573967543
0.16988989966290335
0.21740635003399322
0.00901570180477107
0.5278989752091203
0.5995057130848049
0.09284277902884064
0.6621680512166989
0.3979442506989369
0.600077300135126
0.6149330597182856
0.40400665331788677
0.337965433857629
0.16072483374209345
0.3602374871246349
0.7305241165784573
0.12457853741923675
0.3394924518204362
0.5611335769796534
0.05130385953394767
0.14253296007567906
0.5539873568575542
0.24609668366904536
0.12354761866567632
0.40076646259907656
0.15520482386496204
0.7011780749611636
0.8255864298116845
0.10411853591382081
0.5402826700630389
0.3010194466513503
0.14599685264322226
0.028765805504530007
0.7834346312686893
0.9986179439751174
0.19227289930007618
0.06823016954847227
0.1482238772383654
0.5693560608532638
0.6021322496813577
0.1589978724962129
0.3012002042641645
0.28773040773532577
0.1232404773101683
0.14199003831640844
0.803944517361393
0.04226514732751596
0.24254506470728177
0.0170128880676782
0.9653021798711425
0.9142424734533265
0.293127166350708
0.5037761735730939
0.8103115589629265
0.7150128708567732
0.9557362051799756
0.09725545417520687
0.9870331984373214
0.07735973040787236
0.3372748179810823
0.8397288422539638
0.5285796634920292
0.19598645732549091
0.2716201891344322
0.6438727826354032
0.18874573799717353
0.14807006263244815
0.3872601371956762
0.8992811538848654
0.5611422591658967
0.9616853986859035
0.2654477176493215
0.6604460050013666
0.5141050602891479
0.8028225669441585
0.6175367668474687
0.6175026825657138
0.7465353762185375
0.6595567969432287
0.7946223064592968
0.2692287354462797
0.051188696102584696
0.29665127722134954
0.28555237405897294
0.4651440104915344
0.441306213234381
0.33697191281453875
0.7843539677709703
0.912113366025104
0.4785667143439505
0.21534197138888178
0.6876922990042186
0.1272230482934943
0.45727214988524034
0.8590888935957454
0.12755172490412292
0.0764393082606647
0.33654439289627536
0.8330048344722497
0.550753178185021
0.380762568948669
0.8741804908684007
0.5571122434438304
0.9747853467506583
0.8092788926185758
0.8151881842117104
0.8037980415181433
0.9726229265786762
0.7839513064171661
0.4694503454591614
0.10762408110757848
0.814436658847701
0.07772142014188876
0.45155454840748255
0.0885270549743421
0.04927491262519035
0.3850451429761619
0.4735602364627117
0.09578842055642334
0.859204018722032
0.4885761902428283
0.7041058816152608
0.571591361622018
0.37969182958685344
0.3514704631625939
0.42816481308514087
0.6713616479582745
0.17885401372369358
0.905019681568885
0.3581108684201756
0.29121995590762484
0.8604947594484466
0.3972126449003548
0.30257417420198474
0.5418560044599379
0.8879927372172075
0.5113658763956132
0.17890727252107352
0.35638752277791086
0.8351069759332633
0.12820633152942884
0.2499326615547498
0.5237072360704698
0.15559021745232327
0.5904716752863485
0.7983973810618861
0.02882584741913552
0.7725010490357527
0.21129807434759018
0.13635232913328688
0.39537025116929503
0.957288741047315
0.15603307498312202
0.5475961155290787
0.6262797984024122
0.20688547456868567
0.7138749112345814
0.4295501109170484
0.7781460362754694
0.40924804206739795
0.08328609967556388
0.36998539868649416
0.7820635444008245
0.8054065099132609
0.8265966920102248
0.0037291949960183146
0.47712725236049935
0.4642256169293357
0.8397271015445307
0.8074068882225891
0.44095322654576075
0.38884783423017033
0.9765491581877563
0.0160458454095167
0.9797342063937977
0.6073982782701671
0.8663376442589136
0.10749915327839954
0.8911113483791444
0.6823584686320989
0.41793178946969034
0.31073943218063416
0.13227553635174905
0.41317415509616495
0.6058963368567752
0.4197109441477789
0.6064097151383662
0.6811671870745719
0.23063154549335008
0.9423897172484258
0.8342376097596351
0.7338817698316586
0.1004842518891329
0.3555278564342529
0.651847791402848
0.1942409413329066
0.4462686772721782
0.8806111533834962
0.39432137441718806
0.5746155397111938
0.4706031906995096
0.8930095279687146
0.18906299715423114
0.7491113673212194
0.9203638867224964
0.753790963152318
0.8955315404250007
0.3146529608346069
0.19684858385429527
0.2106968556246629
0.056728419907939975
0.09917680636734849
0.999481348878219
0.7372213926744862
0.5729631905430413
0.902509853839513
0.8468384226605701
0.44868229679473304
0.4813194801603753
0.9294086486947427
0.583847504302223
0.6032891238235403
0.2485358723289407
0.5726412662207364
0.8477882181076876
0.49362785126523323
0.9499057045594153
0.8037782114388279
0.3060288873028193
0.8316551416758546
0.5711926753012972
0.21941063791336313
0.9148677110806379
0.6674531650645434
0.0948642824100997
0.5149343477045402
0.7189410545038873
0.9544146879037582
0.2553917774370421
0.5555127060323023
0.4953804893907108
0.6806185324498077
0.3111103588856412
0.873533108536795
0.10548764038202751
0.2997598082465963
0.4681607283685222
0.9645909388481486
0.7599260754101705
0.11678994177525859
0.43709165776000947
0.2959149085175412
0.9219025740176486
0.40216462192576385
0.4927275887257454
0.4591633529738135
0.00941730751988512
0.5757377346782196
0.01740674550915222
0.4375400687661787
0.32381145216130636
0.5509646794584869
0.07026382969951195
0.6551386201367465
0.07332878948974375
0.42051932519961477
0.40221738081309233
0.49122573486247767
0.3678835436674457
0.3951863487609143
0.7999798118074851
0.6069337460799025
0.6270294178956926
0.6855735968952809
0.4221747269288635
0.30415298999141305
0.7227125972471751
0.19962709553447489
0.09146241952075529
0.0840547925552314
0.6940665236728389
0.2789820096229103
0.8604898022196638
0.523301368987778
0.7720376141305678
0.9123729562391897
0.5870255706069765
0.5826829876782776
0.7546531255113815
0.4162413456862054
0.2842560926908396
0.0319316721963232
0.3935928117301216
0.950223613209169
0.4370802208307648
0.74991630046391
0.18976746157838587
0.5030612714820039
0.34515071481164317
0.17526858078061014
0.590590165545631
0.9494413437683812
0.4380977563335494
0.5933118215946941
0.925851596741175
0.70815926323512
0.39664925732849377
0.8895373971521862
0.7012292354897643
0.026669545524408034
0.7898267459522638
0.2934202774060165
0.30365775051420707
0.5165858672528004
0.7574835513918184
0.9592249562574274
0.06695777321286867
0.5152471689424818
0.5125926830157463
0.593240722736269
0.26851676852644313
0.8458676619842174
0.3484514678686771
0.9617340782310233
0.5834153984384898
0.4886591120199435
0.8154045202040535
0.07115244334119786
0.1680922046851021
0.21481087861734605
0.6727344884548276
0.19985934297015973
0.8707086617688897
0.3321838555507468
0.026181419509574755
0.3675147686393967
0.25426509888338633
0.5078470077042461
0.6276968875113353
0.5728262368641862
0.004779113315518946
0.7069142743461538
0.6839611926891349
0.9932997193064623
0.28021386921877656
0.3682650727342843
0.17952101556363698
0.6747990900652324
0.9966406406494858
0.10802364899606298
0.33934291952974094
0.238378896342043
0.8413637896099829
0.4091370888316489
0.46966805444308624
0.19841689807746166
0.7482709940757285
0.6761074677352418
0.8300624575762158
0.09545643084680033
0.2977429787068414
0.6775668294750385
0.7522825746408759
0.2845502093374448
0.6311138833816612
0.5998428003209165
0.8945242660145712
0.09623206345272739
0.18941480881899053
0.22654079794929693
0.04561098568458799
0.13772345413492892
0.5824798862442938
0.2506691351109974
0.5945931167251486
0.20844977197896852
0.10944622845978857
0.5372991397123651
0.6162839700667249
0.10465092768134343
0.04201167022597263
0.8604019204615284
0.09824936390505767
0.18167840929453716
0.05904401207071108
0.817996235719207
0.4263090954112325
0.679486418724767
0.46581796994286184
0.8204666610147078
0.7787995992643869
0.9086513734869783
0.3930144891362449
0.251283229164062
0.6753690016118069
0.42509373202265144
0.39687988743218616
0.469957644504552
0.23945941990000197
0.4266587818327223
0.3797727677041901
0.5801442622343079
0.8111626709265535
0.7714281100299003
0.8494296726635864
0.15977223234055338
0.5009747256620447
0.03737298846754966
0.9950766696817273
0.8756739138020848
0.19039255138914335
0.9141105303321401
0.17919791723931533
0.67056616374542
0.025498772000504766
0.4081077566529703
0.9172558466568058
0.30007214943369576
0.5882333862799668
0.3010947648959279
0.5212662313465343
0.1907297243581817
0.3398164988020774
0.8638388117196404
0.9429993449709714
0.8820472848179185
0.08418901973387649
0.4185859728289587
0.08122047985244085
0.8825105203222414
0.9380280082780398
0.38094441072311025
0.5066751937397478
0.9561213358649864
0.09070499233811846
0.12507831155445248
0.36424435371793884
0.5371206830698017
0.6799419654684145
0.18103180325006396
0.8988019095861727
0.16084439671115625
0.654179691973382
0.6656805244133692
0.25124785761506097
0.6808761068558457
0.657654803279909
0.15990682780045817
0.2512591097605643
0.8964750725027177
0.48370753864810223
0.9877914040657816
0.5295862491427706
0.40300587274065514
0.7863918706974224
0.4216148703420919
0.4189451700185436
0.46900421916398305
0.606461726892877
0.6525640513772348
0.8188798341379344
0.5185882264206731
0.7875374896380952
0.7686910455531167
0.4023992433288247
0.45530906042108854
0.39818907097999645
0.8378226402913218
0.5640779602977545
0.7768116524629676
0.006448618734969491
0.09289784890888575
0.2048004414889184
0.5179506657440393
0.6063045231920867
0.4297408950451592
0.17079239749783037
0.49963192020002223
0.5490229208534281
0.7164064620612853
0.7521218922844787
0.05406943159094135
0.646734434542581
0.659929009834095
0.8131604759193445
0.45246178642113766
0.055625108353414277
0.04695279390292617
0.11915658183252975
0.3649306810582841
0.9831889603142535
0.07086360323152241
0.5561372363947965
0.5149510684439396
0.19414582964289495
0.9195762311262041
0.8906054237538418
0.2330985775406078
0.6683228896969805
0.2756931218792108
0.4440186646214084
0.7759126169006813
0.5207708206245183
0.7380210808400538
0.9205046800848353
0.3353656371143401
0.23287489453455035
0.9475853857529731
0.8972115241188864
0.8301145158650887
0.42693241493323475
0.1567293488369761
0.3508401302918259
0.059138974964418445
0.7577527437750077
0.20301068394477306
0.4676364278978943
0.8548887175753294
0.9222525798646436
0.3315399032320758
0.9540759533010612
0.9384991934713567
0.4926226541940528
0.9211172397769821
0.39631403013764444
0.17737775347636964
0.8052162484536901
0.05709479151592323
0.5639458485137859
0.610407958036452
0.17685429901614802
0.4595847509501675
0.16359343183197506
0.5543041330542077
0.5477553092071239
0.5039567094892917
0.41553405293195766
0.6621772629527505
0.32705387670585806
0.6645466137732687
0.8511051300353073
0.19670014206120123
0.16392829913113616
0.5085190659295454
0.5669626496580863
0.1377775895140232
0.4316111829036532
0.91771282934558
0.05964214505497867
0.1415720669418793
0.25818667284589525
0.2322505969643579
0.10335641723782196
0.2870411227530112
0.6019231310648169
0.7465124495470218
0.8493843987999394
0.5072677152315294
0.5530366372179515
0.8678609529523355
0.10214273063898327
0.1382667313264253
0.7080118376946863
0.3939765180627913
0.19425709856973983
0.5337237925168121
0.4371297218863298
0.19220477358059462
0.29368848420833515
0.6299794361127389
0.23095928917379727
0.40755212820303166
0.5929485496826922
0.026383357199610824
0.5160984793108284
0.14086151246306422
0.23397499929797638
0.13675809482291457
0.6564737902820034
0.4857075043048059
0.54036837984238
0.662642505619886
0.8358294956478831
0.8575648442269229
0.03030640689408859
0.6203869320072947
0.7685607686511875
0.04656166132239492
0.26822877570236037
0.37592995112568595
0.2298730167550952
0.5972564053211593
0.26285664741248127
0.4541438537395077
0.9577249997586583
0.7165135018143943
0.2713167254907286
0.7964843884067987
0.6943684209733965
0.04391730014607187
0.19532519471950194
0.3417247911529546
0.9749249798892723
0.8620705115300258
0.805057900882521
0.004776823524040963
0.18503357085936245
0.24063900557640439
0.3417832180144531
0.35835260380934464
0.43799701415096537
0.6089406325239566
0.21626803085922996
0.9374182329214956
0.6104099644365132
0.18309128723174262
0.17236923932211368
0.4032809746165813
0.09952584190766423
0.05555877893830086
0.9866216245088092
0.9348292339628967
0.6769250463637536
0.7220834747454159
0.23806519963700457
0.11158759822627928
0.9886899457062361
0.19575125036244356
0.41878471420721086
0.03971198155597211
0.32980528677098764
0.5872463963254778
0.3264235821838227
0.07544875588391697
0.27765479345212896
0.13487343155583775
0.8822321238957122
0.8520813311046588
0.18204085740265608
0.10936719481310309
0.8048249592406334
0.8844707645079128
0.3617775079553833
0.014407175264755767
0.611738627934505
0.6935874196389664
0.11083070469519674
0.8810208712846468
0.296864771010776
0.6097832399786727
0.6123114118710582
0.5549713508918807
0.8469422871989345
0.02462859698331399
0.9526528583813205
0.7362931268643742
0.7609272685127285
0.6893320593939439
0.030231175425583845
0.4839660812036657
0.9132852191251785
0.20002344913655512
0.390330269605056
0.5139600620439241
0.3584598707740543
0.9091041116083208
0.5467691787603507
0.20087622831573893
0.49818138988031935
0.35758726265977725
0.17470015905609704
0.7370387658802297
0.509455536523921
0.6227033076447025
0.70974841565686
0.3991753808013181
0.16719327693328834
0.7295365006675282
0.17352043996774547
0.42010779030846757
0.17789408782906047
0.23318841656269396
0.13757107531030632
0.7236305091018943
0.8341046374020594
0.9415138207346674
0.5448969034182273
0.9446926212239368
0.2969993386991763
0.7833513261349142
0.9919048802486413
0.5198023478773265
0.5722928580000459
0.2561594230939831
0.42348436197650985
0.13372785547011135
0.6056318945719368
0.7554631058242629
0.9690777000099327
0.4768629221403142
0.06102240604701148
0.33636210682616163
0.013937592098922091
0.3539012785219281
0.48984690052755964
0.12546528317014038
0.19157387127409387
0.3071711043439158
0.34078898426812865
0.6105324559138356
0.016226435011399976
0.6743625075179082
0.48124401247466864
0.5145970687218728
0.4183156000017304
0.7779215226444347
0.1550101033701159
0.6179857998794077
0.36282870514086485
0.2995803021466876
0.13948120563165312
0.1011223899181598
0.4529137295075031
0.2780211063187541
0.6064702141047612
0.5520645004053542
0.2789945881117005
0.011793070700478303
0.519563691203994
0.8581133100654188
0.6038596959970138
0.5396444842464112
0.7372254483286268
0.5025190070297693
0.6478927979840221
0.8049598591389563
0.21678563998230083
0.3038191454598228
0.9450620168829043
0.47620381516499277
0.07433249175001144
