0.7486967784111307
0.9182924349458854
0.006388798901730608
0.606799525932334
0.6602373534274988
0.8005043242019863
0.1881271164495606
0.4451193469116782
0.9319520273415189
0.3682190790148623
0.7719708566223726
0.2520990338604018
0.5353009833961561
0.4883951824112829
0.32595885708959327
0.5752450827749513
0.4769805058915697
0.5259205673830762
0.7031462679847778
0.6824277128489652
0.2576175060511565
0.0895725600253412
0.3049236966584886
0.29653385863333925
0.29907942624431816
0.5103871717482178
0.4899009812299945
0.0866544028850943
0.746161713446148
0.32236996370019344
0.1254097483115827
0.21684023109410167
0.650517552387491
0.20670653189266908
0.9257380572299667
0.7107665576380503
0.18106365787537648
0.7332328807913323
0.5870771593258256
0.6387896280504249
0.2567197073778521
0.04005974952330482
0.40295877644259626
0.5930427410647126
0.15282363947054012
0.05657897468435047
0.46726637721961195
0.005448555003731315
0.48551289758575134
0.5056203772278912
0.4829360243301176
0.4706866280851987
0.6413437963517796
0.5471860046371585
0.7136050772824428
0.4015893305321163
0.3874971107142364
0.6032748459743142
0.010493524973042678
0.5706108305208298
0.23753815108586052
0.5100399335949243
0.3007702437976688
0.1627525184438413
0.5170909082404445
0.4910208465416589
0.3258847338496611
0.17718433642534293
0.7930021154303795
0.10635975138883857
0.7051760860571988
0.12831665256872005
0.08180764200191792
0.860786251761328
0.03890777646337562
0.7305792011264901
0.5424571204389957
0.8234689164654901
0.17840607994964697
0.20151667839979548
0.048578797865343804
0.026713978981259157
0.3107114971851346
0.8387218134363302
0.04587357874127962
0.4257042699722171
0.7310683706120705
0.861689052645973
0.17261008992510107
0.010214332602198728
0.5345529310663624
0.21453310709346474
0.8262163421323235
0.9997239310690219
0.33329086785728723
0.8833382834696767
0.8888691633896274
0.44591858564753795
0.9404835929031675
0.902641599805114
0.9557181660434411
0.41453583572567354
0.27620172840095725
0.1986114687151147
0.8723738405693087
0.47797260785104745
0.8167983007531403
0.8881520216952452
0.4643367115621948
0.23316898290085752
0.06453163614153579
0.1396951033113174
0.39633397574054563
0.3545370954932402
0.18233365661112744
0.17846152524589243
0.02084731276073437
0.7536683323091856
0.29769401373043436
0.5470446439202864
0.816710484606136
0.6696035629448369
0.35632100808901523
0.01271058143954773
0.1689704302528806
0.2586651907644931
0.10689313902080178
0.6763008017617376
0.5113588931480181
0.9760368014802356
0.07207477174404031
0.5457298261524508
0.4532568535018311
0.12260271843858528
0.7464950893367571
0.6983859287481373
0.7220907669169712
0.0456908023131789
0.42694402045402935
0.4856356323959362
0.1739324748123553
0.04759328448718392
0.673434684609852
0.9171115529441474
0.963793406005715
0.29630912352555583
0.9648238304492559
0.7556552871957701
0.28216390994369844
0.4654735781679369
0.49291082713000656
0.6245713156514009
0.6675795196850453
0.7775360896146184
0.23698928092463412
0.7170651958758256
0.256724374906798
0.24196165485166865
0.22636526928987588
0.8288880736778577
0.6014836284290831
0.3955535205420977
0.6182648787136502
0.10896931739617888
0.8133975768644747
0.32112991416801806
0.9520927450574735
0.8172379076545796
0.017776554133152378
0.33393780392062133
0.3859347697659472
0.6861087415997776
0.8413882133605892
0.25627307199960436
0.5838474435921374
0.6308290532485474
0.6329256980970557
0.8667619039713647
0.6526935349474748
0.2217799003366171
0.5953567842088341
0.8160354814072456
0.03910161270076418
0.16425485934955864
0.9271513396618931
0.049823063168798365
0.4806247622534626
0.7372746804006334
0.721637317867031
0.7953156935545042
0.13502321227532255
0.05793512181120597
0.04003276017836843
0.32232925483010333
0.45109710109355416
0.29733392206607023
0.9203476824197022
0.8005623248253979
0.10106415036299632
0.11489568827814733
0.9820489928839088
0.9394176348515837
0.8930675004075858
0.6149712654646347
0.7219433913326025
0.38536573942694397
0.08108562586412338
0.3239773199556891
0.8456386947259302
0.379811527577366
0.8208056353588108
0.9009099279098799
0.7699893980165069
0.9333652144851524
0.9939006066046302
0.8840783235432154
0.056037853168275586
0.6876537424996553
0.7230501577176499
0.5785647848932366
0.3453295583136464
0.42400791205981947
0.6000187314013414
0.665384033781783
0.3050343850261604
0.7144116350517012
0.22988893238107744
0.9449404235142339
0.6608857702697397
0.0419515727059554
0.44953411637910823
0.9977687714100748
0.9752505642041714
0.21334882993409487
0.7876285570285738
0.40346977813968143
0.3021366847586501
0.6827886978332487
0.9729819470347084
0.9194558386890642
0.8893132494804333
0.2151023212463552
0.8038532116176947
0.8434786056852334
0.3840322784626713
0.9979149626431633
0.4587160963602721
0.16536374742204019
0.04263504563456877
0.11417967244044425
0.11540499035095353
0.12446455400527867
0.9471197167815084
0.005162295320409682
0.8172433352816951
0.5497401371632988
0.2950827034489033
0.8022208836141936
0.6318849395107871
0.11260051497233192
0.3660684757965481
0.13631621257202764
0.825357647486012
0.6257314596540979
0.4579353619540545
0.2680200430233406
0.9395550477494794
0.6517275940470766
0.5435706461416944
0.8618455932185487
0.4314028575123947
0.13117889146012973
0.7205331282584359
0.023578008479431034
0.5802033288747421
0.35839743987288764
0.9818801632854274
0.5823471178180717
0.9845287649086228
0.5226309306950405
0.9986863103036706
0.9136298561151658
0.5075820112727432
0.1836013464859606
0.7747070508668387
0.4049524846887932
0.5298093212399735
0.6373623038614281
0.915471826821452
0.3140398536229313
0.4245278823753631
0.09500583633578619
0.8253393012597896
0.11361438401010449
0.12793428484912028
0.18762938120262262
0.8312558418685507
0.01059656405003706
0.218926965067895
0.4593395811953509
0.9699214076322654
0.1045186097308255
0.3987243039779155
0.2972273436764735
0.09838836918395322
0.08957352351272585
0.8187521948709093
0.8108792928709708
0.9875702750667904
0.46162150992744544
0.9421777817898997
0.8429524211015883
0.467644292067393
0.6402994882906999
0.1560077957704057
0.5181498785693422
0.39884142629420716
0.5019583928157936
0.5316794717664964
0.14098836077705446
0.6591530908354022
0.8305934593271194
0.8043590336567128
0.3073127228535786
0.593601403834624
0.989485473466763
0.7804001135943975
0.1951163348335304
0.48133835537624925
0.14341064348940602
0.8914843442187008
0.5024670686405415
0.8436892829063828
0.8037275356159056
0.9843431907871619
0.8020485173063301
0.07047939280019977
0.17294607616373237
0.48631140145412266
0.8904053627477891
0.3432035748066715
0.7746415408065855
0.8167228946329091
0.4685234285918003
0.05038397488966939
0.7220496299715623
0.8111691458626875
0.04869301288087269
0.6960553335930425
0.6100613896744362
0.96691659044807
0.13310353786619245
0.14624935656908133
0.5446737467951343
0.9700238010380609
0.7585625807158878
0.02852882922070843
0.6537678658175086
0.3653596106143683
0.2140589365891864
0.9213544830754803
0.15856666950282672
0.6346691227565973
0.7336719878109906
0.7673809199386572
0.9827752771828314
0.3113840832750807
0.2754161910920917
0.9929842031891868
0.971754980734613
0.023618390937722
0.6478101218102793
0.2638833867421747
0.4413785222865505
0.24933585007651582
0.28978312332098044
0.5841444371466529
0.5227641682796609
0.3744420802943298
0.24583659096570276
0.9144580383173738
0.3451873934057679
0.2856235059886485
0.7489929313695325
0.6285890765872951
0.6781643483044456
0.0639500122597434
0.15796128704325285
0.7760839858496859
0.5087591589208904
0.03604635443422122
0.8912870260888294
0.9938553008013313
0.09445437381662891
0.3584979531105593
0.44372034397055604
0.5263371335026192
0.12070057459933992
0.09473799339397959
0.33989544497512003
0.06406817086832128
0.6650124223618652
0.73214127921091
0.30812940777600084
0.24103701539274047
0.8722950266857793
0.7123339488218103
0.0856230900310192
0.0677872940977543
0.06235313425975175
0.6314982987211845
0.8356321011073004
0.028590561601466224
0.7841077978705501
0.5541043056272013
0.7288609909727839
0.06955410444611287
0.24945961463228228
0.7639076750132676
0.5693834707469977
0.23723653629717956
0.049973807366457845
0.29953796267587496
0.9335548924336509
0.3468360060325397
0.9650496685600408
0.3156859380001765
0.18891730777238092
0.5778080926909859
0.5451533976988489
0.289319990692694
0.9420536327344242
0.40751243343899546
0.18852254105164035
0.2901058317070708
0.2228395021899121
0.013442558432919305
0.5274306149481485
0.025391117566709753
0.22791595779271046
0.7462213738152924
0.6921314031928054
0.10440151541743747
0.49658586491665824
0.5071109753804022
0.6356715431466078
0.4445574318134461
0.37324692700399975
0.611064165770786
0.119378452433062
0.21177761927373873
0.8495308575132655
0.1516942332980794
0.3134935380635173
0.1588300412146022
0.4620281617517048
0.10950192975823014
0.4086151724899729
0.31089420758212616
0.8858351621220043
0.7600709462969677
0.5785533187244929
0.2954381151122567
0.7345265786054334
0.055675243337081515
0.5123609940023218
0.909792472872445
0.5989306350436551
0.3266302686074668
0.11476311910388914
0.6690425263749313
0.32886526034376884
0.3490020391889527
0.7094209410272058
0.22400224626358245
0.17397903324862818
0.028924446645481994
0.741034908684634
0.09426461879940384
0.15145185059922617
0.49796681778223983
0.45304750159714524
0.3571756044244492
0.7894795928128177
0.2540557413133887
0.1733480380217881
0.1636849538921582
0.032409398297506886
0.995497073097592
0.4462367846228307
0.5009254524371848
0.20177608956003945
0.7512846566471193
0.9054951406671463
0.9153381310411389
0.7727117060238934
0.9254695906292908
0.6957419914907236
0.82671248131846
0.6370225188817108
0.7992875470442256
0.5060251070180287
0.3034149161926526
0.9781835737419123
0.525117018412191
0.1379008648963539
0.7639135534754904
0.22619132613634163
0.09467916574424906
0.8674329005324373
0.6014897226567743
0.8128372459969341
0.21093210824295727
0.8339551575448101
0.6791407801365409
0.8108270601891121
0.8775714169915056
0.6866100104456833
0.46705093732033653
0.41569739982581766
0.9571271726816972
0.03871715342972759
0.5027664829703051
0.3580557411884584
0.5152018668630629
0.8165434384821476
0.9310912008486207
0.11665813672957948
0.3156596776764018
0.9888018055440537
0.04879755877224956
0.001266139913776998
0.7086921901281678
0.4939484681636125
0.7936760606922966
0.2275455754747765
0.7732570179889484
0.06203041810715859
0.201603851037495
0.7667863180599244
0.7579454451512927
0.5817859163075293
0.6106743888053262
0.3085208116558894
0.1280161107822222
0.25277375808248226
0.20662644843835576
0.04478075128356862
0.817708083199053
0.6207274915114579
0.2749082032910921
0.5934119883012082
0.854898249835459
0.028242938920279625
0.02205160769618819
0.06184056784743541
0.13568192476210073
0.871812432819876
0.5314871597127568
0.21778443691481442
0.6640080511766
0.9572482369032399
0.4049443506253988
0.1973076526471772
0.6594243072677254
0.8538422220524992
0.22433658362363262
0.21434887955403492
0.13732505645603843
0.16304054247817046
0.2659776999486607
0.9201022348970228
0.47381958270284985
0.03403919513992648
0.617600397660971
0.2120137235613201
0.11085472556396014
0.031205308085590633
0.9468932884981617
0.5126086295433038
0.7840249430676917
0.006529949632678278
0.644142692621986
0.3553750943091992
0.22808221926516525
0.41707188525465866
0.5552555586705199
0.24252471005283038
0.7345392489478816
0.31086646310230936
0.47557616222995946
0.47588812031114713
0.8414765735312584
0.5601377437610402
0.12369172040233944
0.7781728567885792
0.013013118586990502
0.6280036371850974
0.9443232548676287
0.2819888121169367
0.5651925309005636
0.5992659085915125
0.0775428930143357
0.8376743177443214
0.30381685023389293
0.7016090121746377
0.22361546965753798
0.9545685096120058
0.3236364736173427
0.868249797645542
0.9411732711043391
0.4671273567748707
0.8275660447316492
0.27599086140761697
0.2745768488830074
0.5804426145185264
0.09330108429075701
0.9375801335080732
0.5441778060787221
0.7216922071846403
0.8412063914966187
0.14692351308821083
0.9203305562063776
0.21799569994380474
0.34597375666946695
0.7601800805460833
0.3911665014421768
0.3430944575670434
0.2784736948409242
0.8883943069417919
0.6377248331453982
0.7979037442968516
0.47192247010844235
0.3023695674243442
0.7589664637608264
0.6957382384147277
0.05492681655608411
0.03402554074143471
0.018677428155635112
0.4819287948761083
0.6097737493879467
0.758172234107876
0.3938740001504857
0.800192308925021
0.7493854192920387
0.12704990732447619
0.6716407851743084
0.7991441316422997
0.48690744760217086
0.6403756925349925
0.4813794373638408
0.6939930593483737
0.23534653605566214
0.7065474486803478
0.8103178958007015
0.5105548804546601
0.7479376059534324
0.5547738530492378
0.6395036289646419
0.9438332016458196
0.0012595859046434787
0.5809958371546797
0.2705251201972123
0.013655706837627735
0.4201665221441273
0.8507370259783315
0.7129554188028687
0.36258523099985607
0.21164458414206588
0.6826760262687163
0.040548080789729934
0.9948994406143137
0.03784058731661977
0.12176062832265044
0.6644443599848753
0.9600966287107607
0.16322130195965057
0.18451252317027844
0.8899458917554914
0.971513680946639
0.8065176208866354
0.7275744555386415
0.7642242170965291
0.335987579041078
0.9733979881509783
0.26272716208063507
0.8880626003620689
0.8864840006243402
0.9567136524081771
0.5484832521495303
0.7322390379563948
0.2117943612681208
0.9035233471232871
0.8835214018198726
0.8333296072974297
0.49083449104229593
0.8497122123398984
0.9889975431455604
0.00987692138221763
0.0544768096336693
0.4746640646614908
0.21940050870804495
0.36714636294776803
0.8704876628372396
0.19205743754963178
0.8121473362617835
0.19882280221009208
0.5583524919565582
0.6767111358146332
0.6218739325982175
0.6257155368946978
0.563380338012834
0.9287784544144486
0.7006338871024461
0.4414572554495041
0.5279511611997983
0.7637576604196564
0.17729795408452553
0.4244586917521994
0.4296219950098604
0.3856552112413373
0.519319750142734
0.13627199881080088
0.6255059926120156
0.9223575948832087
0.6565435735236136
0.24936799891920103
0.8985664752690066
0.9819876876235377
0.8236163146389353
0.6891862711018224
0.35023174322399475
0.761061017465339
0.025405193195848663
0.048240403756633965
0.03126107670257372
0.9871290733305486
0.7069662145734701
0.42946737176097805
0.42596737870059576
0.12118442740490698
0.05688816195938773
0.009432562922550347
0.7784690127986416
0.7411490925932638
0.5312636641409832
0.434610812573749
0.24528994599016596
0.6201952314181933
0.4189748333070451
0.6576346534444751
0.8723907907319826
0.5232027124945623
0.28406196932550953
0.8980691591680249
0.32355808668616715
0.7543219194515195
0.715638886244979
0.9970666879658441
0.7368845195151202
0.8445561374932399
0.34138071023314365
0.6979668763458438
0.16392076990693938
0.9302225571628657
0.2968193174404732
0.5504874026923665
0.5794599632439758
0.38246455534404655
0.43457312407947024
0.8888692002412755
0.7973093749485074
0.42965479505678306
0.280256428074403
0.7323271714205816
0.5482409493201069
0.4317728743206658
0.33635181124872415
0.5131071558425793
0.7850713736430798
0.04393353773795905
0.24869399027541916
0.19739577864907687
0.5110182957209481
0.8864511937372787
0.9941708072003815
0.7807852033913004
0.524072646638602
0.14914269202490515
0.013545689581477616
0.9716038307166551
0.4896924739394458
0.6750846370014437
0.9067159670991962
0.9668623237398144
0.006021644834479201
0.8666490215560965
0.2838912073480614
0.7410439671470435
0.2140450497798012
0.9184451116988301
0.7781904348298251
0.87259066526724
0.614308158499968
0.7747993903532644
0.5893774504396732
0.3591469726920502
0.15126862920622686
0.3291168062194091
0.8649111500147505
0.6293281962415502
0.9649722692543818
0.2591680042817954
0.8054469413988384
0.9184279601294945
0.7280417905451962
0.02270089980265766
0.12818541009089568
0.6609670644185048
0.3787893800155614
0.5503329912563851
0.08868117733508651
0.45982092267250607
0.8425040895329157
0.6847976263667835
0.5762476209514996
0.001984491227052687
0.62433056839432
0.7624271770064672
0.33428236267689293
0.9807067808852189
0.0465746283502142
0.8022299846588647
0.43388393543177395
0.6078926277876998
0.9356150677762259
0.22940367762589697
0.6629668804437235
0.3075463385552889
0.5469705412989637
0.1439870292845854
0.8408157177293153
0.8038447506050785
0.5590631740726686
0.24874915295310474
0.6754154398225988
0.6559514335616826
0.19962868025139358
0.3642079429039389
0.3279135228369985
0.8752443760444842
0.8244841608312623
0.20300071869653868
0.6671521097059833
0.29929258275036796
0.3657892798021858
0.44029907180893135
0.37944905729604106
0.4095752918286166
0.14088184830082195
0.34098901891851174
0.7442625876529214
0.3464406732934864
0.9541063912794004
0.3167815244997344
0.4483769607342576
0.2609006157043322
0.30683343848770606
0.6329851831246838
0.9385084298928772
0.5606110048726148
0.6524908258850168
0.9377380023836512
0.5502227085886068
0.6821251914633107
0.720512453615719
0.11906083617310304
0.7333208061398493
0.8131241564726263
0.23951879372853924
0.2018530479723587
0.9777707678717109
0.10360511506993053
0.7764762688742083
0.8131574689763118
0.3736420101571737
0.0588926283461505
0.5461497822646674
0.6567767325705763
0.9981306774904858
0.7086931533225915
0.7307647391217662
0.5262202874397779
0.21656436289691283
0.7334746489762327
0.10514786099595486
0.9022907754482541
0.6391437696299119
0.2840713056328765
0.44696680961763413
0.28140818148222324
0.846917277115716
0.11667276691342598
0.7988260849668718
0.7167049744869078
0.6379744083640339
0.7446719022102649
0.43745547848909583
0.8296875168855526
0.04665271980120145
0.15324152581816775
0.17685557524130824
0.17040556656941053
0.31794865631681035
0.354175124730306
0.5107941794721886
0.9013636884103189
0.47863384233477735
0.40859800704374905
0.28643683138526455
0.1874897847466407
0.11119981363319442
0.07668849460699978
0.3208577589480076
0.08326252754810592
0.20013417608328266
0.7779891522961825
0.026732368430571585
0.8874713177396603
0.06352535545385474
0.4709706236332398
0.1361801298963229
0.9866609966556937
0.7649091475718579
0.11061676970530965
0.8939100532528271
0.8732272308138089
0.6646756790267122
0.18120622199436354
0.09614975114619118
0.028744992854667695
0.019719284850913676
0.9623666425959253
0.2615240986142293
0.6897071423700576
0.7582040440372808
0.8184592380695006
0.589641541142187
0.6896336213326174
0.52598309564414
0.3701975494623597
0.7935299137409759
0.4737303918599489
0.3555069331148605
0.45327190843433374
0.7619838072989668
0.786698000322602
0.9476229496356956
0.983121932299403
0.7782457232420584
0.162607727367985
0.5522992746708393
0.9044218669396895
0.7392492843578145
0.5228390677189585
0.8302010361110451
0.8770648580145712
0.2969475520620337
0.19560880917751766
0.3126987657118703
0.30508881087548967
0.137538270597665
0.050783581293366575
0.44439447155900147
0.6914470737414653
0.5778422188771555
0.2852860097670693
0.45942700953871707
0.24490980694944608
0.7684883708815473
0.6070272119445208
0.7740290720216058
0.7544043224324621
0.8405205788387276
0.9372809311117946
0.802851600080569
0.5015268833196015
0.9030576969416771
0.34830398250234706
0.10723376827666353
0.7851062895287699
0.05693296188422192
0.9068073218915725
0.03178666766231186
0.7407007885533329
0.7898825382709039
0.521705743801918
0.7325477589960081
0.9472987528110064
0.13433563850631336
