0.9189014707897502
0.8712502894797821
0.5049303119440102
0.28905010960792754
0.6317273041468393
0.7485382350927999
0.4317841445640235
0.8104882715502788
0.10495779195891464
0.45800372007371615
0.5739065395437016
0.7452165973549562
0.4715289478357758
0.3663599814024546
0.8191144950977226
0.9275022593795355
0.9784743627412917
0.7387906303637003
0.3998879687618505
0.8911196142456143
0.013516803182768156
0.17806060961280568
0.9571877538801504
0.4708421306246078
0.4204058546957654
0.31568152041280373
0.9996412037545289
0.13995328590801115
0.33777427599113863
0.7672449741892078
0.5878733010399444
0.17097398397070107
0.023487190421826676
0.9626080627185809
0.4094303405291416
0.959384171046851
0.04633682803357775
0.9190911773569944
0.06537027742392676
0.21878258629342073
0.38892181880904486
0.9473915133185019
0.7005652956315205
0.8759493409382264
0.7722404121458311
0.05186292701439155
0.6724377534521766
0.5421707925458473
0.8887022128243962
0.44811889826189033
0.7170817598012632
0.5410772993248839
0.7887590654259411
0.5816281524006758
0.031032139879161424
0.2955525647277326
0.5833188880510771
0.4321751445343437
0.3161454589633653
0.49595752423063744
0.8632896101578388
0.9970417674519573
0.6684027976066175
0.21892444506024056
0.5389299511367198
0.1582723220033989
0.8460873059174542
0.9622478742917053
0.7673986176340343
0.7008979414926075
0.5936089762857202
0.6794819594784637
0.15358604787692864
0.5788013300317142
0.3609021459337808
0.18515019020289059
0.3771880105143903
0.7179780346780412
0.5694506619557932
0.38084796017809486
0.29763701793254815
0.1047725264427184
0.3759883650938305
0.598494588434852
0.7904326424670834
0.8299681769566647
0.3981281425729789
0.6189641244908779
0.22743874378951245
0.40544726834932054
0.7065080219561686
0.3925451422133921
0.45126598580020794
0.35969984911166275
0.8206180779272917
0.8517063468578423
0.1962561807330574
0.026099756563788046
0.6867249616356909
0.4227611107265725
0.37818804870825107
0.3606606901228361
0.07749550006657502
0.6641367981660391
0.8550773383721022
0.8860750096775029
0.8071108825402057
0.7881935206453266
0.5068454599515817
0.2952516289187427
0.10954302710245989
0.2877033666339701
0.016430511880892062
0.10207183422821453
0.7437571800145126
0.25996832709407824
0.02731644363808783
0.6742649245367919
0.34313924490721537
0.6931542269491717
0.6257097490711796
0.43815216706614524
0.4598522020116085
0.04982459439879838
0.14840618586213505
0.44122232624499447
0.963731364797347
0.6467734753543126
0.025979065377530586
0.9683310733794341
0.45912990178170665
0.47660929168648203
0.7442432079860459
0.1278287876400509
0.6801635390000514
0.9939966265255418
0.75859770436877
0.8284609689442604
0.2143753788633066
0.19123129501961178
0.6593652000961179
0.06903094089227513
0.9351542108171692
0.271467782164978
0.9135093223121986
0.01627586791672242
0.6294121034568249
0.5464692958066724
0.7209096536950463
0.14841635548453425
0.5508580725700296
0.29451247530508506
0.8612965962781624
0.7101781106701579
0.5442677175165589
0.4289659151562921
0.4932277518897421
0.615584745305216
0.7819429353092167
0.8949415210283895
0.08031707901309137
0.1206955796855238
0.4185928142125962
0.07934127829453497
0.07367940426742858
0.6220817133516535
0.9015757441213721
0.5443902146398042
0.9971452711683577
0.1676025549173924
0.472708593034069
0.09781567613479347
0.6041649023079562
0.12042968999151837
0.5461007592056192
0.1706927735153415
0.6775079409998587
0.8937308271114869
0.19107861481473876
0.791700452544061
0.7452482828644289
0.9964839067800169
0.5731976979793051
0.1261434719293857
0.9750949114619117
0.2074645655488534
0.9123381613150762
0.504303264595045
0.4570325376553268
0.24372847129874842
0.20255240219951154
0.6196627345651605
0.9424753348214655
0.5927700130777215
0.1379221280084716
0.5298775171469883
0.9176584562648049
0.8798277892456629
0.6582949747545561
0.5291922982076074
0.6065227957468482
0.037537493931027344
0.5422640903233233
0.9494285508138658
0.7780290271360213
0.45907624246569145
0.21787181996263305
0.34853227872670867
0.18234015731276043
0.5997979135155794
0.7827054061420338
0.7634315227296841
0.7320612801835505
0.11658385655328751
0.9971765260481477
0.38293406716667766
0.4762332397984893
0.2720994636276529
0.32905133901829897
0.5703458635026679
0.9142256029931592
0.4380514325190791
0.062037560884306564
0.9481052132163192
0.5493475442034411
0.4123455322128873
0.47033495088541477
0.2127768838089159
0.8570957593518183
0.6446390166863216
0.03948097858033406
0.6717959187220741
0.889306731187105
0.18905083752976104
0.4162286629587081
0.7181878202654949
0.9398680734513852
0.4860359731022954
0.535957228429193
0.932960057574096
0.9996873996930343
0.9009466650575804
0.4864079027302145
0.47904225635011966
0.6681835694264159
0.3957501450681815
0.7140314001063809
0.49594733444691363
0.8968219299221735
0.6257337105558636
0.015598841862582091
0.1476160608983862
0.5160133284892445
0.7017343135666884
0.5702317529401141
0.5603911265181115
0.02420740269544952
0.8121589902467906
0.2288875188894871
0.39105987910990114
0.7409048267540331
0.7251951141036713
0.7268943922712058
0.9365167537023855
0.6521630092389615
0.6107787656314998
0.033121330428845464
0.10711357629623741
0.07886642247015452
0.45565348753658586
0.6090868687766083
0.3808128171140024
0.1353537900102163
0.577272610045258
0.6699648370145271
0.7367325046425686
0.3408994001111464
0.17104615986780247
0.41182638134824767
0.5266241361358448
0.9364587864327246
0.13523445498153752
0.7030401145634235
0.180342800092942
0.9957090193990639
0.2237777432685637
0.22009252184876127
0.34350484017548566
0.7592774592100779
0.8386133121991475
0.39905395054136406
0.5864930312825181
0.46197157810211575
0.3585622932729712
0.7834991630139905
0.4860412469454365
0.22921487290312448
0.34908007296053634
0.9579733444122178
0.56605903616159
0.4813011910189332
0.6922961446089123
0.3025340455392478
0.8878429921176901
0.059282634810971846
0.3184999792492994
0.28654482168796847
0.7332923474349506
0.8021447728800843
0.3942544670536251
0.4751259660973085
0.7791661803180867
0.3582687712267405
0.5522761451653977
0.25372737087858077
0.4043797994713466
0.10404837763888919
0.401947692761232
0.2317236931335772
0.885425942282866
0.9988396191838884
0.004403310484492051
0.26919513508754145
0.3128570572606513
0.7177823273913637
0.7971302911126789
0.6751269809078823
0.13235891851126957
0.30526914801708704
0.7665322742207549
0.8905729188374014
0.5298435652956978
0.880610837689388
0.03322835018199566
0.5583302046699844
0.859499789290428
0.19111107231289293
0.39564589603679523
0.03713368086758562
0.7684454293137005
0.31454283956920126
0.397451303973298
0.7471557553345518
0.8494357718746167
0.30870062827019396
0.4298739380395784
0.20598260902622145
0.3689566091565496
0.8016381908423159
0.2433860817496558
0.18987691967279596
0.06479772621459678
0.10600159579112856
0.4154022542996807
0.06965538485157408
0.7212123572575923
0.8089034990492903
0.574422759076503
0.7846089793739379
0.62962936169764
0.5957731696058508
0.6334782314286549
0.16933673944505312
0.8846168952298094
0.1992813905095271
0.2198155911323454
0.8295964895019353
0.23784519053130804
0.3727830779750463
0.7088719964104715
0.9919950253855294
0.464165927672455
0.004598157384675727
0.09240423039637113
0.23706175518100192
0.08076091853256062
0.8720477251910063
0.19271501083526243
0.8499710179355177
0.8321607758057508
0.9576394652286739
0.9840042839496719
0.5741475122231129
0.3273528165271993
0.5406067485485744
0.5751164243790219
0.6318586672920724
0.12731992500384848
0.6298850274535407
0.827469998329118
0.8807758100712149
0.05437115114566071
0.807448688516458
0.7044618512572266
0.3061609056769453
0.05653014726042371
0.7773204950904854
0.9774153138288073
0.5834338784167303
0.5672150498895402
0.14555593841135683
0.8963407397760501
0.4623397360342135
0.134893761421224
0.1106211491392699
0.020615406858360275
0.010985561717411718
0.07729040912371132
0.27280440755065605
0.4343350334435554
0.7104144709694371
0.4550315710246241
0.7105239747195786
0.9319273615239103
0.020504089291978667
0.8401019450387448
0.5665806713593677
0.2618907108724603
0.5790881978692481
0.9677890044175569
0.4980729852875523
0.38489953447627967
0.9536850463469811
0.35053160568555564
0.1688060805492415
0.21908659190140767
0.8879194050720416
0.6009369262280524
0.5194797321018603
0.501279293722655
0.9104146820866905
0.282755402238974
0.0293075954677241
0.5083429232395564
0.3585235521165969
0.08146316468633752
0.6505038005958104
0.11523087213413674
0.30569260619694094
0.8678676890715176
0.8398396611636176
0.04477515118710251
0.48862031065157385
0.040197332810153585
0.8072838683725709
0.22938611236058104
0.7471221360827298
0.632756780132419
0.2704838741309762
0.6667335734077318
0.20414183464555125
0.45893122422982846
0.6524227140597124
0.6473223759827209
0.4275404655232814
0.9672333874059588
0.6333984252675922
0.7925432197699409
0.939230370482067
0.8062749394870669
0.5777660559825326
0.3876675568031692
0.6426233279436959
0.7077399613646073
0.6543091925276877
0.9953990129279341
0.5821792999694552
0.3868436304448353
0.8429516214337862
0.1787287372105434
0.7061592322031531
0.9136491346451128
0.6667933793648441
0.7139692635418985
0.45206240511803975
0.850735073847474
0.8401540568617198
0.9168329348708186
0.6857977523914421
0.6583124928636092
0.6375442846324865
0.9331954199211564
0.6149533129942826
0.9794174548437995
0.9633091231931037
0.18042328678405717
0.7622927918348693
0.18621290888034847
0.2880099546950432
0.2537829201283488
0.850022016234242
0.24609183895392128
0.35793546085156536
0.7476554407180708
0.027768446823203674
0.17460877443774891
0.28049342520303155
0.16074677300939233
0.6625519186741391
0.6405577155733918
0.38394391088323776
0.4639547020275745
0.5263784833661188
0.2333298810139619
0.506267499448225
0.062237697284349025
0.682687014677914
0.2136131544907095
0.6844310796734399
0.554808773225252
0.5683653297886024
0.9805632765028575
0.45871975504371676
0.4447785055822653
0.8259267210615989
0.14424277190259616
0.8126684975750746
0.35201447547060927
0.9171193459586805
0.032436461821855445
0.23894116957776823
0.5631493390562109
0.6525800082317987
0.2132218125340869
0.8775519974285239
0.28900448651091937
0.6389972914251194
0.9984722787604904
0.262034931191935
0.17706106580422087
0.7783260201498251
0.006764192261765167
0.8728217356592297
0.17563241023284926
0.3355958089454999
0.5791773149594491
0.7406902296171506
0.2921087087202523
0.23324490375178064
0.8581216004762102
0.3764537393009393
0.7478691643695132
0.3501805820850652
0.030191725587383145
0.9334537805437161
0.3780548350781109
0.7241153732524135
0.547135979591503
0.7201992899184894
0.5166551527687012
0.48811776432427556
0.414899595102484
0.7301703661057513
0.35997965401354204
0.8956731636917932
0.29350148713749447
0.12961033665436927
0.01692832669826727
0.10280562726619924
0.9443794188208019
0.38960867036430213
0.11376087381336131
0.3080623604176119
0.1776569698078866
0.837255499761203
0.6051069899852789
0.7649680659582465
0.2878927560651491
0.26445780411664
0.77796236738741
0.7823439381348627
0.6543080351698425
0.6861499778450008
0.6144648230742205
0.6485258629256608
0.7120005533643117
0.866025317169002
0.17981444458372753
0.38473137570270544
0.40007714631769775
0.19549978034847848
0.026188506816479773
0.7356645465303429
0.4148743025567674
0.14448074642002806
0.6351750652998527
0.8612228572299382
0.9244864907479359
0.7720292527287831
0.6000616167792778
0.2015184073736227
0.7369291794680586
0.9252131761731979
0.1553563150384476
0.5882894122987437
0.6634324898139912
0.6657041951029655
0.1538133780330958
0.32965775646010786
0.5167378517075043
0.335062634061433
0.3352584736433666
0.6945613820442437
0.9645977973414949
0.49910672405065293
0.885448985022649
0.5208872642395708
0.6779411382310236
0.7684680470239486
0.6225923233321643
0.48439091352168484
0.8418238875099541
0.12323328975743242
0.671636178763325
0.7647563907700139
0.10457945034635174
0.3291996367655696
0.1529591732799096
0.023619586640883594
0.6467139094585882
0.8614887757558765
0.8205668503053658
0.28219028000767643
0.8404255412163736
0.17086454981544885
0.933722510700862
0.9756628982396892
0.8515954469826852
0.5221103869532621
0.2215911635815001
0.5655747079692804
0.23182803771045823
0.1709588623924957
0.3941510157244825
0.9418567171074007
0.36598765459086946
0.0320758992438398
0.0023508159744906054
0.025959353227107185
0.16624176854931239
0.07105931557324574
0.7385733702592208
0.8765968441727996
0.6160018792244975
0.6030454761303125
0.10783669562988063
0.1390555470653948
0.4280827931816765
0.7825475023015646
0.8161961757315789
0.24240964315864677
0.5613297162497369
0.13283543552496413
0.9444097947167139
0.5097601407228836
0.6296710399410599
0.11468081510003802
0.1395118285671454
0.6349879775395508
0.69253909078141
0.8493001298930702
0.6532749685638842
0.28317389335091003
0.4201555679683808
0.4884797997325897
0.43340340166317326
0.3340102225610422
0.580547721606266
0.3606504400136874
0.2757762158833973
0.7819148715246327
0.8242308162006667
0.4316970021538332
0.5419252985543529
0.9093869950216609
0.6246501239618104
0.7743449920466662
0.17086470651660213
0.9316511979222132
0.5693537187093838
0.8127363080286016
0.7204796761573721
0.6357892554808731
0.3351471547236793
0.9925888483192796
0.9542985698183111
0.21293996029806428
0.07883953565302859
0.8685831889559806
0.9557478787192348
0.45745444214270814
0.4104559788063733
0.8274073779134905
0.8454755544658994
0.06429366307790951
0.28197930369322755
0.7070055708818771
0.7091911616693758
0.3956737123722224
0.20987070574092181
0.44897580033484763
0.4525936477424717
0.18061726641569076
0.6855995630056708
0.43240204231178136
0.5790790870673065
0.33442510195123154
0.5366589835087012
0.3725797837448639
0.22697597219531307
0.5941127892352079
0.14373860785462012
0.4268628788797676
0.8407771352383978
0.45997767117161115
0.8590031070235076
0.10697162775028679
0.5693550781401142
0.682031724218744
0.05027838104613669
0.50972470110406
0.8509506656459226
0.3561092657408945
0.013920545120403305
0.4991553287753965
0.11172949579608615
0.22486998932791247
0.7923698640096768
0.5435891455778424
0.5476924158107354
0.7233915261731257
0.430277199989033
0.9643445310989174
0.8396965730104776
0.5258997520613301
0.4625077948114886
0.8172401445300795
0.42595954144465376
0.01989060929451958
0.9344535522305113
0.054552504484962294
0.8940901769878978
0.17649684498262064
0.5597758468118058
0.9146095954674702
0.8896547563073688
0.5012840206597553
0.888747571779102
0.02528476994956408
0.11936241203212339
0.8385766160113536
0.7366194101146841
0.23893892419688134
0.8036405147649552
0.2605440150154744
0.8951220310984359
0.28109544229844574
0.35570893865799713
0.47445502756984825
0.47290986013118186
0.2190609480512392
0.012692549178540014
0.11769421483438769
0.556835673314658
0.5648804869512252
0.03930615194545506
0.34787172590636173
0.39411383251040943
0.15487040150922404
0.09617225264276541
0.26832949331645095
0.03629452338409678
0.6364996497636907
0.11557510822712613
0.9188666267621918
0.5626237901162643
0.024672131200425995
0.9226139774771037
0.9294144406403639
0.02416024564223984
0.4278755512070662
0.7053186844492364
0.35689287725630603
0.512217100455605
0.4189916140901331
0.9036473665701671
0.8784781125419383
0.67982010640796
0.056954154392974465
0.8192631444642943
0.9291095685800561
0.8064630863939899
0.8520362529791414
0.8499251120705587
0.24009344070564986
0.09928118880619641
0.8175639476247278
0.10613292762598303
0.8698137024053652
0.43641930819468366
0.7840642956735813
0.6976917157413447
0.7595108962987339
0.8275334416379863
0.6000229128742248
0.6292342535456266
0.9092048163624205
0.7170642810759915
0.6244046610671429
0.595305398479148
0.7667088864472029
0.0791952841444149
0.6494711997018442
0.8239979249329602
0.25042133824849877
0.5592189655953772
0.6925104948939208
0.7465740639888186
0.3211266466196868
0.9500807090532716
0.6907290538463386
0.1314701378241926
0.9179558019754316
0.9155559025918839
0.35593106889948634
0.8404103426448926
0.8860742845449824
0.6518848113540465
0.346545856630738
0.9539576314268581
0.035511913597477296
0.6747696574437774
0.24988118414152094
0.625324342368594
0.39003970804417143
0.45868995247135247
0.6306830559876376
0.1018812033815536
0.8187624248622015
0.8805702636280496
0.4363920856038538
0.3567472889872554
0.04118574492568161
0.04945495654237553
0.7606426058677265
0.5923716814581108
0.872093432694038
0.1322311305263275
0.8853600024661815
0.26848562102206364
0.38122886552755275
0.7555518412204145
0.325867325585837
0.11574796508332597
0.48609465582382505
0.7466953615490084
0.12719912894750174
0.7397994319160318
0.8101538540855071
0.1333906369056892
0.7292257304743642
0.8110781629162029
0.47806267319664897
0.6631113727724466
0.389878260260885
0.11523498354575767
0.45117881776337476
0.18770495250943553
0.41859776742278354
0.05379715501893567
0.5281159676977343
0.6657787678027823
0.8437199377354231
0.5184443978715347
0.22677404701773485
0.16436384587412156
0.6801116693140846
0.5165461163990597
0.027951692476048007
0.1713496694346215
0.8750035492573122
0.6534865028873036
0.2293591066219417
0.6123602254289813
0.821425289521521
0.4092993655696012
0.4248337505457016
0.4158713944703776
0.6241452980397169
0.7135171166297949
0.47908265492420776
0.5607352333914628
0.06633735366894211
0.8562829990638804
0.7666853359781061
0.8920532194944457
0.7413471506410505
0.012781014733452833
0.9442200493648182
0.3895285456153481
0.6257819124347396
0.9818432124122515
0.8962623664016389
0.7179567021462768
0.9377867849824024
0.9616533626065589
0.052255947808360736
0.044551312691011424
0.7743697686796825
0.33376477648390324
0.23960560872691739
0.7169804795535054
0.4831660363466126
0.4092901525983933
0.05410807919006522
0.6917313944063389
0.4679215118512071
0.34720226009253463
0.8890503901744953
0.37234696768451203
0.22313118845266955
0.7841389189560398
0.23593236106367177
0.20667768410337084
0.5246813331499925
0.19781810876424033
0.019218210614470488
0.4411697523951731
0.47674778229989356
0.9522036405143158
0.6252354842716247
0.9025158359100023
0.046154330613194516
0.6106179991094013
0.5170170149422902
0.20800457971729425
0.4606841247087272
0.9925052753717055
0.5008756373195915
0.7644873963040277
0.7682899446667938
0.6557381948418585
0.10675948494432874
0.8690894522952504
0.5432844033830093
0.3175301939528037
0.380548235405035
0.32830224660603846
0.7589887738922018
0.6648337539876094
0.21688536954940385
0.31929297180197924
0.4916082120638299
0.776313968890487
0.930495157463233
0.43769667112959476
0.8715199523062188
0.9552435454146375
0.31208789873982057
0.6858515130265868
0.3535156020165692
0.028454766857312186
0.7613131134825254
0.9584513994322847
0.034960913571941865
0.6255128799867238
0.42916147361232426
0.038897288137026975
0.37882837125132984
0.04376059848477021
0.16019054515279596
0.8935475923011963
0.14486507273390825
0.33459752992054403
0.8305935699656524
0.10698143979956964
0.5971494785841255
0.8021824294204225
0.40886950118489995
0.34975607037155976
0.20286269231997833
0.06125352403487461
0.4200979744576745
0.4568021555542481
0.893564604684336
0.95975744731369
0.710796265629458
0.6833427780277755
0.20283496530785816
0.723245518427747
0.9231426015571531
0.3503159644324785
0.7460545535480735
0.3771762211451012
0.05980851111163632
0.23608829936444353
0.5270865868817276
0.04765952187183409
0.841069205927115
0.45601524629188106
