0.4794303797468344
0.5050595276655799
0.5306886755843254
0.5563178235030709
0.5760232240681805
0.5699784575654444
0.5639336910627082
0.5578889245599721
0.5535598910584716
0.5521020842121
0.5506442773657285
0.5491864705193571
0.5387103421368382
0.5211790642532519
0.5036477863696655
0.486116508486079
0.48626961626198506
0.49237767022935286
0.4984857241967207
0.5045937781640886
0.4992402969777804
0.4930915255971355
0.4869427542164906
0.4869765138261887
0.5314472149289783
0.5759179160317679
0.6203886171345575
0.6438788745291728
0.6204869058598431
0.5970949371905133
0.5737029685211835
0.5602349611236208
0.5568435913250835
0.5534522215265462
0.5500608517280088
0.5534468828589094
0.5599755077168681
0.5665041325748267
0.5730327574327853
0.567793871585486
0.5608001815102095
0.5538064914349331
0.5462777768812248
0.5299389925826701
0.5136002082841155
0.4972614239855607
0.4843067543078521
0.48182168923838586
0.4793366241689197
0.4768515590994535
0.479637068592347
0.48937227374711306
0.49910747890187923
0.5088426840566453
0.5109725539047967
0.5084077723291116
0.5058429907534265
0.5032782091777415
0.5027007783014792
0.5026037023336083
0.5025066263657373
0.5024095503978664
0.49913955295204465
0.495845148417931
0.4925507438838173
0.49028803370796736
0.49274477644757925
0.49520151918719124
0.4976582619268031
0.5021886972662304
0.5103048927261715
0.5184210881861129
0.5265372836460541
0.5221877471282733
0.5077796544629511
0.493371561797629
0.4789634691323066
0.48489981398327237
0.497967198788401
0.5110345835935297
0.5241019683986585
0.5098551908144929
0.49347273798178154
0.4770902851490702
0.46369739437290114
0.4734237835006627
0.4831501726284242
0.49287656175618566
0.49491648640725067
0.4791510566376127
0.46338562686797463
0.44762019709833667
0.4486842128386916
0.4673665543473209
0.48604889585595046
0.5047312373645797
0.508589046253839
0.5053277293089373
0.5020664123640357
0.498805095419134
0.5004250176926537
0.5028224824965415
0.5052199473004293
0.5076416599951997
0.5105278130614908
0.5134139661277818
0.5163001191940728
0.5178384539317713
0.5150289876094934
0.5122195212872157
0.5094100549649379
0.5063092027088288
0.5028119605787692
0.49931471844870945
0.4958174763186498
0.49403823629725874
0.493354222620144
0.49267020894302926
0.4919861952659145
0.4976975393791877
0.505030672788588
0.5123638061979884
0.5196969396073888
0.5093382039570082
0.49870517576306456
0.48807214756912115
0.4808360675442846
0.489980826468253
0.4991255853922213
0.5082703443161897
0.5166106315640981
0.5235131396462828
0.5304156477284673
0.537318155810652
0.5385293415016621
0.5350043917762404
0.5314794420508185
0.5279544923253968
0.5234810888916825
0.5186618950434867
0.5138427011952907
0.5090235073470949
0.527989356683315
0.5490277616497126
0.5700661666161101
0.5877766530893792
0.5776752492986432
0.5675738455079072
0.5574724417171713
0.5528246909316514
0.5612798726911332
0.5697350544506152
0.578190236210097
0.5855360964437328
0.5916845937605825
0.5978330910774321
0.6039815883942817
0.5956619573043086
0.5801495995206573
0.5646372417370058
0.549124883953354
0.5457936717581781
0.5445289039039042
0.5432641360496303
0.5430435118112095
0.5666483464436233
0.5902531810760372
0.6138580157084511
0.6286238740016268
0.6136318452860292
0.5986398165704312
0.5836477878548336
0.5792825754491063
0.5898339033682435
0.6003852312873806
0.6109365592065178
0.6206037917939028
0.6296890882135523
0.6387743846332017
0.6478596810528513
0.647148112827304
0.6438335129327428
0.6405189130381818
0.6372043131436206
0.6374958728026345
0.6378719518261856
0.6382480308497366
0.638053486719853
0.63495274559922
0.6318520044785871
0.6287512633579543
0.6248903114698402
0.6196246222939891
0.6143589331181379
0.6090932439422868
0.6125056519729319
0.6233652214361028
0.6342247908992741
0.6450843603624451
0.6396882237839974
0.6281320301792516
0.6165758365745059
0.6050196429697601
0.6166289746809226
0.6304676247279262
0.6443062747749297
0.6553809840038981
0.6413676150383872
0.6273542460728763
0.6133408771073654
0.6074513632577939
0.6218173281639668
0.6361832930701398
0.6505492579763128
0.654190932046584
0.6458975082510918
0.6376040844556
0.6293106606601081
0.6254904846922187
0.6239715749477781
0.6224526652033374
0.6209337554588968
0.6338613483112071
0.649391914604374
0.6649224808975408
0.6785512466060971
0.6387182847694565
0.5988853229328158
0.5590523610961753
0.530161919034581
0.5397589603197065
0.5493560016048321
0.5589530428899577
0.569679904170644
0.582043420585087
0.5944069369995296
0.6067704534139722
0.6083977759608761
0.6027299924182978
0.5970622088757196
0.5913944253331413
0.5782172851665963
0.562952177548509
0.5476870699304213
0.532421962312334
0.5706111453385734
0.6104839280701457
0.6503567108017202
0.6768296716323509
0.6310743241676501
0.5853189767029466
0.5395636292382457
0.5130566416661292
0.5233354085554037
0.5336141754446788
0.5438929423339535
0.5395985406919086
0.5224084575437297
0.5052183743955517
0.4880282912473729
0.49014308495187986
0.4998566067792533
0.5095701286066262
0.5192836504339997
0.5332466733166368
0.5476579558042604
0.5620692382918839
0.5746343099384008
0.5688911240772768
0.563147938216153
0.5574047523550291
0.5571635653667883
0.5711672795699878
0.5851709937731866
0.5991747079763861
0.5934230094381945
0.565001165131194
0.5365793208241919
0.5081574765171915
0.5141090998464248
0.5383530363621941
0.5625969728779647
0.586840909393734
0.6043197705125718
0.6205071172374492
0.6366944639623258
0.6525150766922786
0.6549760938928336
0.6574371110933888
0.6598981282939437
0.6605188511911084
0.6543699200436579
0.648220988896207
0.6420720577487561
0.6362938864627122
0.6310700894456287
0.6258462924285453
0.6206224954114617
0.6016504587215288
0.5730367994038803
0.5444231400862334
0.515809480768585
0.5514304917502683
0.6057206926219044
0.6600108934935437
0.71430109436518
0.6562747984778879
0.5937914987509545
0.5313081990240176
0.4819686748760822
0.5077845854491149
0.5336004960221477
0.559416406595179
0.5738162321780613
0.5656433442576904
0.557470456337319
0.5492975684169481
0.5459534089884085
0.5470150237312489
0.5480766384740894
0.5491382532169298
0.5580570733059669
0.5701863643966766
0.5823156554873856
0.5944449465780952
0.5701546884379033
0.5416800565562863
0.5132054246746707
0.49036796281246375
0.5290269011620271
0.5676858395115926
0.6063447778611579
0.6342177200097476
0.6330748132233187
0.6319319064368899
0.6307889996504609
0.6267693379016964
0.6193455161141671
0.6119216943266382
0.6044978725391089
0.58917734533663
0.5695112938525522
0.5498452423684732
0.5301791908843952
0.5225792139311135
0.5174145914702872
0.5122499690094607
0.5074616471468919
0.5220151760348232
0.5365687049227544
0.5511222338106848
0.5635248742314559
0.5676426109268682
0.5717603476222807
0.5758780843176928
0.5737335255394619
0.5619219281174502
0.550110330695438
0.5382987332734257
0.5402230946604533
0.552087952554024
0.5639528104475942
0.5758176683411649
0.5668250320058758
0.5515025093623238
0.5361799867187728
0.5208574640752208
0.5342952560865609
0.5491135432013361
0.5639318303161122
0.5745173703131642
0.5593632318916182
0.544209093470073
0.5290549550485271
0.525362112757488
0.5451249462684219
0.5648877797793558
0.5846506132902887
0.5936525454119016
0.5925312591894855
0.5914099729670692
0.5902886867446531
0.5812205410846123
0.568783618054274
0.5563466950239351
0.5439097719935962
0.5311970219893476
0.5184499415892039
0.5057028611890608
0.4957781285056017
0.5200038031940385
0.5442294778824764
0.5684551525709132
0.5851133832427251
0.5806047052883171
0.5760960273339092
0.5715873493795012
0.5674587421121408
0.563793949920499
0.5601291577288576
0.5564643655372159
0.5513882939185744
0.5455093986737944
0.5396305034290145
0.5337516081842351
0.5387421835881556
0.5460475536672625
0.55335292374637
0.5605686696747952
0.5600468639276589
0.5595250581805224
0.559003252433386
0.5565569113413911
0.5463384082797744
0.5361199052181571
0.5259014021565405
0.5248739279723929
0.5384974998206487
0.5521210716689053
0.5657446435171612
0.5780071213466661
0.5892533156421693
0.600499509937672
0.6117457042331753
0.6086896518295786
0.6011057524810397
0.5935218531325012
0.5859379537839623
0.5741728723836905
0.5621717565127555
0.5501706406418205
0.5411069140681783
0.5510942552226957
0.5610815963772126
0.5710689375317299
0.5774269954489577
0.5760944293633568
0.574761863277756
0.5734292971921551
0.5666642092671524
0.5546299836182189
0.5425957579692846
0.5305615323203511
0.5257221805743648
0.524045410763741
0.5223686409531172
0.5206918711424934
0.5391868614109798
0.560388884417356
0.5815909074237333
0.6013944601890556
0.6022409719089585
0.6030874836288613
0.6039339953487641
0.6049165846501284
0.6062952206438057
0.6076738566374831
0.6090524926311603
0.5949414349342895
0.5613347282820688
0.5277280216298499
0.49412131497762923
0.4893755998274179
0.5015966493783905
0.5138176989293625
0.5260387484803352
0.5286654665103179
0.5291401849468071
0.5296149033832963
0.53012701807235
0.5403995546808815
0.5506720912894125
0.5609446278979442
0.5689597403235379
0.5674033742134735
0.5658470081034094
0.5642906419933451
0.5582747576879875
0.5449164343338133
0.5315581109796383
0.5181997876254643
0.5115108349443592
0.5099591002141336
0.508407365483908
0.5068556307536823
0.5043390006264332
0.5015040039976281
0.4986690073688231
0.4958340107400179
0.4974959059248033
0.4994502818779524
0.5014046578311014
0.5034879144810692
0.5064655250574477
0.5094431356338258
0.512420746210204
0.5127060322186149
0.5070813374680724
0.5014566427175299
0.4958319479669875
0.49494204646176576
0.498786938201866
0.5026318299419662
0.5064767216820669
0.5142110400694903
0.5237172083740275
0.5332233766785647
0.5427295449831029
0.5457403389578688
0.5478151182912264
0.5498898976245841
0.5510961515648898
0.5389488275870131
0.5268015036091366
0.5146541796312586
0.5120023929429365
0.5381293885014219
0.5642563840599074
0.5903833796183957
0.5946082525310203
0.5703987907805937
0.546189329030167
0.5219798672797378
0.5205730738413477
0.5330157537949329
0.5454584337485197
0.5579011137021049
0.5335661982444301
0.5005573216048517
0.46754844496526965
0.4345395683256912
0.44863211956506005
0.46290513604534844
0.4771781525256353
0.4901695570751894
0.4974471084335578
0.504724659791927
0.5120022111502954
0.5179354011356395
0.5215817908472817
0.5252281805589244
0.5288745702705666
0.5265504460272249
0.5194826257648527
0.5124148055024813
0.5053469852401099
0.5156684682821377
0.5319647375877328
0.548261006893326
0.5645572761989193
0.5895952252904906
0.6152780523990581
0.6409608795076256
0.6601958061605845
0.6313834745797692
0.6025711429989569
0.5737588114181447
0.540969757503738
0.4991336602803952
0.4572975630570569
0.4154614658337186
0.41363347238033793
0.4530541440541316
0.4924748157279252
0.5318954874017189
0.5403112030569899
0.5340953664338504
0.5278795298107108
0.5216636931875707
0.5247857360839655
0.52934754013976
0.5339093441955546
0.5386097553433872
0.5457654921215989
0.5529212288998107
0.5600769656780223
0.5689378016869806
0.5831845860597231
0.5974313704324656
0.6116781548052097
0.6081041953277851
0.5806631681938839
0.5532221410599825
0.5257811139260783
0.5156830593397299
0.5164647577179972
0.5172464560962646
0.5180281544745319
0.524577520847765
0.5325550716768946
0.5405326225060252
0.548510173335155
0.5457718548242306
0.5429094142746179
0.5400469737250049
0.536399427066254
0.5290652951993746
0.5217311633324944
0.5143970314656149
0.5068087542901997
0.4987737164145162
0.4907386785388318
0.48270364066314825
0.4821114685932239
0.48761831155857677
0.493125154523929
0.4986319974892813
0.5005650333544751
0.5012203868885239
0.5018757404225724
0.5025310939566211
0.5027082335341926
0.5028458512971791
0.5029834690601654
0.50433349239192
0.5154245673624073
0.5265156423328933
0.5376067173033793
0.5398277389775357
0.5211245323629028
0.5024213257482718
0.4837181191336408
0.47313068867162195
0.4711702643560845
0.469209840040547
0.46724941572500955
0.470131963493953
0.47538096353144993
0.4806299635689469
0.48587896360644384
0.4821036011319154
0.4768442323776309
0.47158486362334634
0.46609440175301214
0.4557894999649867
0.44548459817696123
0.4351796963889358
0.4289823603544766
0.4363197901637424
0.4436572199730082
0.45099464978227477
0.45566963349525846
0.4566656007842882
0.4576615680733179
0.45865753536234777
0.4609319950195479
0.46403466042468233
0.4671373258298168
0.47023999123495164
0.4718980156438953
0.4731809890249816
0.4744639624060681
0.4757469357871544
0.4787567381353717
0.4818001363778912
0.4848435346204111
0.4858019373462822
0.4764301350123912
0.46705833267850017
0.4576865303446081
0.4581543894171983
0.47650292351877543
0.49485145762035454
0.5131999917219316
0.5244601248161976
0.5297300598761145
0.534999994936032
0.5402699299959489
0.5249578815265736
0.5019949386562519
0.47903199578593264
0.4560690529156134
0.45471168658274125
0.45533483143247055
0.4559579762821998
0.45809068141953635
0.4733621520230969
0.4886336226266591
0.5039050932302197
0.5119153985194076
0.5021549571181482
0.49239451571688975
0.4826340743156313
0.48147082382274137
0.4897300945654278
0.4979893653081134
0.506248636050799
0.4962411634957165
0.47699533800842814
0.4577495125211398
0.4385036870338515
0.4459387640719339
0.45804000791938876
0.47014125176684357
0.482795031816084
0.5093727241503698
0.5359504164846528
0.5625281088189358
0.5804867889324307
0.5687902236082826
0.5570936582841346
0.5453970929599865
0.5303305379863714
0.5104586274014815
0.4905867168165916
0.4707148062316996
0.4585479686142886
0.45153420527449156
0.4445204419346945
0.43750667859489667
0.44182271076823665
0.44921868735291554
0.4566146639375944
0.4640106405222741
0.47135324571623655
0.4786943858131989
0.4860355259101621
0.4940970542026999
0.5059320444720631
0.5177670347414264
0.5296020250107909
0.5294594738248661
0.5068096744097681
0.4841598749946676
0.4615100755795696
0.45728663853907264
0.4691204601393037
0.480954281739536
0.49278810333976714
0.4912976740730536
0.4846608410323331
0.47802400799161193
0.4713871749508915
0.4701923233051651
0.4695462428925477
0.4689001624799305
0.4692592081834601
0.47914684946807223
0.48903449075268535
0.4989221320372974
0.5027591802401808
0.49122445142461035
0.4796897226090411
0.46815499379347186
0.47096081017818037
0.48997260853719504
0.5089844068962076
0.5279962052552202
0.521543234832935
0.5017656760948461
0.48198811735675945
0.4622105586186728
0.4682504628129865
0.4790800320762098
0.4899096013394331
0.5002253757196777
0.4942281625652828
0.4882309494108885
0.48223373625649424
0.4801132438093272
0.49193534337938527
0.5037574429494434
0.5155795425195014
0.5133202563977544
0.4903374215220247
0.4673545866462951
0.4443717517705654
0.44127974069187514
0.4519188144279211
0.46255788816396703
0.47319696190001415
0.47053735874158525
0.4640967592111971
0.4576561596808089
0.4512155601504201
0.46415147054001693
0.4777766638911952
0.4914018572423735
0.501096373941203
0.48897563521947907
0.47685489649775514
0.4647341577760299
0.4618007570037076
0.4767258895487661
0.4916510220938246
0.5065761546388847
0.501758920505281
0.47920216848649827
0.45664541646771306
0.4340886644489303
0.43901850355474586
0.4549723765340672
0.47092624951339024
0.4868801224927116
0.4937969969830621
0.4997182699449659
0.5056395429068703
0.5096173765641839
0.4934003409259537
0.47718330528772174
0.4609662696494915
0.4505941226611261
0.45564598738768863
0.4606978521142518
0.46574971684081434
0.47208640504261645
0.479920284236228
0.48775416342983874
0.49558804262344947
0.4933538009294601
0.48567092910806026
0.4779880572866613
0.47030518546526234
0.48461390027179124
0.5032405978408867
0.5218672954099802
0.5395618395055545
0.5174845020640995
0.4954071646226468
0.4733298271811941
0.4595121665392071
0.4767809258515975
0.49404968516398595
0.5113184444763744
0.5212494774225226
0.5200328106968768
0.5188161439712311
0.5175994772455853
0.5110970345345339
0.5008289082783239
0.49056078202211406
0.4802926557659042
0.483000793475401
0.489563267016298
0.496125740557195
0.5026882140980927
0.5105920088697172
0.5185545866434851
0.526517164417253
0.5329792685112902
0.5305964751247991
0.5282136817383081
0.5258308883518168
0.5229775723116917
0.5191778026579348
0.5153780330041778
0.5115782633504206
0.5049954453746024
0.49583421498275637
0.4866729845909104
0.4775117541990634
0.4699857421176321
0.4631403344140493
0.4562949267104658
0.44944951900688296
0.4633357550316196
0.4797027005623109
0.49606964609300397
0.5112463648801834
0.5127638148489497
0.5142812648177163
0.5157987147864826
0.5119658174263352
0.4934576816783028
0.4749495459302684
0.45644141018223605
0.44712699460282096
0.4488604948562863
0.45059399510975184
0.45232749536321715
0.455916765003819
0.46054438180151
0.4651719985992006
0.4697996153968912
0.4853143738842945
0.5030868345654207
0.520859295246545
0.5379983863536713
0.5142851399376188
0.49057189352156894
0.4668586471055191
0.4498697283976884
0.4593974981996483
0.46892526800160717
0.4784530378035661
0.4853035684929782
0.487954508417609
0.49060544834223957
0.4932563882668701
0.48237759467202584
0.46155310292710255
0.4407286111821792
0.4199041194372559
0.4264267061101687
0.4414268870926152
0.4564270680750616
0.47142724905750805
0.4880373691067704
0.5047315421996802
0.52142571529259
0.5333386977755777
0.5152364280962534
0.49713415841692893
0.47903188873760455
0.4685056609593189
0.4737554263161473
0.4790051916729757
0.48425495702980464
0.48858253109096633
0.49202920600402816
0.49547588091709005
0.4989225558301523
0.5005547840913498
0.501403726639447
0.5022526691875442
0.5031016117356416
0.49064413823272174
0.4764660074818243
0.46228787673092536
0.4497320933752087
0.45792527933682753
0.4661184652984463
0.474311651260066
0.4764390747747787
0.4612612348380163
0.44608339490125215
0.43090555496448973
0.42812182945178734
0.44069833121677193
0.45327483298175786
0.46585133474674245
0.4681755895461433
0.46457083405219196
0.46096607855824023
0.4573613230642889
0.4664720551227432
0.4783624519019592
0.4902528486811739
0.5019434703656933
0.48766332973943427
0.4733831891131737
0.45910304848691463
0.4461532834873246
0.4387076215706235
0.43126195965392317
0.42381629773722285
0.42322804686259785
0.43374880187614173
0.4442695568896845
0.4547903119032272
0.46199003004330036
0.46667110948067414
0.4713521889180475
0.47603326835542076
0.4728012823268923
0.46701153776392984
0.4612217932009674
0.45543204863800496
0.4536157676282754
0.4520407900731964
0.45046581251811746
0.45123712155305146
0.46774235242690326
0.48424758330075507
0.5007528141746069
0.5062111949321287
0.487845645920687
0.46948009690924536
0.45111454789780364
0.4444585478988399
0.4493346795030806
0.45421081110732126
0.45908694271156253
0.4725043758151575
0.4897441593134922
0.5069839428118269
0.5242237263101635
0.5163776340001502
0.505041332882013
0.4937050317638782
0.4825422678945734
0.4738804820231152
0.46521869615165706
0.4565569102801989
0.4537062163644111
0.46811270462002874
0.48251919287564315
0.4969256811312576
0.5030154391398913
0.49847424631107606
0.49393305348226085
0.48939186065344564
0.4825523465662752
0.4743394453856991
0.466126544205123
0.45791364302454685
0.45637764242207185
0.45637764242207185
0.45637764242207185
0.45637764242207185