0.24370081444859837
0.8608730803184944
0.16061951760501625
0.4159656956649359
0.41261176294878876
0.01906803220267217
0.6540281350331862
0.5049594863207519
0.8159241523995089
0.5793655212740942
0.27814636758358424
0.3212960431880789
0.9457428628629122
0.47607949266702587
0.150280361013996
0.7774996615341258
0.4254531075244019
0.4992790950071716
0.9910992058577547
0.36899999642309333
0.42221857544336905
0.7362364914526891
0.8894382283246044
0.17833236562828714
0.03097798842808297
0.3026861173441475
0.23760410914160224
0.8481493056020993
0.46304952167297686
0.9932421944444011
0.19875264861515207
0.019119079090990754
0.700194253514405
0.8951965128499656
0.5659739922852597
0.12239119773554463
0.19380740451933554
0.22202634449747494
0.8564019816634361
0.28142980684051744
0.31553538954514126
0.7170918692360354
0.74267020677355
0.21890188807646904
0.923082580003689
0.39542789916754006
0.7765677665549521
0.7774250042490178
0.48261960670862714
0.14571051886134967
0.18085048077728927
0.00413845338809915
0.21745912881943186
0.24892647438704596
0.0683820199835442
0.3101962985957468
0.9267635483317985
0.5172207326564101
0.10441281065042007
0.9826551626066461
0.9319500255209127
0.07029855297369647
0.08690404478181812
0.34071273217401066
0.5437076856959809
0.3873124779386059
0.8261286658358831
0.4249330708929202
0.2637915826275964
0.03883320162806825
0.1654805436639346
0.8127100134886472
0.9056056010998577
0.6586028126405902
0.07717784632865365
0.5164675058737122
0.03555190934541219
0.0658840376971177
0.9068663253346426
0.7537270933494195
0.23147455843435194
0.9155750710358342
0.8972821125104631
0.097319742780542
0.07910448202116072
0.6504613619260526
0.5748673434788336
0.9278229652831752
0.8629134962973303
0.3608300627848594
0.44808497596536545
0.16958682739796105
0.09384231900210882
0.24299619195270172
0.007201039851502777
0.575724478902564
0.6868241120353349
0.8591428036160398
0.2012644577961693
0.07278952175810194
0.6531096326215506
0.3765065219082898
0.7074566736253827
0.5105761929535975
0.7238835065588576
0.0323076910956559
0.4542979841130691
0.22945079745954133
0.7435073520880292
0.6380699942395279
0.4534303841797711
0.056126407820628055
0.2997548443040041
0.2785549737510028
0.013706837429731888
0.8832916790829194
0.7047807413651629
0.7964681620357452
0.38765242345434914
0.08449660058082364
0.08629395535101336
0.33234871687772405
0.07945489146717721
0.27555911092418495
0.13330743297846193
0.8155967633747866
0.529988193940197
0.6630570501726933
0.08334103362543577
0.47235079581465145
0.6305599001750912
0.0847600120429236
0.5198529349912179
0.3165531994191887
0.8874043675077382
0.14560146169776533
0.6828971505875876
0.6991775837901476
0.3582194051909732
0.7477189853718548
0.4457837486452313
0.42739644462088977
0.6773737716507326
0.6072229844782567
0.4218822061279146
0.035941242316157695
0.9318490539183995
0.4524833528490442
0.2407137398586826
0.4292041178186238
0.5636782620006625
0.7144191479649663
0.34656492215166523
0.251715724307329
0.5440384750893746
0.4267785612023063
0.691447861642061
0.27170691082945997
0.2409934897065188
0.7541362747912423
0.992467996451353
0.5095763466572985
0.6826779931846182
0.659027643582553
0.37152036834774116
0.46072246588537624
0.4907099983467368
0.3084892171570899
0.6759265602185
0.11327787407954937
0.9766113754100183
0.8821513435943552
0.5834682642733576
0.9663807293734908
0.38303705563166746
0.6012710462804576
0.1673305122387645
0.5265481429353883
0.6473942167144633
0.36158530013199963
0.586259747966533
0.4779127465602523
0.09122320225268854
0.8274822022900925
0.35848482924629543
0.449980119131948
0.9178196297335801
0.9366486053051835
0.5304583221693844
0.7520536760970398
0.027086118680214266
0.1968091721276053
0.7810371050394841
0.16306432207184673
0.8737951981996231
0.094715548812911
0.061360809928754256
0.4402976538492154
0.10273525486738588
0.9008910645721804
0.2590045797912989
0.4105644762776923
0.6826533014179862
0.3042356066935694
0.3394242503221354
0.9421926176600683
0.48881789408234555
0.5547866361192392
0.6660728216640667
0.4421671428640188
0.5538717372054344
0.2542278082775721
0.16060717977704253
0.6442844160601868
0.44000060404181496
0.6245383347277357
0.6528802700442773
0.36546681114983737
0.4961310471666669
0.5077655550074218
0.9066905420439008
0.9542065139845417
0.30726371381643514
0.5058128291371505
0.21600248074591855
0.38843416576022227
0.8971688456718583
0.6098282994460384
0.7075365318854253
0.8164819579196678
0.7211466612918569
0.5337995903673597
0.7306679574716403
0.4845868186725317
0.6140523980638287
0.08100144884937988
0.0026606318338799895
0.5016334436317172
0.31557252161551086
0.8425324502076327
0.7611650994297483
0.41616446702814247
0.2969433031305919
0.2616437880113952
0.16244754235706027
0.44626824521414366
0.7878371846574871
0.5046685884574628
0.48135825001896326
0.2535532191546326
0.6358765055575468
0.3566565400559054
0.5182499025319014
0.5639964470113884
0.284247894850178
0.47764433109221105
0.13013270109529862
0.33116955782774604
0.656237231624031
0.7879688862194498
0.6097685125544773
0.8207159865407748
0.5045987533194841
0.6639231246004911
0.1640211859890518
0.18435591798923556
0.47693587373731117
0.22114645214246786
0.36905372108264256
0.2031782714610677
0.11686164254005937
0.44056789148427444
0.2577930280260482
0.08829047697881687
0.5610386327672677
0.5933106760744306
0.7727317668847823
0.1782770659414561
0.3547763549291666
0.6237001152167198
0.4814127183010264
0.24318402882846069
0.4672307985572566
0.46197164131819224
0.9125537494494323
0.36761797955693043
0.4218232297375032
0.329832929428053
0.7874459207564876
0.9677468650800748
0.5045387441403417
0.5373483660646718
0.7972254627267361
0.14656689051355742
0.2757943346283095
0.004394526035974233
0.5774701075355546
0.7603415582226299
0.8024454784620806
0.9520686261717247
0.24531885302476086
0.4533302639009208
0.5182646710466969
0.1362953551585835
0.45365166028714177
0.1509524943033108
0.47336725479407804
0.48553529889263336
0.04297288867121152
0.0008634339534151492
0.38624676674616487
0.03671680974370328
0.4599874582630564
0.5841987691128236
0.990261078840749
0.9025736514389753
0.06205401368458652
0.8067486347545717
0.07927177964405097
0.45792696920300124
0.15372213235188226
0.4833523219473377
0.0015886417088112337
0.7697433414785475
0.45099865635407277
0.5888556897765026
0.9020698351646141
0.08964163267822922
0.013229919614461072
0.48795995224244193
0.8044233867639284
0.7706272402790161
0.6441822765426206
0.023146649310265666
0.6462186195614055
0.39458614514906687
0.8014968317488497
0.8731853872328385
0.7849366692971373
0.06791899938809243
0.756323336315547
0.22719498870532673
0.9549722828635501
0.019053793791838913
0.2424419842454908
0.3759708954077444
0.0702688755188251
0.6045408848964462
0.240260827713494
0.8763380672033579
0.38259645252074126
0.8569543874435404
0.4808321032633529
0.38558708765208316
0.6117004316150889
0.1236894077171734
0.2511225538478796
0.36712415659149455
0.1485304912727169
0.6756772559285109
0.8435234269408259
0.5121101907808085
0.849173960823252
0.09460352530195038
0.4291061082124009
0.6509402382800128
0.4475922859032868
0.009600985212836921
0.848425714274949
0.8736971029804605
0.31754392135448084
0.8679909583430189
0.017992825285679026
0.4076222458116402
0.6840852049820242
0.27730028600091006
0.5416083931547605
0.2594117610476091
0.7802867090938308
0.11925732423215529
0.013905835281777468
0.046433179099627186
0.6293431879224811
0.1530201082703122
0.17844611900962337
0.19099750601207932
0.4660868639599426
0.6457680638421593
0.28928448666578865
0.5087587881942716
0.10892263209318598
0.7754126469323632
0.16826349886374836
0.9620296245641664
0.06818789767904487
0.09167567370000451
0.19736567725974674
0.4036141817976844
0.20688553034808987
0.29728919525642816
0.1721643499903931
0.7227161221629672
0.24677464764881207
0.40416875725582724
0.7754285778044326
0.5372121341502545
0.2027022938876255
0.9184336758187382
0.294436366849089
0.84845707923299
0.7860759852535677
0.08763253159930673
0.5759506113672448
0.33277120417731176
0.14350583555317165
0.6349747622189923
0.844894098249661
0.5342474022888728
0.9608782507177611
0.03838951500501164
0.4353131775775805
0.8287324383595993
0.7208534901880956
0.8802536850970167
0.5050460176732452
0.16513598471096547
0.4774198603895735
0.18686526871042852
0.1776563050186285
0.9128386462770608
0.32887195899332056
0.8084314842249156
0.529964252152862
0.4387363543366829
0.7347933167744561
0.660497602705133
0.9523815825313188
0.5442345618214999
0.24531584918866634
0.3109238079343498
0.5273644684460209
0.14264416804465563
0.5755097219167166
0.6379955618985573
0.6787306535745254
0.7948521954548736
0.8554970306433668
0.0999952064201709
0.8058274086683359
0.8783725749315257
0.0038399602011701672
0.3066529183194886
0.59055360598583
0.6772525017050761
0.98614457655109
0.06425448804706602
0.9153129508137476
0.25399261412359
0.966328044805389
0.23680126895171838
0.04321523203321509
0.798378615794779
0.09724329474078708
0.6334632429357252
0.3777417628683396
0.06675804857737044
0.468587733822339
0.8886887203102413
0.6646829128045936
0.4728309193477047
0.6836467711400396
0.8597326336181614
0.6589602665480945
0.7012862112116689
0.8054950071456333
0.602933838890125
0.7340894618370898
0.2212694008406263
0.30362242900151004
0.13547989925523551
0.22995361690617788
0.8971618286129456
0.8434524854039309
0.9461440386272036
0.05124415058768117
0.8429481314464088
0.6784134762360432
0.6345764358046839
0.272263422787418
0.30642390354902227
0.8443858180953465
0.1402808318152745
0.3433739828405864
0.857558856333789
0.7771522626264172
0.34157659592713363
0.11903712091212737
0.6039274287806635
0.40964446347161
0.07911952448770754
0.7229312485529511
0.20376909608445304
0.3160699262376071
0.06388118401798648
0.6074316853092007
0.7012707826967968
0.14910916765889182
0.47021641930002644
0.7641545169496184
0.773146926413074
0.7543408704585807
0.11532865039978346
0.7826386837510088
0.9583172722486551
0.7605220046813539
0.36597746007192566
0.8162820170195042
0.048236960272202145
0.5699126157461977
0.6093920932846942
0.7239996583848504
0.22124421208724698
0.03864645150621826
0.09465035247013587
0.1409543941568232
0.36187113331923615
0.8542491598832271
0.098975612665814
0.12161781350597478
0.43001367191063633
0.5401200351134307
0.5259846673958354
0.3929189204763963
0.6642713237399553
0.3036001659853551
0.7519118775007303
0.4723666216865525
0.03270235817103251
0.7445029514535355
0.7189447423206073
0.3482636183149679
0.23834357850662047
0.5926998797212792
0.7804773663695374
0.0599799865870424
0.3979431457235305
0.12698602110333257
0.5932930850372962
0.4251714620197349
0.2593342655885693
0.5621538030764452
0.4504407052794771
0.1173543211442879
0.9185003180368418
0.9031445033120854
0.5721349022991111
0.6327636955170223
0.24113068860927578
0.5189572167933175
0.862788718380858
0.0231759298582902
0.848988718685488
0.7878939539759389
0.3437506874040668
0.5098778802096393
0.06379671237167617
0.2070465699756313
0.05650341049532692
0.6394408730821068
0.9695493696409234
0.11407114913896843
0.1910681166931213
0.5910395870128735
0.4874667087454473
0.7595412719478495
0.8371498127657265
0.633899595260612
0.7237409432645487
0.7314641062182312
0.5679460024132871
0.5370469581306737
0.6051961540267893
0.8000438603882261
0.6215122030068354
0.6927506170461829
0.36328045007667675
0.8795521685623113
0.34123192405442915
0.16873998372674626
0.8285665503756651
0.9311454118394009
0.40425006954209486
0.3079912685947258
0.4980682517405559
0.1412236572745008
0.6043772470990976
0.17298543564130464
0.9647046245575821
0.5479055465338888
0.44734122416267375
0.1103996710303432
0.49586147961871885
0.39392721986013124
0.8674593862586831
0.14863453847642139
0.331303467998703
0.22523707497114875
0.12765534490631447
0.17044100879415236
0.13882643673726824
0.7733157577293314
0.2177214340431346
0.9459734062518571
0.31756331967087104
0.48134480307644667
0.5891520197884883
0.6167717188045889
0.6643398629771764
0.46461923917707637
0.7406183926900302
0.18191132512840347
0.5768744637535367
0.4853023517117029
0.5964345759537227
0.5813823429919385
0.9054430649254868
0.007606837219351292
0.8757732328642585
0.24275878807585416
0.21245659991526478
0.918009770003891
0.7854917577054491
0.8279940546496537
0.0685613356553314
0.18437673386804299
0.28089880174120563
0.23347590511042715
0.094849841999472
0.15498495116705668
0.7972970439697322
0.950907636367115
0.23915424093244197
0.9813473883617123
0.3925996307434638
0.017234657446131285
0.47437160030711245
0.4438358699420619
0.16600347328690324
0.7874331522541296
0.399940946989801
0.3003150403481948
0.15786387963943393
0.6723166089487853
0.1158085899761725
0.10740747271851425
0.7572287227772577
0.9793650184007723
0.8818192207464091
0.9735506749944687
0.7078726897325325
0.8273100512057286
0.19441680053902755
0.6348638767599449
0.0004927945023470715
0.4849939327156949
0.39623623767889204
0.33104762913409513
0.47482638807957855
0.16797830892717502
0.07596809224395362
0.8687350504294661
0.8169805134369509
0.21167003293876374
0.904927600384953
0.3587761040559143
0.7734483640535516
0.24880358694059146
0.32595648057677584
0.304410177471942
0.9412623948762443
0.8836060014579448
0.33254210427035313
0.29468027794847806
0.053369046895855754
0.3523627110677382
0.6688124716569777
0.5889636346811774
0.5512405454587782
0.776609469115392
0.5202651760729453
0.9122301865539908
0.9051005547652173
0.4612197507445873
0.5142150296707605
0.7135683163897956
0.28253054690684987
0.013185953187657362
0.8929804937996048
0.13478144303427264
0.347089381108835
0.07823780039072825
0.43925973907889093
0.7922837251944347
0.6755475618627603
0.7968747640027878
0.0454849587336259
0.07097505252639258
0.3059305567379197
0.36389416564318855
0.5894376804684583
0.4876119501844016
0.3596493904887397
0.8514359091126257
0.3755540814301379
0.7435695105074906
0.18936197871765725
0.4103654182510561
0.009551958046021158
0.3079497697667073
0.04367735080746382
0.687234501363867
0.8631005228544212
0.34206187510207053
0.4732881555778351
0.5682030759107837
0.2974639508323105
0.63191988140103
0.1423711792814366
0.078735264715033
0.942160411414997
0.9006026688828692
0.8369314594259522
0.9633343707866947
0.4849600531092987
0.9980504560602431
0.8546612736429678
0.03706513241660858
0.5563152801463891
0.516278483837861
0.9966039939676461
0.9101989689243132
0.7914245431638941
0.4405902299273421
0.9397055711710913
0.6436817481759937
0.7111098377113693
0.17386149018977315
0.60745372577543
0.31874117604937824
0.35414459851542013
0.6872210207347613
0.47094171465592227
0.1077535455935007
0.25809719865129355
0.021599445187742594
0.6429845778751015
0.6264907756388932
0.7735162966021795
0.026337083173224363
0.3893068859881852
0.10779314885071356
0.6461417030003823
0.9692074049866437
0.7534294249116013
0.7265844596098787
0.20240863669218134
0.6128653571255724
0.3569235626945849
0.7442855107161046
0.7412010075196792
0.2946019425840932
0.40573504578332564
0.4503373496605949
0.6696824697183225
0.7301638165706997
0.8518440351681661
0.28203164598962305
0.0958275381437862
0.06594114240968318
0.7604277521982349
0.65645907335439
0.152568680193641
0.17206598041622745
0.7214983557411765
0.060470985434136204
0.622925892648402
0.29266503214785455
0.5753565395291182
0.877207552598164
0.3014147403125982
0.6977074038691233
0.3343332358886434
0.4737215822315505
0.5188327058779291
0.9958389043438691
0.6728742462269787
0.6216482857280983
0.697678688857535
0.9808630231256255
0.5551844940426329
0.953445493380782
0.06369966474102218
0.627064390146306
0.3835190540055975
0.8084643780512176
0.02472078568145375
0.10822542918468614
0.666500922478372
0.8680053695777038
0.8815482179769122
0.5101645311582402
0.30390461128098445
0.6081946690712333
0.4695962062574123
0.47652244867403726
0.2647906444318182
0.9492621130416316
0.002535415856229517
0.21427442824789233
0.27025403995982233
0.5093234974826543
0.683104406432285
0.15071338452484895
0.751770010396483
0.17578063166083036
0.6201068546004059
0.533047456031153
0.503333978827525
0.8974122231147383
0.729405553984065
0.0565946585860555
0.8477731668477744
0.27453566691299947
0.48204445668154383
0.6087823545718508
0.7240379112168864
0.13014327951112603
0.5325953069157114
0.7112392176208047
0.7828798427576448
0.13184858330684246
0.8673872816418315
0.1380916993701623
0.6285046091618427
0.4462040773949608
0.3517936318403979
0.19797895048936598
0.6536350645134824
0.3068766339577659
0.5765772051193568
0.2980535657846485
0.508979680379911
0.09892699129233751
0.16339877166381234
0.5963775715807087
0.02847108306640389
0.6685158704715286
0.8014810979432366
0.4526849546051752
0.4981621933678937
0.9354723536550593
0.40256175878863043
0.3145393465784522
0.7256475736731156
0.3775506501068684
0.9866817987479823
0.4338495043041618
0.2993830875451854
0.7818443726006478
0.607908347113668
0.3190517000304621
0.7267276055825328
0.5600267363932158
0.33790383874470986
0.559413570854738
0.1423007480549383
0.6905700649859688
0.2378803093691615
0.7745185611622024
0.29310710133583806
0.7291903817461035
0.5911161843870193
0.9820098654518942
0.9960032771081556
0.9155912351212134
0.3470252775478383
0.7150014577561117
0.6927611035059154
0.7485927523145148
0.46330440006329177
0.021763390116171455
0.37453495532899217
0.10516664489188354
0.7340662007591432
0.31129052348527597
0.1484003907634469
0.1491995634586053
0.06155515460127492
0.7429604657848417
0.4923629639511027
0.08033466120864241
0.9453321736959039
0.6029714319516074
0.19468929476377628
0.5200846593467158
0.6314718983402766
0.33954015752870614
0.6470960680732469
0.2250125270232779
0.15465213055160065
0.20590070107202718
0.35839300174624344
0.6114464114374226
0.7578327015563067
0.3257797266514181
0.28932868785262134
0.20234272129760789
0.6517062750556922
0.17349085605595904
0.5716380502995224
0.9119828824008663
0.7815664876245039
0.7813300280842436
0.1511605161912719
0.9194189543059553
0.2973434006840685
0.17298218233185159
0.3112464930064328
0.1790683146073181
0.9616962117163854
0.4688801922749293
0.6910730520020614
0.7777593641591232
0.18672018693520587
0.7773558592091734
0.5409390429597779
0.7468587341430047
0.29749724472217376
0.4112341479610421
0.21296306200825166
0.6248111748054784
0.7268409807782668
0.29911403843168916
0.898544347742385
0.46150991790250007
0.4144137467947038
0.4806176640899952
0.6140882110399607
0.23624510565122103
0.2899826892581887
0.7660047198307117
0.755299520600674
0.32324837877651225
0.8489938855649823
0.7432437207387338
0.5070954040739623
0.161197489141235
0.19953148833859669
0.23795269079965975
0.7039439186538502
0.870608583005833
0.2222200554820547
0.30776549655588203
0.303216085268991
0.8838866640826004
0.5281615393846504
0.6468599257560544
0.4605727663653374
0.20002815600618806
0.7952557515949253
0.21419381649851643
0.509093524555969
0.7341025454087174
0.3320358372459493
0.8758821562942217
0.4600853886902547
0.6713619280398803
0.20937816899597306
0.43713194961185464
0.5309964502757374
0.11926363509807969
0.8352870989263321
0.20908774744123215
0.7485303934486907
0.6615610675384633
0.9166622385375468
0.08206504173792861
0.03066149081413283
0.3024707201070902
0.10658831459525542
0.7283871114448268
0.9815395547493482
0.4677411038936553
0.9026799539891736
0.3689752909118609
0.12078967475174085
0.22474701897144755
0.5773653080371395
0.5126553777052519
0.5555777716655124
