0.41989419496470937
0.4318666859247817
0.4438391768848541
0.45581166784492644
0.4677841588049988
0.4797566497650711
0.49172914072514345
0.5037016316852159
0.5156741226452881
0.5276466136053605
0.5396191045654328
0.5515915955255052
0.551237609508312
0.5495140149380894
0.5477904203678666
0.546066825797644
0.5443432312274213
0.5426196366571986
0.540896042086976
0.5391724475167532
0.5374488529465306
0.5357252583763079
0.5340016638060852
0.5367491720204296
0.5406144559309158
0.544479739841402
0.5483450237518882
0.5522103076623744
0.5560755915728606
0.5599408754833468
0.563806159393833
0.5676714433043192
0.5715367272148054
0.5754020111252917
0.5695102157948086
0.5594368150753387
0.5493634143558689
0.539290013636399
0.5292166129169291
0.5191432121974593
0.5090698114779894
0.49899641075851947
0.4889230100390496
0.4788496093195797
0.4687762086001098
0.47137834599362366
0.4824308421291268
0.49348333826462987
0.504535834400133
0.5155883305356361
0.5266408266711393
0.5376933228066424
0.5487458189421455
0.5597983150776485
0.5708508112131516
0.5819033073486547
0.5883355168589709
0.5901474397441001
0.5919593626292293
0.5937712855143585
0.5955832083994878
0.597395131284617
0.5992070541697462
0.6010189770548754
0.6028308999400046
0.6046428228251338
0.6064547457102631
0.6040691247190412
0.5953871879132926
0.586705251107544
0.5780233143017954
0.5693413774960469
0.5606594406902983
0.5519775038845497
0.5432955670788011
0.5346136302730525
0.525931693467304
0.5172497566615554
0.5135959020658554
0.5216742392936025
0.5297525765213497
0.537830913749097
0.5459092509768442
0.5539875882045913
0.5620659254323385
0.5701442626600857
0.5782225998878329
0.5863009371155801
0.5943792743433272
0.6004219910443945
0.5983222256387422
0.5962224602330899
0.5941226948274375
0.5920229294217852
0.589923164016133
0.5878233986104806
0.5857236332048282
0.583623867799176
0.5815241023935237
0.5794243369878713
0.5769489716701255
0.5710932071435383
0.565237442616951
0.5593816780903638
0.5535259135637765
0.5476701490371891
0.5418143845106019
0.5359586199840146
0.5301028554574274
0.5242470909308401
0.5183913264042529
0.5125355618776656
0.5124681836979357
0.5124008055182059
0.512333427338476
0.5122660491587461
0.5121986709790162
0.5121312927992864
0.5120639146195565
0.5119965364398266
0.5119291582600967
0.5118617800803669
0.511794401900637
0.5117270237209071
0.5116596455411772
0.5115922673614473
0.5115248891817175
0.5114575110019876
0.5113901328222576
0.5113227546425277
0.5112553764627978
0.5111879982830679
0.5111206201033381
0.5110532419236082
0.5109858637438783
0.5109184855641484
0.5108511073844185
0.5107837292046886
0.5107163510249588
0.5106489728452289
0.510581594665499
0.5105142164857691
0.5104468383060392
0.5103794601263093
0.5103120819465795
0.5102447037668496
0.5101773255871197
0.5101099474073898
0.51004256922766
0.5099751910479301
0.5099078128682002
0.5098404346884703
0.5097730565087405
0.5097056783290106
0.5096383001492807
0.5095709219695509
0.509503543789821
0.5094361656100911
0.5093687874303612
0.5093014092506314
0.5092340310709015
0.5091666528911716
0.5090992747114417
0.5090318965317119
0.508964518351982
0.5088971401722521
0.5088297619925222
0.5087623838127924
0.5086950056330625
0.5086276274533326
0.5085602492736027
0.5084928710938728
0.5084254929141429
0.5083581147344131
0.5082907365546832
0.5082233583749532
0.5081559801952233
0.5080886020154934
0.5080212238357635
0.5079538456560337
0.5078864674763038
0.5078190892965739
0.507751711116844
0.5076843329371141
0.5076169547573843
0.5075495765776544
0.5074821983979245
0.5074148202181946
0.5073474420384647
0.5072800638587348
0.507212685679005
0.5071453074992751
0.5070779293195452
0.5070105511398153
0.5069431729600855
0.5068757947803556
0.5068084166006257
0.5067410384208958
0.506673660241166
0.5066062820614361
0.5065389038817062
0.5064715257019764
0.5064041475222465
0.5063367693425166
0.5062693911627867
0.5062020129830569
0.506134634803327
0.5060672566235971
0.5059998784438672
0.5059325002641374
0.5058651220844075
0.5057977439046776
0.5057303657249477
0.5056629875452178
0.505595609365488
0.5055282311857581
0.5054608530060282
0.5053934748262983
0.5053260966465684
0.5052587184668385
0.5051913402871087
0.5051239621073788
0.5050565839276489
0.504989205747919
0.504921827568189
0.5048544493884592
0.5047870712087293
0.5047196930289994
0.5046523148492695
0.5045849366695396
0.5045175584898097
0.5044501803100799
0.50438280213035
0.5043154239506201
0.5042480457708902
0.5041806675911603
0.5041132894114305
0.5040459112317006
0.5039785330519707
0.5039111548722408
0.503843776692511
0.5037763985127811
0.5037090203330512
0.5036416421533213
0.5035742639735915
0.5035068857938616
0.5034395076141317
0.5033721294344019
0.503304751254672
0.5032373730749421
0.5031699948952122
0.5031026167154824
0.5030352385357525
0.5029678603560226
0.5029004821762927
0.5028331039965629
0.502765725816833
0.5026983476371031
0.5026309694573732
0.5025635912776433
0.5024962130979135
0.5024288349181836
0.5023614567384537
0.5022940785587238
0.5022267003789939
0.502159322199264
0.5020919440195342
0.5020245658398043
0.5019571876600744
0.5018898094803445
0.5018224313006145
0.5017550531208846
0.5016876749411548
0.5016202967614249
0.501552918581695
0.5014855404019651
0.5014181622222352
0.5013507840425053
0.5012834058627755
0.5012160276830456
0.5011486495033157
0.5010812713235858
0.501013893143856
0.5009465149641261
0.5008791367843962
0.5008117586046663
0.5007443804249365
0.5006770022452066
0.5006096240654767
0.5005422458857469
0.500474867706017
0.5004074895262871
0.5003401113465572
0.5002727331668273
0.5002053549870975
0.5001379768073676
0.5000705986276377
0.5000032204479078
0.49993584226817794
0.49986846408844804
0.4998010859087182
0.4997337077289883
0.49966632954925844
0.49959895136952853
0.49953157318979863
0.4994641950100688
0.4993968168303389
0.499329438650609
0.4992620604708791
0.49919468229114927
0.49912730411141937
0.4990599259316895
0.4989925477519596
0.4989251695722297
0.49885779139249986
0.49879041321276996
0.4987230350330401
0.4986556568533102
0.49858827867358035
0.49852090049385045
0.49845352231412055
0.4983861441343907
0.4983187659546608
0.49825138777493094
0.49818400959520104
0.4981166314154712
0.4980492532357413
0.4979818750560114
0.49791449687628153
0.4978471186965516
0.4977797405168218
0.4977123623370919
0.497644984157362
0.4975776059776321
0.4975102277979022
0.49744284961817237
0.49737547143844246
0.4973080932587126
0.4972407150789827
0.49717333689925286
0.49710595871952296
0.49703858053979305
0.4969712023600632
0.4969038241803333
0.49683644600060345
0.49676906782087354
0.4967016896411437
0.4966343114614138
0.4965669332816839
0.49649955510195404
0.49643217692222413
0.4963647987424943
0.4962974205627644
0.49623004238303453
0.4961626642033046
0.4960952860235748
0.4960279078438449
0.49596052966411497
0.4958931514843851
0.4958257733046552
0.49575839512492537
0.49569101694519546
0.4956236387654656
0.4955562605857357
0.4954888824060058
0.49542150422627595
0.49535412604654605
0.4952867478668162
0.4952193696870863
0.49515199150735645
0.49508461332762654
0.49501723514789664
0.4949498569681668
0.4948824787884369
0.49481510060870704
0.49474772242897713
0.4946803442492473
0.4946129660695174
0.49454558788978753
0.4944782097100576
0.4944108315303277
0.4943434533505979
0.49427607517086797
0.4942086969911381
0.4941413188114082
0.49407394063167837
0.49400656245194846
0.49393918427221856
0.4938718060924887
0.4938044279127588
0.49373704973302895
0.49366967155329905
0.49360229337356915
0.4935349151938393
0.4934675370141094
0.49340015883437954
0.49333278065464964
0.4932654024749198
0.4931980242951899
0.49313064611546004
0.49306326793573013
0.4929958897560002
0.4929285115762704
0.4928611333965405
0.4927937552168106
0.4927263770370807
0.49265899885735087
0.49259162067762097
0.49252424249789106
0.4924568643181612
0.4923894861384313
0.49232210795870146
0.49225472977897156
0.4921873515992417
0.4921199734195118
0.4920525952397819
0.49198521706005205
0.49191783888032214
0.4918504607005923
0.4917830825208624
0.49171570434113254
0.49164832616140264
0.4928101657113641
0.4988888761800905
0.5049675866488174
0.5110462971175438
0.5171250075862707
0.523203718054997
0.5292824285237239
0.5353611389924503
0.5414398494611772
0.5475185599299036
0.5535972703986305
0.559027177630801
0.5586178557339677
0.5582085338371344
0.557799211940301
0.5573898900434677
0.5569805681466343
0.556571246249801
0.5561619243529677
0.5557526024561343
0.555343280559301
0.5549339586624678
0.5545246367656343
0.5587517771941705
0.562978917622707
0.5672060580512431
0.5714331984797796
0.5756603389083158
0.5798874793368523
0.5841146197653884
0.5883417601939249
0.592568900622461
0.5967960410509975
0.6010231814795337
0.5963750625738122
0.5907408037420622
0.5851065449103117
0.5794722860785616
0.5738380272468111
0.568203768415061
0.5625695095833105
0.5569352507515605
0.55130099191981
0.5456667330880599
0.5400324742563094
0.5384543381335377
0.5378902326880107
0.5373261272424836
0.5367620217969566
0.5361979163514297
0.5356338109059026
0.5350697054603756
0.5345056000148485
0.5339414945693215
0.5333773891237944
0.5328132836782674
0.5332680746103541
0.534159535418561
0.535050996226768
0.5359424570349749
0.5368339178431818
0.5377253786513887
0.5386168394595957
0.5395083002678026
0.5403997610760095
0.5412912218842164
0.5421826826924234
0.5410120479492204
0.5384666828384103
0.5359213177276004
0.5333759526167904
0.5308305875059804
0.5282852223951704
0.5257398572843606
0.5231944921735505
0.5206491270627407
0.5181037619519305
0.5155583968411207
0.512775962775964
0.5097564597564611
0.506736956736958
0.5037174537174549
0.5006979506979518
0.49767844767844877
0.49465894465894555
0.49163944163944256
0.48861993861993935
0.4856004356004364
0.4825809325809332
0.48279675451699794
0.48786556388641567
0.4929343732558334
0.4980031826252507
0.5030719919946683
0.5081408013640857
0.5132096107335034
0.5182784201029207
0.5233472294723384
0.5284160388417557
0.5334848482111734
0.5378349794242224
0.5405081949390786
0.5431814104539346
0.5458546259687909
0.548527841483647
0.5512010569985032
0.5538742725133592
0.5565474880282154
0.5592207035430714
0.5618939190579277
0.5645671345727837
0.566226320728406
0.5638293894470924
0.5614324581657787
0.5590355268844651
0.5566385956031514
0.5542416643218379
0.5518447330405242
0.5494478017592106
0.5470508704778969
0.5446539391965833
0.5422570079152697
0.539878019503613
0.537660516918869
0.5354430143341249
0.5332255117493807
0.5310080091646368
0.5287905065798926
0.5265730039951486
0.5243555014104044
0.5221379988256605
0.5199204962409163
0.5177029936561723
0.5154854910714282
0.5100095574559073
0.5045336238403859
0.499057690224865
0.49358175660934367
0.48810582299382277
0.4826298893783014
0.4771539557627805
0.47167802214725923
0.46620208853173833
0.460726154916217
0.4552502213006961
0.459907443147095
0.4656905711559295
0.47147369916476445
0.47725682717359896
0.4830399551824339
0.48882308319126844
0.4946062112001034
0.5003893392089379
0.5061724672177729
0.5119555952266074
0.5177387232354423
0.5185330016168711
0.5180800675914482
0.5176271335660253
0.5171741995406024
0.5167212655151796
0.5162683314897567
0.5158153974643339
0.515362463438911
0.5149095294134881
0.5144565953880652
0.5140036613626424
0.5113983156849243
0.5078705078705084
0.5043427000560922
0.5008148922416762
0.49728708442725994
0.49375927661284397
0.4902314687984277
0.4867036609840118
0.48317585316959555
0.4796480453551796
0.4761202375407634
0.4768979570251429
0.48054602804205354
0.4841940990589639
0.4878421700758745
0.49149024109278483
0.49513831210969544
0.4987863831266057
0.5024344541435164
0.5060825251604267
0.5097305961773373
0.5133786671942476
0.5118128582873575
0.5050331694566663
0.49825348062597463
0.49147379179528344
0.48469410296459176
0.47791441413390057
0.4711347253032089
0.4643550364725177
0.457575347641826
0.4507956588111348
0.4440159699804431
0.4410925000880946
0.44395335860326135
0.4468142171184279
0.44967507563359466
0.4525359341487612
0.455396792663928
0.45825765117909456
0.4611185096942613
0.46397936820942787
0.46684022672459463
0.4697010852397612
0.47218223231016476
0.47377738600945385
0.47537253970874305
0.4769676934080321
0.47856284710732133
0.48015800080661036
0.48175315450589956
0.48334830820518865
0.48494346190447785
0.48653861560376704
0.48813376930305613
0.48865005160766606
0.48485084833355924
0.4810516450594521
0.47725244178534526
0.47345323851123816
0.4696540352371313
0.4658548319630242
0.46205562868891736
0.4582564254148102
0.4544572221407034
0.45065801886659623
0.4469589632236467
0.4441612362611128
0.44136350929857915
0.43856578233604526
0.4357680553735116
0.4329703284109777
0.43017260144844405
0.4273748744859101
0.42457714752337644
0.42177942056084256
0.4189816935983089
0.416183966635775
0.4245603255216156
0.43293668440745686
0.44131304329329746
0.4496894021791387
0.4580657610649793
0.4664421199508206
0.4748184788366612
0.48319483772250243
0.49157119660834303
0.49994755549418424
0.5083239143800249
0.5056077775437461
0.5016591411827871
0.4977105048218277
0.4937618684608687
0.4898132320999094
0.48586459573895036
0.48191595937799103
0.47796732301703204
0.4740186866560727
0.47007005029511373
0.46612141393415435
0.4672811435680962
0.4697179647007635
0.4721547858334306
0.4745916069660979
0.47702842809876506
0.4794652492314324
0.48190207036409954
0.48433889149676684
0.486775712629434
0.4892125337621013
0.4916493548947684
0.49251065558805956
0.4926967332359036
0.4928828108837476
0.49306888853159164
0.49325496617943565
0.4934410438272797
0.4936271214751237
0.4938131991229678
0.4939992767708118
0.49418535441865585
0.49437143206649986
0.49153502531022863
0.48668362895121364
0.4818322325921979
0.4769808362331828
0.47212943987416783
0.46727804351515284
0.46242664715613707
0.4575752507971221
0.45272385443810703
0.44787245807909204
0.44302106172007627
0.440774794429812
0.4411336562082985
0.44149251798678496
0.4418513797652715
0.44221024154375793
0.4425691033222444
0.4429279651007309
0.44328682687921744
0.44364568865770393
0.44400455043619036
0.44436341221467685
0.44511416556324435
0.4464527562669332
0.44779134697062206
0.4491299376743109
0.450468528378
0.4518071190816888
0.45314570978537766
0.4544843004890665
0.4558228911927556
0.45716148189644445
0.45850007260013326
0.4582342557151504
0.4542248211232645
0.45021538653137927
0.446205951939494
0.44219651734760873
0.4381870827557229
0.43417764816383764
0.43016821357195234
0.4261587789800671
0.4221493443881812
0.41813990979629595
0.41471872936937215
0.4136505656022951
0.41258240183521777
0.4115142380681407
0.4104460743010636
0.4093779105339865
0.40830974676690923
0.4072415829998321
0.406173419232755
0.40510525546567794
0.40403709169860064
0.4029659940963587
0.40186849197763325
0.40077098985890763
0.3996734877401822
0.3985759856214567
0.39747848350273124
0.3963809813840056
0.3952834792652801
0.3941859771465547
0.39308847502782923
0.39199097290910356
0.3908934707903781
0.38941223507826894
0.38793099936615977
0.3864497636540503
0.38496852794194114
0.38348729222983197
0.3820060565177228
0.3805248208056134
0.3790435850935042
0.37756234938139505
0.37608111366928587
0.3745998779571764
0.3735017094467164
0.37244610395866184
0.3713904984706073
0.3703348929825525
0.36927928749449795
0.3682236820064434
0.3671680765183888
0.36611247103033406
0.3650568655422795
0.3640012600542249
0.36294565456617034
0.36804627405890233
0.37468594979683056
0.3813256255347588
0.387965301272687
0.39460497701061625
0.4012446527485445
0.4078843284864727
0.41452400422440094
0.42116367996233023
0.42780335570025846
0.4344430314381867
0.4481156525285541
0.46480239305568477
0.48148913358281276
0.49817587410994074
0.5148626146370687
0.5315493551641993
0.5482360956913274
0.5649228362184553
0.5816095767455833
0.5982963172727139
0.614983057799842
0.6115129225628401
0.5946048701497498
0.5776968177366568
0.5607887653235666
0.5438807129104763
0.5269726604973861
0.5100646080842932
0.493156555671203
0.4762485032581127
0.4593404508450224
0.4424323984319295
0.43440537049509453
0.43525936703451484
0.4361133635739351
0.4369673601133555
0.43782135665277583
0.43867535319219614
0.4395293497316164
0.44038334627103687
0.4412373428104571
0.44209133934987743
0.44294533588929774
0.44535156022912586
0.4500861262695651
0.45482069231000444
0.4595552583504437
0.46428982439088373
0.469024390431323
0.4737589564717623
0.47849352251220156
0.4832280885526416
0.48796265459308086
0.49269722063352017
0.4947923687250891
0.4907288749359571
0.48666538114682584
0.4826018873576945
0.4785383935685632
0.47447489977943125
0.4704114059902999
0.4663479122011686
0.46228441841203727
0.4582209246229053
0.454157430833774
0.4519403177666136
0.4571087275873398
0.4622771374080667
0.46744554722879283
0.47261395704951903
0.47778236687024517
0.48295077669097214
0.4881191865116983
0.4932875963324244
0.49845600615315055
0.5036244159738775
0.5078367654700335
0.5034445720450557
0.49905237862007784
0.4946601851950993
0.4902679917701214
0.48587579834514355
0.4814836049201657
0.47709141149518713
0.47269921807020926
0.4683070246452314
0.4639148312202535
0.45952263779527497
0.45952263779527497
0.45952263779527497
0.45952263779527497
0.45952263779527497
0.45952263779527497
0.45952263779527497
0.45952263779527497
0.45952263779527497
0.45952263779527497
0.45952263779527497
0.45952263779527497
0.45952263779527497
0.45952263779527497
0.45952263779527497
0.45952263779527497
0.45952263779527497
0.45952263779527497
0.45952263779527497
0.45952263779527497
0.45952263779527497
0.45952263779527497
0.45952263779527497
0.45952263779527497
0.45952263779527497
0.45952263779527497
0.45952263779527497
0.45952263779527497
0.45952263779527497
0.45952263779527497
0.45952263779527497
0.45952263779527497
0.45952263779527497
0.45952263779527497
0.45952263779527497
0.45952263779527497
0.45952263779527497
0.45952263779527497
0.45952263779527497
0.45952263779527497
0.45952263779527497
0.45952263779527497
0.45952263779527497
0.45952263779527497
0.45952263779527497
0.45952263779527497
0.45952263779527497
0.45952263779527497
0.45952263779527497
0.45952263779527497
0.45952263779527497
0.45952263779527497
0.45952263779527497
0.45952263779527497
0.45952263779527497
0.45952263779527497
0.45952263779527497
0.45952263779527497
0.45952263779527497
0.45952263779527497
0.45952263779527497
0.45952263779527497
0.45952263779527497
0.45952263779527497
0.45952263779527497
0.45952263779527497
0.45952263779527497
0.45952263779527497
0.45952263779527497
0.45952263779527497
0.45952263779527497
0.45952263779527497
0.45952263779527497
0.45952263779527497
0.45952263779527497
0.45952263779527497
0.45952263779527497
0.45952263779527497
0.45952263779527497
0.45952263779527497
0.45952263779527497
0.45952263779527497
0.45952263779527497
0.45952263779527497
0.45952263779527497
0.45952263779527497
0.45952263779527497
0.45952263779527497
0.45952263779527497
0.45952263779527497
0.45952263779527497
0.45952263779527497
0.45952263779527497
0.45952263779527497
0.45952263779527497
0.45952263779527497
0.45952263779527497
0.45952263779527497
0.45952263779527497
0.45952263779527497
0.45952263779527497
0.45952263779527497
0.45952263779527497
0.45952263779527497
0.45952263779527497
0.45952263779527497
0.45952263779527497
0.45952263779527497
0.45952263779527497
0.45952263779527497
0.45952263779527497
0.45952263779527497