0.4135043702310529
0.09943120072147016
0.6881400858987275
0.26441540017940535
0.9068506403919592
0.7584065361342568
0.2996609108817938
0.4800671390372332
0.8191745834080841
0.6660721372603008
0.8217414882630919
0.18620251179806235
0.5999758734852306
0.906402513891054
0.3778180295840531
0.43249679683806375
0.43428844692059565
0.22826334633544965
0.7000015812325844
0.028819575070122783
0.43567130761976536
0.2791064002744137
0.022173817615179003
0.7662494644130866
0.8858948933289938
0.9742182660349907
0.055871219881293954
0.0348279005634472
0.8852438317193929
0.0009564776566386435
0.22479323203997836
0.07150782974880066
0.20594722155756762
0.2954316761296273
0.2946205238589902
0.813375551334874
0.40377464414487385
0.8184603804761248
0.7690214471131036
0.9026786626462031
0.2306689100414243
0.7585267248647426
0.5677422635084117
0.4375869698594117
0.9005784995937781
0.9185831040437853
0.7100616505350913
0.506159606446089
0.8833255213767981
0.6311554133525881
0.3141994970861395
0.8942897241660444
0.8721808994423191
0.12467269716962193
0.7569416547425946
0.12938530502566392
0.5286726808912978
0.9607154708117454
0.7737183201674324
0.4024042446626772
0.8424651135303999
0.3260526504861173
0.9784113345192106
0.9226307933314293
0.37328988752133363
0.8900474415834362
0.22184616871609364
0.007506052436095811
0.048100118632476874
0.013041876909800854
0.9879326266925665
0.6205415614368806
0.818523300747775
0.6943619129284742
0.31920693614852635
0.8392664842594226
0.08970967898512627
0.46030579925274073
0.1678385581501891
0.3222711125331449
0.8559073603648851
0.4656370590310359
0.5354673661792915
0.27724934040031257
0.5996484187977371
0.3056346901503988
0.9237775681269387
0.6156628843888788
0.11828054919868414
0.9448011103335113
0.6726804947126293
0.7222195637308441
0.29540699133889725
0.15856085626134908
0.8778081620811045
0.17413259904560774
0.5312218806622375
0.1955048560180328
0.9851246896613027
0.4025786346393324
0.6752662207436897
0.9064538564968275
0.03727308848298283
0.8802465118520578
0.8636754870988854
0.7942269224020629
0.9489410321328673
0.8878378918890616
0.8170432796255328
0.14945705470088855
0.5095710414039318
0.04504311128981964
0.04202991648329202
0.3042456262947084
0.059549807523152753
0.6381668434165214
0.00806363748381711
0.4394017648679951
0.6638819694420762
0.30650570489967344
0.09543668923672866
0.34001185237004583
0.8179432719786007
0.860955575038955
0.1697285251132844
0.20461762886596324
0.2723818132592769
0.005038213050531315
0.3569241683418253
0.23442184474218997
0.213045396870865
0.3271747292789513
0.6386064934454339
0.2831349487234527
0.4631215826879608
0.10788026315720622
0.8047382136387462
0.1056425711818384
0.5053258586489712
0.044895820418881405
0.3314496116917123
0.1926473785820907
0.16803011509006727
0.9590587813587842
0.019761866144687112
0.24060767286931228
0.0348636961153137
0.3966896334453365
0.1074554019318642
0.7774375050043562
0.8120830089501654
0.8825445611164225
0.2393085079764088
0.029059072774498484
0.2103078476158894
0.6506072536254699
0.5492843123691789
0.39693681573218365
0.542509579591928
0.3473104734947482
0.6506055789475191
0.5045555444529697
0.5411075210268153
0.06315254974988849
0.6841426093972701
0.10406667700737982
0.4308355239330681
0.6215020208038622
0.39010188918687294
0.5584842230298573
0.3685990419328722
0.67797386785781
0.4446421211314664
0.21542152823953353
0.02296453173051871
0.9073420351869091
0.7924106803113453
0.2879017325231754
0.7003519603794556
0.20071439542036562
0.2606796626446155
0.8684940517370158
0.3344227083510197
0.12013865599214091
0.1968042111581687
0.387532165131075
0.16611543984351718
0.20441242352527678
0.5369604041099094
0.5475586556972477
0.24429016878336318
0.23886042465150936
0.730695289309772
0.10251740064096326
0.14936238297478788
0.3562598684463224
0.5603621910873633
0.35379033762157175
0.9093419351719482
0.4616963256888983
0.018653400620365024
0.679353951067786
0.239814914854796
0.07357728285057219
0.48612117506440966
0.05811071168469972
0.26971908231005004
0.8634116379811266
0.45679530198899576
0.9913836398149402
0.10858015532534371
0.9632373338604585
0.46146262352186673
0.4456610731995879
0.2873702511602736
0.35916009940882665
0.6915159364762763
0.39671835823406454
0.07587097695412937
0.04681324828309552
0.6123908376511313
0.2743123182375432
0.67496146756403
0.4856875391211911
0.6498086161966773
0.45333736634971444
0.9349204075704133
0.05795365637690253
0.7586105820698552
0.01356958856814916
0.18284558187398392
0.2472473567878155
0.6160875077652714
0.15079279121019729
0.939162190262603
0.8248069092449364
0.08024509011510028
0.7443236013793044
0.6810439058144455
0.16806793298337852
0.5815910140806411
0.4798634986453464
0.2799161352020184
0.5946383718514678
0.7152388340053326
0.6096480255452634
0.8168854800832468
0.3463913890043857
0.5695693569936561
0.6665507946357861
0.7633891027134313
0.9727412224714898
0.9980639498033239
0.8281666455259179
0.7658724075616219
0.9362411579192378
0.13340281834058187
0.23275770308840404
0.47044395857774524
0.2588486544375428
0.2963542295620619
0.22862969096546504
0.11267907467264426
0.7535350159063239
0.8253435768669944
0.8724126589845121
0.263506055579394
0.532046289845403
0.9109009679866489
0.0873222062352228
0.5704430298764129
0.11109092146654587
0.10388574529257788
0.7338855209749936
0.5695310475958111
0.2471825459189928
0.400007631625948
0.32910583791684456
0.012278936312417277
0.3836874092176722
0.5910848296635782
0.6877824932122591
0.3120960500330989
0.12300768217439917
0.20950961590765238
0.28889432523026226
0.07718814082686787
0.1454350508678246
0.506028194764846
0.09060884332068142
0.15567204420499736
0.22484354068475487
0.21683130032815934
0.5596379978969913
0.13332147487505253
0.058450076457572275
0.22176290352540518
0.6885935854635195
0.6282398744476946
0.079294116442573
0.6985379712808139
0.4494677717084179
0.6753347339498263
0.011235490640270518
0.03388093996811481
0.1606096900735955
0.6006784112280437
0.8834763035083755
0.5606284045702727
0.7209421402980145
0.2970369760392827
0.3311432890011309
0.8003732066763771
0.7239281529648938
0.229052947366035
0.06673586780160257
0.9945097975667627
0.9885449483526701
0.7636113892529647
0.12578841718493716
0.7167806282547773
0.9047153307562465
0.7266299032982106
0.6936444140574047
0.04112240336818729
0.5509963844449549
0.9370066433522499
0.710190600892565
0.8233197514550761
0.8307953690312817
0.34812192998531455
0.47105723524847276
0.5966433234156379
0.6090252222821121
0.7743757706534201
0.07878236157238705
0.29648577957184685
0.6644505836886988
0.6928781375506108
0.6779867823236635
0.22900059179519194
0.8747189921435085
0.8401731798860811
0.7922449527381433
0.1221937016888025
0.8986722351594423
0.6731802947650201
0.3497369901403421
0.7353139413166933
0.07401810723094482
0.790055548543757
0.11545994556189954
0.6508616872662392
0.17371002317044248
0.744186732303422
0.3352282967395934
0.7435116297651247
0.6373035324622468
0.20637289838131034
0.6707899673433699
0.8915874027447611
0.6305243366315204
0.707373905291763
0.17629348988485916
0.1399224342782588
0.29962810230757353
0.3610822915949835
0.9627084888688549
0.09755602368075023
0.5717991362650245
0.7603693329572754
0.7435163712200213
0.048801938791785404
0.34113713916561883
0.4490615196981297
0.5677423406195566
0.6736600921183751
0.9227240617262359
0.5617385709108926
0.7422711263429111
0.14920507573054165
0.9805850310595734
0.2634165331478975
0.6552436579364876
0.46042747707756426
0.3267278153978167
0.6546150638625818
0.9776778995049011
0.128699259737319
0.27062372965258263
0.37155031787330495
0.01181764973707966
0.6942311398193762
0.3719951529980027
0.003266521887117846
0.6634453583568051
0.9662329491923651
0.6706211086275555
0.23801258930202085
0.49937195530797696
0.2857980681029809
0.36464451932301667
0.2923968864922746
0.7935308529250901
0.5121320078158835
0.8351127418897948
0.3794262025745734
0.9809815619658968
0.32580426226187864
0.022994079296366432
0.48804931113448047
0.9733908856622242
0.5043761061344657
0.9353870608118575
0.6390697919680595
0.915912732848686
0.002189492123920278
0.7386287899118151
0.9650882367667275
0.9048066786943156
0.8202208311374599
0.1138329740009203
0.8837260564784496
0.060185188688332
0.7995815102218371
0.7562812436109231
0.8233580036837579
0.14298642690429209
0.5839050524094779
0.08607027632214215
0.5570502503983945
0.6427892362494141
0.6824243347836352
0.981532636274139
0.6373499240357259
0.023755252048749176
0.526378056321513
0.06913405303383524
0.015447243885013284
0.755656200001643
0.7966912187329688
0.8236856228930272
0.8248272993669978
0.9576482241359136
0.33443960522824145
0.6424562762526316
0.3155793641590239
0.8598602743053632
0.5010785825031052
0.6742788275151144
0.11737902960752078
0.39985556164225533
0.9816838366972569
0.3459759952179077
0.114874365304523
0.1226476421002397
0.46375895127769473
0.21325910011355798
0.10588129291636272
0.3802255800820411
0.506005018142533
0.10176655129934442
0.06707443871586727
0.8915804376405215
0.48889717943672806
0.9537051036399076
0.7226134854726974
0.8435194269508439
0.5802160105322276
0.383430615968668
0.7661616163665091
0.6935169200338155
0.2826283017597989
0.8160338981166791
0.1811197009200396
0.8354311995081053
0.8471898598297687
0.647113981392511
0.7998868289434004
0.7648738093017466
0.6083176211109425
0.581377158978636
0.8016097689503318
0.887527240641748
0.28278473746388255
0.12364675528004665
0.16345587800213557
0.05217067242139306
0.5291030375606213
0.5502427341752845
0.562082850578189
0.16577776338212058
0.8133392164158718
0.7171419499372154
0.09802725937565004
0.9507784633514514
0.17211541539945108
0.2972076024518393
0.19190934470049847
0.5039964181638577
0.1621138062060149
0.29574415640764207
0.008122892637752344
0.10471244960758752
0.9172779734563012
0.8768179971740394
0.8113980673892008
0.5510324720248918
0.8223280985292533
0.4769167502849626
0.2530009451177784
0.8640434709776857
0.31057417253203423
0.14772148437145471
0.6205195278560895
0.07475347185466097
0.042583800694750096
0.7930033955596839
0.9204988261587191
0.42274715569263366
0.3926729723054815
0.5116678934050343
0.6679180202706991
0.11442180969814864
0.23654278934353667
0.9732158410897345
0.6127238979225569
0.6412488429934128
0.802736262421826
0.08196911270929219
0.40317987416411594
0.18394520205824805
0.8190535085392353
0.9269521210242774
0.6873362545860122
0.8565586190949255
0.2415538405103016
0.6185874749759256
0.6598279365088895
0.6754979618728091
0.24875820799795723
0.37773964012463046
0.6852864628225361
0.2885483196343889
0.9906737093467428
0.7855853144296979
0.4915806282554448
0.8933491543019497
0.7047578042439909
0.43322469891660154
0.11946804749964879
0.38019834667264985
0.15033967124428949
0.49095486457765936
0.8216741034510865
0.4068218743973905
0.5944499177341976
0.8259858607816023
0.28851832386839826
0.8529551335588494
0.44576839918777844
0.6100229510844215
0.35811560489114047
0.860249732741808
0.625949952657238
0.6229445029430347
0.005252129196539723
0.7731049056123278
0.2125919912966735
0.016999672163791613
0.11248896873068959
0.29002636294216555
0.15160514608629871
0.12605672960658643
0.12187419009548117
0.6356407061121608
0.19498637505677552
0.07345163921594011
0.697664924032592
0.1471686312017324
0.6612387039417268
0.20079512143254796
0.30927208654951777
0.6376175339463968
0.07960620112943018
0.7768171237707329
0.5544334561577313
0.8158819129076696
0.9320572378151303
0.016380580301084358
0.21490017897893332
0.22255269471245476
0.38470091840108767
0.6773097810436153
0.924884994662175
0.6594118224157649
0.9435818087350291
0.19196003447780774
0.9142409654511092
0.61108771443441
0.2786359820859553
0.61680079656247
0.8389535872889555
0.8351655486673587
0.35357285000049077
0.3948653407300171
0.026568135999477827
0.7496998238035449
0.16989142210415897
0.8223476033089981
0.6021749309937976
0.9607712761350644
0.16625131878419885
0.29855883403473793
0.87845666095917
0.28419606293526445
0.8169651206978001
0.07944525328516916
0.7821628421030274
0.4177298067190136
0.46362920053722
0.15381882267905067
0.24799698402952441
0.34336707887184825
0.9574526073614104
0.07394154310278589
0.02149938689844355
0.777453207637943
0.44409099304799604
0.5723767526932968
0.1825154723038691
0.5319801820973734
0.04940686486700108
0.24217875406066725
0.04441928364687897
0.9435480239982956
0.2227113166260678
0.20645758494680644
0.9249110442285664
0.3446282637820093
0.44217670562642053
0.1484411075015727
0.8088593369188086
0.04110592338720831
0.5811499108804353
0.7291848815869141
0.8715106998780888
0.75009440703649
0.5627000680503041
0.8623728385130898
0.36818780948220486
0.6098902469379115
0.890522405120974
0.6021280848516251
0.38226346755651475
0.5006062907470404
0.9493538558952792
0.13535948881394644
0.9005975789651439
0.4303787823232269
0.7382974457132971
0.7338140081148282
0.35969862830973787
0.3546224722533824
0.4346719627604614
0.3329085274866751
0.6393056724067399
0.4791567053072643
0.060034335483599044
0.48148565897417706
0.8504645746842675
0.7342917758530354
0.09250640692692724
0.6044152269733544
0.28228590752079297
0.968359973156277
0.4235852336678654
0.3803436469832261
0.7751246614402473
0.56014860563214
0.23833681592234868
0.7209182651307179
0.6328712471798644
0.693167806299077
0.7194142679894266
0.4016995944971904
0.14847373777330175
0.4775287505259528
0.420166678062854
0.9050721583303668
0.255242679726304
0.730677131703589
0.3621382308636124
0.2432413070669529
0.7695012233697142
0.6406821669919464
0.7688346752634498
0.6683896041414324
0.7822207537988944
0.11115805448490512
0.206917722359914
0.6689563142637649
0.02480274375032987
0.23937892068731614
0.16814581888463564
0.819777416721722
0.7498091006477604
0.8208748990720884
0.9651860362082912
0.4985744344897851
0.8012993776827643
0.7082833183428857
0.1340308346624891
0.025341120279527285
0.8998143940564471
0.07369634068667708
0.8230118792313236
0.9202719725000893
0.30141084648170613
0.5313399659984462
0.08908523407793134
0.9666973899730777
0.8916011043196735
0.11029879621951433
0.339253176023636
0.23140036369568473
0.6484121169941484
0.11394727007583816
0.4675023647661314
0.5507701384689793
0.7784821974197446
0.9265150508866699
0.3455734219301215
0.2381811526900508
0.7784477036479426
0.17752047382248182
0.6992234473693336
0.7967937491162267
0.04610705968753859
0.2936860245246605
0.7652147149684269
0.8522658173646038
0.03899127636515698
0.573189604018541
0.40170922391057073
0.3294380497689826
0.045883290353639694
0.4666701824431706
0.633519541341355
0.3785121564980274
0.7458273776359845
0.5671689622356773
0.10244052508840229
0.8285352816922384
0.8947197401439353
0.15498126449241745
0.7763511004326068
0.0005961293740369689
0.32286967056041405
0.4650740382627021
0.7796735822054117
0.30884899019525525
0.6611361040314498
0.9174528126969892
0.31639644561345004
0.3398440942576003
0.6314904106608363
0.00626377977082293
0.3760651974879834
0.2802574649019779
0.5332703346271133
0.4696455564539117
0.19922135814846553
0.14617944395105775
0.2115429366037156
0.7946287064831681
0.3498462633121735
0.2974485844414677
0.26819202818752663
0.7063018394395617
0.7515370709415499
0.7927018900940376
0.3178317291327418
0.9694944825851047
0.5892862217751055
0.31004895662854404
0.08841749576283175
0.9159277040434888
0.9113066181296319
0.7773680437930894
0.326833586890667
0.09858766633258775
0.33553427044753836
0.7181345434461465
0.8909879157366267
0.3473194667865628
0.11130751022190633
0.9874105522452202
0.8847273814192308
0.4075976436848546
0.6988992082160513
0.6587565061893773
0.15581090572635803
0.1243567333810297
0.3471580890776398
0.943764693272436
0.22208966295754462
0.7416934954879705
0.08923755247551046
0.37795814422371854
0.1466184140261244
0.31500278811786697
0.2796203554264922
0.03889122955706792
0.17218718614767814
0.9307654171734372
0.6666011792221161
0.5150903090106062
0.6120789538226049
0.35606224877965365
0.2871523417743175
0.49927295948073547
0.0496287799086762
0.735795967318379
0.9205420373898934
0.3751702414613508
0.5138172511607066
0.8955089392916242
0.027309599394734208
0.36417104924047006
0.7273715006466587
0.037932507766361145
0.22445905329679783
0.9070769948897158
0.43505150725034347
0.8298902273864132
0.9592764741905676
0.9082098276175931
0.4486853764408528
0.4846828146772434
0.07096152778210008
0.7594545471807219
0.6865898097566167
0.02075162159489652
0.692381574729376
0.5857169355764925
0.7771626195914061
0.37480338031335036
0.4131171382604292
0.7547817629998854
0.9034239117983341
0.5883141389090583
0.8272968043231091
0.15227205085439555
0.08968644704426809
0.5550681531220281
0.6042257351874232
0.3865195598676835
0.6531782632984562
0.16174322875114355
0.7136379536122192
0.18881216166825332
0.025178527287167518
0.5804543859428442
0.631959198504734
0.31627209695162384
0.10048830927129049
0.4498414983566409
0.5831025150920025
0.38590747796319125
0.900154587973205
0.21499396256824033
0.39609000525960336
0.19652527409402787
0.4618940551941014
0.2805362330605574
0.12580351452495941
0.5784210489953673
0.7299175936430811
0.6839406641176451
0.9174089364064042
0.5787878304137346
0.10106632582601482
0.7924293146414799
0.6582730520801813
0.1928989438266172
0.41576694380691737
0.948203278154978
0.5255797110006529
0.4319865875192145
0.8904823634219482
0.5234782803262014
0.29454924790570625
0.8489175898263389
0.6360575839424175
0.04635965380254914
0.44439474670856605
0.6275775949781276
0.7151958043258596
0.9209859481268475
0.31854434054245595
0.18659219382936154
0.07173996557921236
0.9847981669526493
0.44093008535316003
0.9245856880394551
0.005806489836318041
0.208673813388916
0.4839290342211173
0.3597648813347919
0.24696771917200167
0.4225684172281894
0.11498060745436345
0.0622332334219341
0.4681326520864889
0.9082672890795155
0.5469722280755818
0.4321229990846659
0.33639419895750755
0.6686434244188106
0.4793381650737718
0.9464585551763298
0.6020408779781217
0.3739733047231827
0.3696391941936408
0.5755188710555846
0.0893898396425834
0.25048473658327897
0.40187825947469846
0.5366751361481698
0.1825382336128848
0.6536133238480394
0.7431382491305951
0.16490832784643383
0.2549570309349637
0.05083225632024102
0.9109176955209184
0.8030771714594696
0.8988403420362395
0.6685405204730471
0.8085506907569324
0.8745142294843119
0.8621674722683769
0.5369538232664534
0.4451256685207041
0.8465061669298913
0.2253569838985081
0.21496840753002677
0.6888730716243133
0.39372241631145455
0.6755169414918429
0.6551817050589055
0.6190630013399303
0.41374979803207246
0.7624061430691984
0.7929176250403907
0.40195719441555255
0.6801699449585689
0.0661609771784546
0.3490321035281343
0.08391475692268613
0.8444447287370999
0.5247757621649682
0.2985581184299574
0.27841048050488637
0.7742954613507149
0.05373266425112844
0.8142017031215053
0.9775282295117922
0.13378115439891203
0.8547249265320205
0.6116549627798871
0.4172280858175059
0.5846933815361962
0.7461736230784469
0.27291216330317203
0.5287906378807006
0.4949478473019461
0.13762608871167692
0.6395854189074202
0.7333517210539301
0.14495527547657516
0.739883581578282
0.8393961567460699
0.4472323089690622
0.11738229560436952
0.3774364032652521
0.7536099019905822
0.16795718062662346
0.46033785925679827
0.48354456064796925
0.2862451783483422
0.9309498588003282
0.8131779080267562
0.4321174641452211
0.438652164078987
0.8967926432630988
0.4489733140600841
0.49685823478553937
0.7331313517716019
