0.46462752198654994
0.46772331838518755
0.47081911478382515
0.47391491118246276
0.47701070758110037
0.46886161843726154
0.45976716280976326
0.45067270718226493
0.44157825155476665
0.4408415212508427
0.4416390593638068
0.44243659747677094
0.443234135589735
0.4421352952565842
0.4404614891179623
0.4387876829793404
0.43711387684071856
0.44631790555703676
0.4604137416637422
0.47450957777044767
0.4886054138771531
0.4836098067832716
0.46652295232901836
0.4494360978747651
0.43234924342051184
0.42437570774399475
0.4243328464236757
0.4242899851033566
0.42424712378303747
0.4265408854991575
0.4316093870710489
0.4366778886429403
0.44174639021483175
0.4450808749101906
0.4455812675062704
0.44608166010235023
0.44658205269843004
0.44746383288049946
0.44922692761938265
0.45099002235826585
0.45275311709714905
0.4544730922753688
0.45604410897129677
0.4576151256672248
0.45918614236315275
0.46058292560624464
0.4609681868592607
0.4613534481122768
0.4617387093652929
0.46166254087842556
0.45539778529194475
0.4491330297054639
0.44286827411898316
0.43660351853250234
0.4292933136266963
0.4219745041997437
0.414655694772791
0.40733688534583834
0.4017555097518322
0.3963370185796648
0.39091852740749744
0.3855000362353301
0.3947040556874769
0.406761247944368
0.4188184402012591
0.4308756324581502
0.4224716810112681
0.4075773667766302
0.3926830525419921
0.37778873830735415
0.3811459086017585
0.3930277243648173
0.4049095401278762
0.416791355890935
0.41205092169342816
0.39641617502176685
0.3807814283501053
0.365146681678444
0.361243063849019
0.36788836807927955
0.37453367230954027
0.3811789765398008
0.3834754348408347
0.38043467313781737
0.37739391143480006
0.37435314973178274
0.3701750260092772
0.36407213579225306
0.357969245575229
0.3518663553582049
0.3486981292061387
0.3525812486545963
0.3564643681030538
0.36034748755151136
0.36374376491643345
0.36537638794100064
0.36700901096556776
0.36864163399013494
0.36979773544986067
0.3679966001395409
0.36619546482922116
0.3643943295189014
0.36327598830252766
0.3726271565266615
0.3819783247507952
0.39132949297492897
0.40068066119906265
0.39601314452118175
0.39111295257521744
0.3862127606292532
0.3813125686832889
0.3885002000998746
0.3969401735765444
0.40538014705321407
0.4138201205298838
0.4261348955037076
0.4392513535459082
0.4523678115881086
0.46548426963030926
0.4633068750127434
0.4560592357634071
0.44881159651407093
0.44156395726473463
0.4397603743173404
0.4405963338193726
0.44143229332140477
0.442268252823437
0.4336128133649432
0.41852142529622927
0.4034300372275154
0.38833864915880173
0.3841587511055223
0.39011708786973337
0.39607542463394424
0.4020337613981551
0.4085878745494143
0.41589774108054056
0.4232076076116666
0.4305174741427926
0.4287299717579582
0.4109965193631244
0.39326306696829116
0.3755296145734579
0.36581384939735784
0.3761423022680923
0.38647075513882645
0.3967992080095606
0.405590362087635
0.4085337521308856
0.41147714217413617
0.41442053221738673
0.41648480347129974
0.4126974402836848
0.40891007709606997
0.40512271390845506
0.40175595890939875
0.4058954423523109
0.41003492579522305
0.4141744092381352
0.41831389268104746
0.4309667227383023
0.44383327697834385
0.45669983121838537
0.4695663854584273
0.46210955782745994
0.4523432549838781
0.4425769521402963
0.43281064929671414
0.4400570275158183
0.451027574723769
0.4619981219317197
0.4729686691396707
0.4787316565802697
0.482692027178324
0.4866523977763783
0.4906127683744326
0.4886779834194195
0.4837775373886302
0.47887709135784085
0.4739766453270516
0.4659391158030051
0.4557012707732714
0.4454634257435373
0.4352255807138036
0.435419588395221
0.4456281746793438
0.45583676096346687
0.46604534724758967
0.4719779267390028
0.47230328977582486
0.47262865281264693
0.472954015849469
0.47026221080873226
0.4620909510984054
0.45391969138807886
0.4457484316777523
0.4384971261082084
0.4336404070521724
0.4287836879961365
0.4239269689401006
0.4222148098062299
0.43308089036102104
0.44394697091581187
0.4548130514706027
0.4643163337101854
0.46405289469077493
0.4637894556713644
0.463526016651954
0.4629595731404401
0.45594739770599785
0.44893522227155574
0.44192304683711364
0.43491087140267154
0.4418540422897651
0.44926827971935784
0.45668251714895053
0.4640967545785435
0.4674236183865025
0.470244247846828
0.4730648773071535
0.4758855067674791
0.475855231914776
0.47516595405504125
0.47447667619530653
0.4737873983355717
0.47497181169462077
0.47683283577156393
0.47869385984850704
0.48055488392545026
0.4791753034491648
0.4761049727711949
0.473034642093225
0.46996431141525496
0.4671521057112294
0.4645271315023888
0.4619021572935481
0.4592771830847075
0.45876704952606184
0.46035456279118686
0.4619420760563119
0.46352958932143684
0.46460015774638963
0.46496986826303194
0.4653395787796743
0.4657092892963166
0.46378706235197986
0.4575506001869764
0.45131413802197284
0.4450776758569694
0.4437676559220965
0.45581874445985093
0.4678698329976057
0.47992092153536015
0.4896429966375541
0.4895534832239825
0.48946396981041085
0.48937445639683924
0.4892849429832676
0.48919542956969597
0.4891059161561243
0.48901640274255265
0.488926889328981
0.4888373759154094
0.48874786250183777
0.4886583490882661
0.4885688356746945
0.48847932226112284
0.4883898088475512
0.4883002954339795
0.4882107820204079
0.48812126860683624
0.48803175519326464
0.487942241779693
0.48785272836612137
0.4877632149525497
0.48767370153897804
0.48758418812540644
0.4874946747118348
0.4874051612982631
0.4873156478846915
0.48722613447111984
0.48713662105754824
0.4870471076439766
0.48695759423040497
0.4868680808168333
0.48677856740326164
0.48668905398969003
0.4865995405761184
0.48651002716254677
0.4864205137489751
0.4863310003354035
0.48624148692183183
0.48615197350826017
0.4860624600946885
0.4859729466811169
0.48588343326754524
0.48579391985397363
0.48570440644040197
0.48561489302683036
0.4855253796132587
0.48543586619968704
0.48534635278611543
0.48525683937254377
0.48516732595897216
0.4850778125454005
0.4849882991318289
0.48489878571825723
0.48480927230468557
0.48471975889111396
0.4846302454775423
0.48454073206397064
0.48445121865039903
0.48436170523682737
0.48427219182325576
0.4841826784096841
0.4840931649961125
0.48400365158254083
0.48391413816896917
0.4838246247553975
0.4837351113418259
0.48364559792825423
0.4835560845146826
0.483466571101111
0.48337705768753936
0.4832875442739677
0.48319803086039603
0.4831085174468244
0.48301900403325276
0.48292949061968116
0.4828399772061095
0.4827504637925379
0.4826609503789662
0.48257143696539456
0.48248192355182296
0.4823924101382513
0.48230289672467963
0.482213383311108
0.48212386989753636
0.48203435648396475
0.48194484307039315
0.4818553296568215
0.4817658162432499
0.4816763028296782
0.48158678941610655
0.48149727600253495
0.4814077625889633
0.4813182491753916
0.48122873576182
0.48113922234824835
0.48104970893467675
0.4809601955211051
0.4808706821075335
0.4807811686939618
0.48069165528039015
0.48060214186681854
0.4805126284532469
0.4804231150396752
0.4803336016261036
0.48024408821253195
0.48015457479896034
0.4800650613853887
0.4799755479718171
0.4798860345582454
0.47979652114467375
0.47970700773110214
0.4796174943175305
0.4795279809039589
0.4794384674903872
0.4793489540768156
0.47925944066324394
0.4791699272496723
0.4790804138361006
0.478990900422529
0.47890138700895735
0.47881187359538574
0.4787223601818141
0.47863284676824247
0.4785433333546708
0.47845381994109915
0.47836430652752754
0.4782747931139559
0.47818527970038427
0.4780957662868126
0.478006252873241
0.47791673945966934
0.4778272260460977
0.47773771263252607
0.4776481992189544
0.47755868580538274
0.47746917239181114
0.4773796589782395
0.47729014556466787
0.4772006321510962
0.4771111187375246
0.47702160532395294
0.4769320919103813
0.4768425784968096
0.476753065083238
0.4766635516696664
0.47657403825609473
0.4764845248425231
0.47639501142895146
0.4763054980153798
0.47621598460180814
0.47612647118823653
0.47603695777466487
0.47594744436109326
0.4758579309475216
0.47576841753395
0.47567890412037833
0.47558939070680667
0.47549987729323506
0.4754103638796634
0.47532085046609174
0.47523133705252013
0.4751418236389485
0.47505231022537686
0.4749627968118052
0.4748732833982336
0.47478376998466193
0.47469425657109027
0.47460474315751866
0.474515229743947
0.4744257163303754
0.47433620291680373
0.4692350503090605
0.46378373950434465
0.4583324286996288
0.45288111789491303
0.44572356392682183
0.43828163609816806
0.4308397082695143
0.42339778044086007
0.4376146634135366
0.45795497980648386
0.4782952961994311
0.4986356125923784
0.49559203678907593
0.4826239020885274
0.4696557673879789
0.45668763268742957
0.4434040926650939
0.4299308971551476
0.4164577016452013
0.402984506135255
0.4011224407970673
0.40887855045190424
0.4166346601067412
0.4243907697615786
0.42960653571679164
0.4319506087941691
0.4342946818715465
0.43663875494892396
0.44177400281740997
0.45124138655959606
0.4607087703017827
0.47017615404396884
0.47572126851613206
0.4727087045809729
0.4696961406458138
0.46668357671065464
0.4652028233657931
0.46866083864827135
0.4721188539307498
0.47557686921322806
0.4802786517446231
0.49155007666773226
0.5028215015908414
0.5140929265139506
0.5235786542688384
0.512975288881228
0.5023719234936181
0.4917685581060083
0.4811682242334038
0.4713075800220999
0.461446935810796
0.45158629159949204
0.44172564738818815
0.4146264244083439
0.3861602656671187
0.35769410692589354
0.3292279481846684
0.3570663963599401
0.39492056788093527
0.4327747394019304
0.4706289109229256
0.47897628978088574
0.4785809152572042
0.4781855407335226
0.477790166209841
0.4807395790011482
0.4851646332549505
0.4895896875087528
0.49401474176255533
0.494082913602324
0.49143885400554205
0.48879479440876017
0.48615073481197824
0.4866680720910455
0.4898917566956505
0.4931154413002555
0.4963391259048607
0.49984309614671146
0.5036744796993272
0.507505863251943
0.5113372468045588
0.516616761651009
0.5242225299588316
0.5318282982666541
0.539434066574477
0.533022130220405
0.49483672996604006
0.45665132971167505
0.4184659294573101
0.3921558565955125
0.4059250136836349
0.4196941707717582
0.4334633278598806
0.44742738365187423
0.4624870862115761
0.477546788771278
0.49260649133097983
0.5059696530066139
0.49793754908871846
0.4899054451708239
0.4818733412529284
0.47384123733503386
0.4691882645189747
0.46454914060087416
0.4599100166827741
0.45527089276467353
0.457373473036614
0.4600753159032249
0.46277715876983555
0.46547900163644645
0.4723162446592401
0.479936403245582
0.4875565618319248
0.4951767204182667
0.49315548310002255
0.48814386630335066
0.48313224950667816
0.4781206327100062
0.4675694326094382
0.45447925682791745
0.44138908104639824
0.4282989052648775
0.4357833268940028
0.45652386497562636
0.47726440305724754
0.4980049411388711
0.5038598325943461
0.4965466520343836
0.4892334714744202
0.4819202909144577
0.4795359305112028
0.4831016773241544
0.48666742413710634
0.49023317095005836
0.49077492284639157
0.4862876397183482
0.4818003565903054
0.47731307346226204
0.472869763494447
0.4685300615205926
0.46419035954673876
0.4598506575728844
0.46051963902657483
0.4789045192702798
0.497289399513987
0.5156742797576921
0.528656121863332
0.5092197351405711
0.4897833484178078
0.4703469616950446
0.4528192143258814
0.4626088677050967
0.4723985210843108
0.4821881744635261
0.4919778278427402
0.49144856177103946
0.49079137521027727
0.49013418864951513
0.48947700208875294
0.5032695705353661
0.5184876753504212
0.5337057801654744
0.5489238849805296
0.552402198908214
0.5535210450595154
0.5546398912108169
0.5557587373621182
0.5416999191479465
0.522718615193623
0.5037373112392972
0.48475600728497376
0.4889035004488115
0.5040580717592472
0.5192126430696813
0.534367214380117
0.5323298709531871
0.5188312510346795
0.5053326311161737
0.4918340111976662
0.4872664952736243
0.4908625665945227
0.49445863791542144
0.4980547092363198
0.5022896755143794
0.5073217951334832
0.5123539147525875
0.5173860343716912
0.5115231154569655
0.48689651906730747
0.4622699226776523
0.43764332628799435
0.42302276217346185
0.4329240236345864
0.4428252850957098
0.4527265465568343
0.46073271771164426
0.4617051883064803
0.46267765890131635
0.46365012949615236
0.4610102385569947
0.4351636613994567
0.4093170842419157
0.3834705070843747
0.3598830458696504
0.3735709977113657
0.38725894955307943
0.4009469013947947
0.4146348532365084
0.41446090368074023
0.41399816451252386
0.41353542534430743
0.41307268617609094
0.43248107053935575
0.4540474049693896
0.4756137393994209
0.4971800738294547
0.507774135500815
0.5160325153473103
0.5242908951938057
0.5325492750403001
0.5365253383512888
0.5390505621803021
0.5415757860093158
0.5441010098383292
0.5361433569055616
0.5230081855721572
0.5098730142387544
0.49673784290535017
0.4953348006482252
0.5020228818919823
0.5087109631357387
0.5153990443794958
0.5086446831216286
0.48919468172333536
0.46974468032504213
0.4502946789267511
0.4993899277258013
0.6368893309849619
0.7743887342441385
0.9118881375032991
1.0
1.0
1.0
1.0
1.0
1.0
1.0
1.0
1.0
1.0
1.0
1.0
1.0
1.0
1.0
1.0
1.0
1.0
1.0
1.0
1.0
1.0
1.0
1.0
1.0
1.0
1.0
1.0
1.0
1.0
1.0
1.0
1.0
1.0
1.0
1.0
1.0
1.0
1.0
1.0
1.0
1.0
1.0
1.0
1.0
1.0
1.0
1.0
1.0
1.0
1.0
1.0
1.0
1.0
1.0
1.0
1.0
1.0
1.0
1.0
1.0
1.0
1.0
1.0
1.0
1.0
1.0
1.0
1.0
1.0
1.0
1.0
1.0
1.0
1.0
1.0
1.0
1.0
1.0
1.0
1.0
1.0
1.0
1.0
1.0
1.0
1.0
1.0
1.0
1.0
1.0
1.0
1.0
1.0
1.0
1.0
1.0
1.0
1.0
1.0
1.0
1.0
1.0
1.0
1.0
1.0
1.0
1.0
1.0
1.0
1.0
1.0
1.0
1.0
1.0
1.0
1.0
1.0
1.0
1.0
1.0
1.0
1.0
1.0
1.0
1.0
1.0
1.0
1.0
1.0
1.0
1.0
1.0
1.0
1.0
1.0
1.0
1.0
1.0
1.0
1.0
1.0
1.0
1.0
1.0
1.0
1.0
1.0
1.0
1.0
1.0
1.0
1.0
1.0
1.0
1.0
1.0
1.0
1.0
1.0
1.0
1.0
1.0
1.0
1.0
1.0
1.0
1.0
1.0
1.0
1.0
1.0
1.0
1.0
1.0
1.0
1.0
1.0
1.0
1.0
1.0
1.0
1.0
1.0
1.0
1.0
1.0
1.0
1.0
1.0
1.0
1.0
1.0
1.0
1.0
1.0
1.0
1.0
1.0
1.0
1.0
1.0
1.0
1.0
1.0
1.0
1.0
1.0
1.0
1.0
1.0
1.0
1.0
1.0
1.0
1.0
1.0
1.0
1.0
1.0
1.0
1.0
1.0
1.0
1.0
1.0
1.0
1.0
1.0
1.0
1.0
1.0
1.0
1.0
1.0
1.0
1.0
1.0
1.0
1.0
1.0
1.0
1.0
1.0
1.0
1.0
1.0
1.0
1.0
1.0
1.0
1.0
1.0
1.0
1.0
1.0
1.0
1.0
1.0
1.0
1.0
1.0
1.0
1.0
1.0
1.0
1.0
1.0
1.0
1.0
1.0
1.0
1.0
1.0
1.0
1.0
1.0
1.0
1.0
1.0
1.0
1.0
1.0
1.0
1.0
1.0
1.0
1.0
1.0
1.0
1.0
1.0
1.0
1.0
1.0
1.0
1.0
1.0
1.0
1.0
1.0
1.0
1.0
1.0
1.0
1.0
1.0
1.0
1.0
1.0
1.0
1.0
1.0
1.0
1.0
1.0
1.0
1.0
1.0
1.0
1.0
1.0
1.0
1.0
1.0
1.0
1.0
1.0
1.0
1.0
1.0
1.0
1.0
1.0
1.0