0.45148725212464685
0.45582407125791186
0.4601608903911769
0.4644977095244419
0.4688345286577069
0.4731713477909719
0.477508166924237
0.481844986057502
0.486181805190767
0.490518624324032
0.49485544345729704
0.49919226259056204
0.503529081723827
0.5070562436649786
0.5098132438868026
0.5125702441086267
0.5153272443304509
0.5180842445522749
0.520841244774099
0.523598244995923
0.5263552452177471
0.5291122454395711
0.5318692456613953
0.5346262458832193
0.5373832461050434
0.5401031044866472
0.5413744310996628
0.5426457577126783
0.5439170843256937
0.5451884109387093
0.5464597375517248
0.5477310641647403
0.5490023907777558
0.5502737173907714
0.5515450440037868
0.5528163706168023
0.5540876972298179
0.5553590238428333
0.5547805089800582
0.5526102700567188
0.5504400311333795
0.5482697922100401
0.5460995532867008
0.5439293143633614
0.5417590754400221
0.5395888365166828
0.5374185975933434
0.5352483586700041
0.5330781197466647
0.5309078808233254
0.5289851077894548
0.5317641866554904
0.534543265521526
0.5373223443875614
0.540101423253597
0.5428805021196326
0.5456595809856681
0.5484386598517036
0.5512177387177392
0.5539968175837747
0.5567758964498103
0.5595549753158457
0.5623340541818813
0.5613949160785718
0.5575638314435496
0.5537327468085272
0.549901662173505
0.5460705775384828
0.5422394929034604
0.5384084082684382
0.5345773236334159
0.5307462389983937
0.5269151543633713
0.5230840697283491
0.5192529850933268
0.5158987885314741
0.5184262115387126
0.520953634545951
0.5234810575531895
0.526008480560428
0.5285359035676666
0.5310633265749051
0.5335907495821436
0.536118172589382
0.5386455955966205
0.541173018603859
0.5437004416110975
0.546227864618336
0.5453335708007481
0.5420367949572183
0.5387400191136885
0.5354432432701588
0.532146467426629
0.5288496915830992
0.5255529157395694
0.5222561398960397
0.5189593640525099
0.5156625882089801
0.5123658123654503
0.5090690365219206
0.5066512136656689
0.5121439676949197
0.5176367217241704
0.5231294757534211
0.5286222297826718
0.5341149838119226
0.5396077378411733
0.5451004918704241
0.5505932458996748
0.5560859999289256
0.5615787539581764
0.567071507987427
0.5725642620166778
0.5729869643580295
0.5702020829784658
0.567417201598902
0.5646323202193382
0.5618474388397743
0.5590625574602105
0.5562776760806467
0.5534927947010829
0.550707913321519
0.5479230319419552
0.5451381505623915
0.5423532691828277
0.5399936005747417
0.540610421367001
0.5412272421592602
0.5418440629515194
0.5424608837437788
0.543077704536038
0.5436945253282972
0.5443113461205565
0.5449281669128158
0.545544987705075
0.5461618084973343
0.5467786292895935
0.5473954500818528
0.5398037546475039
0.5275444715548876
0.5152851884622712
0.5030259053696549
0.4907666222770385
0.4785073391844221
0.46624805609180575
0.4539887729991894
0.441729489906573
0.42947020681395665
0.4172109237213403
0.40495164062872396
0.39460026671260207
0.39506037812994965
0.3955204895472972
0.3959806009646447
0.3964407123819923
0.39690082379933983
0.3973609352166874
0.39782104663403495
0.3982811580513825
0.39874126946873006
0.3992013808860776
0.3996614923034252
0.4001216037207727
0.4005817151381203
0.40104182655546783
0.4015019379728154
0.40196204939016295
0.40242216080751053
0.40288227222485806
0.40334238364220565
0.4038024950595532
0.40426260647690077
0.4047227178942483
0.4051828293115959
0.4056429407289434
0.406103052146291
0.40656316356363853
0.4070232749809861
0.40748338639833365
0.4079434978156812
0.40840360923302876
0.4088637206503763
0.4093238320677239
0.4097839434850714
0.410244054902419
0.41070416631976653
0.41116427773711406
0.41162438915446165
0.4120845005718092
0.41254461198915676
0.4130047234065043
0.4134648348238519
0.4139249462411994
0.414385057658547
0.4148451690758945
0.4153052804932421
0.41576539191058964
0.41622550332793723
0.41668561474528476
0.41714572616263235
0.4176058375799799
0.41806594899732746
0.418526060414675
0.4189861718320226
0.4194462832493701
0.4199063946667177
0.42036650608406523
0.42082661750141276
0.42128672891876034
0.4217468403361079
0.42220695175345546
0.422667063170803
0.4231271745881505
0.4235872860054981
0.42404739742284564
0.4245075088401932
0.42496762025754076
0.42542773167488834
0.4258878430922359
0.42634795450958346
0.426808065926931
0.4272681773442786
0.4277282887616261
0.4281884001789737
0.4286485115963212
0.4291086230136688
0.42956873443101634
0.4300288458483639
0.43048895726571146
0.43094906868305904
0.4314091801004066
0.4318692915177541
0.4323294029351017
0.4327895143524492
0.4332496257697968
0.43370973718714434
0.4341698486044919
0.43462996002183946
0.435090071439187
0.4355501828565346
0.4360102942738821
0.4364704056912297
0.4369305171085772
0.43739062852592475
0.43785073994327234
0.43831085136061987
0.43877096277796745
0.439231074195315
0.43969118561266257
0.4401512970300101
0.44061140844735763
0.4410715198647052
0.44153163128205275
0.44199174269940034
0.44245185411674787
0.44291196553409545
0.443372076951443
0.44383218836879057
0.4442922997861381
0.4447524112034857
0.4452125226208332
0.4456726340381808
0.44613274545552833
0.4465928568728759
0.44705296829022345
0.44751307970757104
0.44797319112491857
0.4484333025422661
0.4488934139596137
0.4493535253769612
0.4498136367943088
0.45027374821165633
0.4507338596290039
0.45119397104635145
0.451654082463699
0.45211419388104657
0.4525743052983941
0.4530344167157417
0.4534945281330892
0.4539546395504368
0.45441475096778433
0.4548748623851319
0.45533497380247945
0.45579508521982703
0.45625519663717456
0.45671530805452215
0.4571754194718697
0.45763553088921727
0.4580956423065648
0.4585557537239124
0.4590158651412599
0.4594759765586075
0.45993608797595503
0.46039619939330256
0.46085631081065015
0.4613164222279977
0.46177653364534527
0.4622366450626928
0.4626967564800403
0.4631568678973879
0.46361697931473544
0.46407709073208303
0.46453720214943056
0.46499731356677815
0.4654574249841257
0.46591753640147326
0.4663776478188208
0.4668377592361684
0.4672978706535159
0.4677579820708635
0.46821809348821103
0.4686782049055586
0.46913831632290615
0.46959842774025373
0.47005853915760126
0.47051865057494885
0.4709787619922964
0.4714388734096439
0.4718989848269915
0.472359096244339
0.4728192076616866
0.47327931907903414
0.47373943049638173
0.47419954191372926
0.47465965333107685
0.4751197647484244
0.47557987616577196
0.4760399875831195
0.4765000990004671
0.4769602104178146
0.4774203218351622
0.47788043325250973
0.4783405446698573
0.47880065608720485
0.47926076750455243
0.47972087892189996
0.48018099033924755
0.4806411017565951
0.48110121317394267
0.4815613245912902
0.4820214360086377
0.4824815474259853
0.48294165884333284
0.48340177026068043
0.48386188167802796
0.4843219930953755
0.4847821045127231
0.4852422159300706
0.4857023273474182
0.4861624387647657
0.4866225501821133
0.48708266159946084
0.4875427730168084
0.48800288443415596
0.4884629958515035
0.4889231072688511
0.4893832186861986
0.4898433301035462
0.4903034415208937
0.49076355293824125
0.49122366435558884
0.49168377577293637
0.49214388719028396
0.4926039986076315
0.4930641100249791
0.4935242214423266
0.4939843328596742
0.4944444442770217
0.4949045556943693
0.49536466711171684
0.4958247785290644
0.49628488994641196
0.49674500136375954
0.4972051127811071
0.49766522419845466
0.5015619637454463
0.5111864168418446
0.520810869938243
0.5304353230346415
0.5400597761310398
0.5496842292274382
0.5593086823238367
0.568933135420235
0.5785575885166334
0.5881820416130318
0.5978064947094301
0.6074309478058286
0.617055400902227
0.6157412363420379
0.6130404864450982
0.6103397365481585
0.6076389866512188
0.6049382367542792
0.6022374868573395
0.5995367369603998
0.5968359870634601
0.5941352371665204
0.5914344872695807
0.588733737372641
0.5860329874757013
0.5837436042740701
0.5820712711154017
0.5803989379567333
0.5787266047980648
0.5770542716393964
0.575381938480728
0.5737096053220596
0.5720372721633912
0.5703649390047227
0.5686926058460543
0.5670202726873859
0.5653479395287175
0.5636756063700491
0.559255568026897
0.5545720511044111
0.5498885341819251
0.545205017259439
0.5405215003369531
0.5358379834144671
0.5311544664919812
0.5264709495694951
0.5217874326470092
0.5171039157245232
0.5124203988020372
0.5077368818795512
0.5060928571469028
0.5085610865534458
0.5110293159599888
0.5134975453665319
0.5159657747730749
0.5184340041796179
0.520902233586161
0.5233704629927041
0.5258386923992471
0.5283069218057901
0.5307751512123331
0.5332433806188762
0.5357116100254192
0.5361759975229045
0.5365067955597858
0.5368375935966672
0.5371683916335486
0.53749918967043
0.5378299877073113
0.5381607857441927
0.5384915837810741
0.5388223818179555
0.5391531798548368
0.5394839778917182
0.5398147759285996
0.5405912946892387
0.5419125832233597
0.5432338717574805
0.5445551602916013
0.5458764488257222
0.5471977373598431
0.548519025893964
0.5498403144280848
0.5511616029622056
0.5524828914963266
0.5538041800304474
0.5551254685645682
0.5564467570986891
0.5566262774392874
0.5567613133048135
0.5568963491703395
0.5570313850358655
0.5571664209013916
0.5573014567669176
0.5574364926324435
0.5575715284979696
0.5577065643634956
0.5578416002290216
0.5579766360945477
0.5581116719600737
0.5621617885186977
0.5705390995275875
0.5789164105364775
0.5872937215453673
0.5956710325542572
0.6040483435631472
0.612425654572037
0.6208029655809268
0.6291802765898168
0.6375575875987067
0.6459348986075966
0.6543122096164865
0.6626895206253763
0.6567060057526163
0.6505407082737594
0.6443754107949026
0.6382101133160457
0.6320448158371889
0.625879518358332
0.6197142208794751
0.6135489234006183
0.6073836259217614
0.6012183284429046
0.5950530309640477
0.5888877334851909
0.586193167768657
0.5869693338144464
0.5877454998602356
0.588521665906025
0.5892978319518142
0.5900739979976035
0.5908501640433929
0.5916263300891821
0.5924024961349714
0.5931786621807607
0.59395482822655
0.5947309942723392
0.5955679829470837
0.6012099593092831
0.6068519356714825
0.612493912033682
0.6181358883958814
0.623777864758081
0.6294198411202804
0.6350618174824798
0.6407037938446792
0.6463457702068787
0.6519877465690781
0.6576297229312775
0.6632716992934771
0.6640932817842752
0.6605535555342814
0.6570138292842876
0.6534741030342939
0.6499343767843002
0.6463946505343064
0.6428549242843127
0.6393151980343189
0.6357754717843253
0.6322357455343315
0.6286960192843377
0.625156293034344
0.6216814795488543
0.6198727603523051
0.6180640411557558
0.6162553219592065
0.6144466027626572
0.6126378835661079
0.6108291643695586
0.6090204451730094
0.60721172597646
0.6054030067799107
0.6035942875833614
0.6017855683868121
0.5999768491902628
0.6050590256088743
0.6157792075307994
0.6264993894527245
0.6372195713746498
0.6479397532965749
0.6586599352185001
0.6693801171404252
0.6801002990623504
0.6908204809842756
0.7015406629062008
0.7122608448281259
0.722981026750051
0.7326300580215509
0.7262118295366651
0.7197936010517791
0.7133753725668933
0.7069571440820075
0.7005389155971216
0.6941206871122357
0.6877024586273498
0.681284230142464
0.674866001657578
0.6684477731726922
0.6620295446878063
0.6556113162029205
0.6497829445343075
0.644390553990766
0.6389981634472244
0.6336057729036829
0.6282133823601413
0.6228209918165998
0.6174286012730582
0.6120362107295167
0.6066438201859752
0.6012514296424336
0.595859039098892
0.5904666485553506
0.5852741466119472
0.5821661972128431
0.5790582478137389
0.5759502984146349
0.5728423490155308
0.5697343996164267
0.5666264502173226
0.5635185008182184
0.5604105514191143
0.5573026020200103
0.5541946526209062
0.5510867032218021
0.5479787538226979
0.5498877111352201
0.5551412729221603
0.5603948347091005
0.5656483964960407
0.5709019582829808
0.576155520069921
0.5814090818568612
0.5866626436438014
0.5919162054307416
0.5971697672176818
0.6024233290046219
0.6076768907915622
0.6125069279193043
0.6139958260689267
0.6154847242185489
0.6169736223681713
0.6184625205177937
0.6199514186674161
0.6214403168170385
0.6229292149666609
0.6244181131162833
0.6259070112659056
0.627395909415528
0.6288848075651504
0.6303737057147727
0.6300876177666482
0.6287365381598755
0.6273854585531027
0.62603437894633
0.6246832993395572
0.6233322197327844
0.6219811401260117
0.6206300605192389
0.6192789809124661
0.6179279013056933
0.6165768216989206
0.6152257420921478
0.6138252174079232
0.6121145372378641
0.6104038570678051
0.608693176897746
0.6069824967276868
0.6052718165576277
0.6035611363875687
0.6018504562175097
0.6001397760474506
0.5984290958773915
0.5967184157073324
0.5950077355372734
0.5932970553672143
0.5885829803798565
0.5822516927985687
0.5759204052172808
0.5695891176359931
0.5632578300547053
0.5569265424734176
0.5505952548921297
0.5442639673108419
0.5379326797295542
0.5316013921482663
0.5252701045669785
0.5189388169856908
0.5140119028890204
0.5163229136746075
0.5186339244601946
0.5209449352457817
0.5232559460313688
0.5255669568169559
0.5278779676025429
0.5301889783881301
0.5324999891737171
0.5348109999593043
0.5371220107448913
0.5394330215304785
0.5417440323160655
0.5420876792698819
0.5414840769713644
0.5408804746728468
0.5402768723743293
0.5396732700758118
0.5390696677772943
0.5384660654787767
0.5378624631802592
0.5372588608817417
0.5366552585832242
0.5360516562847066
0.5354480539861892
0.5358190101538806
0.540413053008477
0.5450070958630733
0.5496011387176697
0.554195181572266
0.5587892244268623
0.5633832672814587
0.567977310136055
0.5725713529906514
0.5771653958452477
0.581759438699844
0.5863534815544404
0.5909475244090368
0.5897481564930179
0.5860658982467356
0.5823836400004534
0.5787013817541711
0.5750191235078888
0.5713368652616065
0.5676546070153242
0.5639723487690419
0.5602900905227597
0.5566078322764774
0.552925574030195
0.5492433157839128
0.5458227752652949
0.5433721298550802
0.5409214844448654
0.5384708390346508
0.5360201936244361
0.5335695482142213
0.5311189028040066
0.528668257393792
0.5262176119835772
0.5237669665733625
0.5213163211631479
0.5188656757529331
0.5164150303427184
0.5178522353564528
0.5207641422551331
0.5236760491538136
0.526587956052494
0.5294998629511745
0.5324117698498548
0.5353236767485353
0.5382355836472157
0.5411474905458962
0.5440593974445765
0.546971304343257
0.5498832112419374
0.5534734498414234
0.5592414902171803
0.565009530592937
0.5707775709686937
0.5765456113444505
0.5823136517202072
0.5880816920959641
0.5938497324717208
0.5996177728474775
0.6053858132232343
0.6111538535989911
0.6169218939747478
0.6226899343505046
0.6187589688118064
0.6115950013016231
0.60443103379144
0.5972670662812568
0.5901030987710736
0.5829391312608905
0.5757751637507073
0.568611196240524
0.5614472287303409
0.5542832612201577
0.5471192937099745
0.5399553261997913
0.5373454683621409
0.5475304900806545
0.5577155117991679
0.5679005335176814
0.578085555236195
0.5882705769547085
0.5984555986732221
0.6086406203917355
0.618825642110249
0.6290106638287626
0.6391956855472761
0.6493807072657896
0.6595657289843031
0.656469182061267
0.6495166958552002
0.6425642096491334
0.6356117234430666
0.6286592372369997
0.6217067510309329
0.6147542648248661
0.6078017786187992
0.6008492924127324
0.5938968062066656
0.5869443200005988
0.579991833794532
0.5754776432784929
0.5770061855594794
0.5785347278404659
0.5800632701214524
0.5815918124024388
0.5831203546834254
0.5846488969644118
0.5861774392453983
0.5877059815263849
0.5892345238073713
0.5907630660883578
0.5922916083693444
0.5938201506503308
0.5875371765081626
0.5793013232602063
0.5710654700122502
0.562829616764294
0.5545937635163377
0.5463579102683815
0.5381220570204254
0.5298862037724691
0.5216503505245129
0.5134144972765567
0.5051786440286005
0.4969427907806443
0.49371067731010865
0.5014867913498949
0.5092629053896812
0.5170390194294675
0.5248151334692538
0.5325912475090401
0.5403673615488264
0.5481434755886126
0.5559195896283989
0.5636957036681852
0.5714718177079715
0.5792479317477578
0.5870240457875441
0.5882388185581825
0.5880617916656691
0.5878847647731555
0.587707737880642
0.5875307109881285
0.587353684095615
0.5871766572031014
0.5869996303105879
0.5868226034180744
0.5866455765255609
0.5864685496330474
0.5862915227405339
0.5859258474182919
0.5851898622154721
0.5844538770126523
0.5837178918098325
0.5829819066070127
0.5822459214041928
0.581509936201373
0.5807739509985532
0.5800379657957334
0.5793019805929136
0.5785659953900938
0.577830010187274
0.5770940249844541
0.5793303767317612
0.5820912585290906
0.58485214032642
0.5876130221237492
0.5903739039210786
0.5931347857184079
0.5958956675157373
0.5986565493130667
0.6014174311103959
0.6041783129077253
0.6069391947050546
0.609700076502384
0.606964245885556
0.5945617830921085
0.582159320298661
0.5697568575052137
0.5573543947117662
0.5449519319183187
0.5325494691248713
0.5201470063314239
0.5077445435379764
0.49534208074452896
0.4829396179510815
0.47053715515763406
0.4581346923641866
0.4609830951648246
0.46601019305033115
0.4710372909358376
0.47606438882134416
0.48109148670685065
0.48611858459235713
0.49114568247786367
0.49617278036337015
0.5011998782488767
0.5062269761343832
0.5112540740198896
0.5162811719053961
0.5193927541987031
0.5194765860398243
0.5195604178809454
0.5196442497220665
0.5197280815631876
0.5198119134043088
0.5198957452454299
0.519979577086551
0.5200634089276721
0.5201472407687933
0.5202310726099144
0.5203149044510355
0.5203987362921566
0.5226939202053188
0.5252348099042633
0.5277756996032077
0.5303165893021521
0.5328574790010966
0.535398368700041
0.5379392583989855
0.5404801480979299
0.5430210377968743
0.5455619274958188
0.5481028171947632
0.5506437068937077
0.5527666394372165
0.5542942996684386
0.5558219598996605
0.5573496201308825
0.5588772803621045
0.5604049405933265
0.5619326008245484
0.5634602610557704
0.5649879212869924
0.5665155815182144
0.5680432417494363
0.5695709019806583
0.5710985622118803
0.5732341671768655
0.5754190649581017
0.5776039627393379
0.5797888605205742
0.5819737583018104
0.5841586560830466
0.5863435538642828
0.588528451645519
0.5907133494267554
0.5928982472079916
0.5950831449892278
0.597268042770464
0.596589328026298
0.5922288257494724
0.5878683234726468
0.5835078211958213
0.5791473189189957
0.5747868166421701
0.5704263143653446
0.566065812088519
0.5617053098116934
0.5573448075348678
0.5529843052580423
0.5486238029812167
0.5442633007043911
0.5479251601260587
0.5520092491108047
0.5560933380955507
0.5601774270802967
0.5642615160650427
0.5683456050497887
0.5724296940345347
0.5765137830192807
0.5805978720040267
0.5846819609887727
0.5887660499735187
0.5928501389582647
0.5946231018786283
0.5937101615349801
0.5927972211913319
0.5918842808476839
0.5909713405040357
0.5900584001603876
0.5891454598167394
0.5882325194730913
0.5873195791294431
0.586406638785795
0.5854936984421468
0.5845807580984987
0.5836678177548505
0.5719613943638957
0.5599782149973689
0.5479950356308421
0.5360118562643154
0.5240286768977885
0.5120454975312618
0.500062318164735
0.48807913879820825
0.4760959594316815
0.4641127800651547
0.45212960069862795
0.4401464213321012
0.4336079845405592
0.4327935078919498
0.43197903124334047
0.43116455459473113
0.43035007794612173
0.4295356012975124
0.42872112464890305
0.4279066480002937
0.4270921713516843
0.42627769470307497
0.42546321805446563
0.42464874140585623
0.4238342647572469