0.44980041372949875
0.16955587797735905
0.7891983222614674
0.2630885542908944
0.9490349976242677
0.9238870046739721
0.4927839244108837
0.12579886030257925
0.6120332856595957
0.6223946059248922
0.7343912178668742
0.36420107061108387
0.702413889874271
0.12014898440152355
0.3217195353453146
0.7150246315993803
0.3903804947845242
0.9666642170461833
0.6228654097900564
0.9692403844544508
0.3247967081369998
0.5688931774973007
0.9929997167941831
0.8079529420930566
0.15067465573486571
0.7273919707510168
0.8222410012171711
0.7457534502005497
0.534220337281944
0.6769312198013345
0.2709107435111838
0.0027185775622076136
0.7544463473405373
0.24926379832941836
0.3781777752507297
0.36537776082651285
0.8722866301783577
0.6837842653713004
0.6250626449718876
0.11985902536189752
0.4269314605288759
0.1450292714931133
0.0812517944210428
0.7975153405912071
0.7339346513023913
0.1238334051110126
0.7102924918330126
0.06712537417097442
0.20900370091808174
0.42058806586462794
0.9004165173730724
0.8533407657281585
0.678957154930685
0.7578400665255991
0.5629558764954495
0.43693949296961243
0.06592628043996884
0.3197963621475295
0.09397025837462758
0.6663187890093178
0.357372350036226
0.22740824749877453
0.9767538012352978
0.7270678089492716
0.7388044753020511
0.6241684644985039
0.5822782191257667
0.11243223365169197
0.4031875178483072
0.6779056049793657
0.5149104042832583
0.34574872334880336
0.5982572607043399
0.16067365625713903
0.013777041299528392
0.2045158939316628
0.5189433142386793
0.08884906461750586
0.2844104055975645
0.3662987990718788
0.02237054710196762
0.25078977262045044
0.9907392011497403
0.47107446099590466
0.6066557590980606
0.8706618539210224
0.889127363976678
0.9875067520646713
0.7650614245854097
0.2000063149321777
0.3250308510009391
0.5789370899016495
0.7541402217790407
0.14629855731114783
0.9766346393420877
0.3723509401407832
0.7729889338930899
0.8266970453414932
0.4405902790757624
0.33062408639318264
0.6582879425981039
0.3861367144373402
0.9191996526819678
0.5321377150554331
0.5996242523625978
0.06966891434026623
0.593543077389219
0.33711026130442245
0.10367264605296866
0.8746982307199507
0.9033051158210689
0.8612736198095192
0.48678746844600185
0.8251840535541661
0.8147879945054053
0.7641867521263015
0.7795770409694401
0.2782332582840682
0.1138770692084684
0.3053365692122657
0.572952202939436
0.9281831376467022
0.9332173105489949
0.21046445278858794
0.5517839888306123
0.11662097777032676
0.43310120068638536
0.31522665186205057
0.23603881351889766
0.42432851478999645
0.94802119837025
0.819037647767929
0.13912872394567466
0.08067358816841186
0.11111751163610806
0.25032991933427795
0.8383064758800117
0.31214588071572835
0.2829124640700079
0.7385685883295718
0.3776716298684498
0.31180491463897786
0.7743839156227412
0.7823029478248741
0.008494208711273932
0.18614360936902186
0.9353496739652825
0.1865870208131135
0.349917455022825
0.5811499996284194
0.3532174335096765
0.4851106778702604
0.41109634279291607
0.05210595961658915
0.6189096459174087
0.40011855093364734
0.3187279377370644
0.48523187440315096
0.5127541209447773
0.9514865849963806
0.5759676580404725
0.3426648638414289
0.9132336342141921
0.3348804870436696
0.4872970328145898
0.5010134434067527
0.5628501528922226
0.007772131274997651
0.046349450282469395
0.0343343329199971
0.7063242673880138
0.49296499611848144
0.6619355742151208
0.6263788308675795
0.4747685019785972
0.3698410317014179
0.7906791267049202
0.6307416572032081
0.682460916910274
0.82307458096837
0.6958633397031316
0.6515763813251562
0.15148844908243275
0.7528169915455636
0.3837768356586929
0.7947574073108491
0.45261524143279586
0.8289853574069835
0.5083109859155419
0.8887309273327578
0.8996667875719854
0.6809994072314032
0.09940364137087276
0.6852290424773348
0.593675083365853
0.8987962221820525
0.2582546381161349
0.8030298386249418
0.5636986876641967
0.15516954126612814
0.9462166216328769
0.013926924484655934
0.7621257345747336
0.49569795560946084
0.07966596080179256
0.9857212038502098
0.9405262021745713
0.1951986287277564
0.5448889116350436
0.3029970387062263
0.6569132434164597
0.18545381991012944
0.4696558429025548
0.39464634572255153
0.22839901600816248
0.31187749075231996
0.14269692972318027
0.7880181067264687
0.9127758243616939
0.2274751809274682
0.36017647385626794
0.05042641614519183
0.8874149552702851
0.65844966112745
0.6435946774090995
0.6444080773947435
0.0497596577256032
0.7857554449178924
0.9853060850188314
0.9402234854944086
0.5649719133993585
0.6546676388361661
0.9127470441454231
0.023727535952852485
0.10910375035858777
0.25024001679032193
0.6685800717518157
0.42031236420319873
0.5395735634097804
0.9469202303629185
0.6960417562655755
0.3765212761949239
0.19694264891878788
0.022100491324964944
0.9565654362919226
0.9033579141090275
0.3302698558543874
0.641128022827845
0.4919743735989309
0.5520393421794929
0.8994460542876735
0.5299071528636858
0.9029934445900276
0.2643241267614497
0.35448962116548166
0.13147475543723974
0.14513014879894703
0.1761828134127683
0.6118674585393548
0.22603924371560324
0.4574183751611993
0.687613950873658
0.028379830036069142
0.3020828008746912
0.11424115538434765
0.6410945724539215
0.12039716141449852
0.39438477314789433
0.5709313797004054
0.25055864511926507
0.6743397952524184
0.09980371297285995
0.6546008602348966
0.7809060552252516
0.2427306149202968
0.9745760508539363
0.02636590155355001
0.2834111300357218
0.4284643638046792
0.4534644278426758
0.39039151694771423
0.4108105944950864
0.11001123602870211
0.7291706237973663
0.03259629548902088
0.9021016600107923
0.16315997793888803
0.5280511701181592
0.3675782905346916
0.5318529982157438
0.5736137534706618
0.6907797972471701
0.9204585177246166
0.5519852694251136
0.12032187122710347
0.08999145049793311
0.3921196584546469
0.21600535658077724
0.8777863021462962
0.10912211104906644
0.391347840432514
0.10423089300467725
0.9548480420910496
0.37870537395957704
0.43677232212873773
0.0028754200751969217
0.19700771393712435
0.5108370093204813
0.8339465597912576
0.4526539353127943
0.6824726543203771
0.1751008974269318
0.5251850295031206
0.043477836998049746
0.8275633737522533
0.9471459932970197
0.5794664270423391
0.7157669248708662
0.7274664392014114
0.2948415785640556
0.4535556688379818
0.28117413821405524
0.1802214000282769
0.35382438153061546
0.13521826329612696
0.43822895261614847
0.10783912085003355
0.8238493680309901
0.3691942352236409
0.7193644159333539
0.6349731972069285
0.45355733246875063
0.16237230708545902
0.3312431053544005
0.008052327763325207
0.1414999335878525
0.24359884091098283
0.5602416302347698
0.8154084426034172
0.9444554477621533
0.07177027633645294
0.12271071030585146
0.35807926950614166
0.49670863899214124
0.09187405604528398
0.1220116624493649
0.7219351524739321
0.6495193337143279
0.9665906860966527
0.6326061519473059
0.7957099243504494
0.3784372150642994
0.1244223719478339
0.8967829492057773
0.922487564997283
0.6082576784374847
0.8360572081889217
0.23176095088546034
0.5109840801653942
0.19460650206082297
0.47443733104862973
0.833655051563779
0.2280297753143231
0.9120777515277384
0.36084004222870925
0.3184377584357526
0.17838838499160037
0.4131109206542617
0.35417862764547314
0.9721640113837398
0.8977137316190624
0.8952340479831574
0.8156603555532362
0.3342085153768215
0.4397207871765608
0.6115617163159627
0.4291809144246216
0.21583682232983803
0.9810435507393725
0.8759502229133407
0.549080420200916
0.7880763149772079
0.09506354916126036
0.39019718901246836
0.28570647563905516
0.25528285040635645
0.7939516364722233
0.31347671449834535
0.31643548373683394
0.3093741735860219
0.5727586742070696
0.12749383574906603
0.013156349005705947
0.970644220436247
0.8978262114397523
0.0017513143388560026
0.575617657702172
0.6575214043005292
0.7964173337765066
0.9582144306323659
0.6281616268374871
0.666037615230509
0.5587382761080377
0.37652349434271115
0.9255943333955189
0.421105046258319
0.2222965160115815
0.607561349646031
0.006809030240269576
0.07518914545422317
0.6025865870195858
0.1806612284876673
0.8576853638520765
0.044924609234755164
0.9135178101469872
0.5401152321713693
0.0687454348953862
0.5890951002083761
0.3201553082948201
0.16219500608088488
0.6118926228042282
0.4862380173090203
0.9461917657064408
0.6335951117459919
0.19309986480919894
0.8291871473428147
0.6536117144316103
0.6048241974114554
0.5480799829617901
0.20751839088541713
0.817097936404011
0.4771528585266166
0.19731672015854596
0.2328574847805459
0.4784136567408641
0.7121880095061014
0.9869308148124178
0.8234223334854694
0.9691225300478868
0.5852967030584288
0.19507452620925136
0.15611739988586537
0.20127258815933347
0.3954063516104571
0.9254532781131521
0.9492868068321879
0.16823339339962584
0.1895617555225797
0.2959386529239121
0.8284843761484015
0.1661121421173274
0.7590060871318456
0.17310063407108922
0.9462213576094782
0.08298012307183744
0.5768016195995663
0.18266666945386645
0.11144063396791926
0.32813296496961386
0.7158095373078641
0.25476348788334946
0.13546641636364776
0.4212940904203615
0.8464624989220885
0.1567582276481566
0.9971264211952516
0.1612253883819882
0.978148448626751
0.892934456769037
0.2580495749374264
0.9212068176258584
0.2516239083296363
0.2714666317586276
0.7236719453367104
0.11438752026883492
0.772991536527531
0.2906457226019039
0.6666701561317322
0.25839573854389797
0.13248390862805182
0.07741948676611388
0.4500442011798018
0.6020943901257187
0.3510189771365122
0.9538295352659547
0.5795814951266789
0.5349544581084503
0.29578252543085526
0.9505348825760852
0.05841717808704461
0.625438865434225
0.85482955872251
0.11950427179413592
0.5611086853643015
0.2119927446715788
0.7817894208511058
0.4426966245178571
0.3244697169479831
0.8634431058181464
0.6281446816147443
0.08907889228284516
0.6994849000310436
0.06867685484311037
0.5092158816527035
0.3728382731146529
0.986301811741614
0.46718242566312296
0.3282433341719433
0.8940185313030888
0.31074422156055204
0.513546290394695
0.7081549124911527
0.31190768834501625
0.49033605955962023
0.5630762202964359
0.10233641262414972
0.36151746575991694
0.9306444133483907
0.9904785614537926
0.07452283204460564
0.6703570933934622
0.35047252232161163
0.03401403005306225
0.4175514298012928
0.645829796193583
0.17151815740773568
0.3492541514380143
0.7214395744854594
0.44113102685658045
0.3419809792227192
0.8300582968180171
0.2529772503956582
0.9100020505203777
0.032664945571467374
0.20052112143285827
0.019032530313129015
0.9648825666664113
0.3487630635508021
0.6917628069024817
0.2804065334239254
0.35060072420149935
0.8068149923148272
0.07231589446514197
0.7597422452602559
0.7247232686532783
0.6088101034286141
0.26440968577667867
0.3909241814856631
0.9065355680941782
0.5793243871701422
0.26604449508442773
0.4625940474276491
0.7982592665260966
0.9884518987200094
0.7705650981540741
0.3016631309676191
0.3267686847251785
0.5450516010873154
0.20883848315034192
0.47998265069236246
0.6640924659348177
0.9881403858083683
0.3034027975061475
0.08790174248274985
0.4538879537253998
0.5092862333469081
0.8061837389662316
0.09539123700343466
0.2934413037999636
0.554278184084268
0.11317723289597936
0.7300227560990205
0.6238428970571778
0.794584783789178
0.7261182395112533
0.9397270213602473
0.16042931962489926
0.9567745630108238
0.9130880017552357
0.5246330564332422
0.8007306080231136
0.7993489043051137
0.28976973688079766
0.5409933956183695
0.46718289945738545
0.9745816184317944
0.43297460975380475
0.21423313587306203
0.28854404685074797
0.0994781005746479
0.19926815226844197
0.14678076341063262
0.7205547393487238
0.003919886459547661
0.2821046278465734
0.5642984892271737
0.8229371663699228
0.6221321230154582
0.27009031077043943
0.7102478641954242
0.5646677191011501
0.5323356025379662
0.7571652742493138
0.34984791921851033
0.24029807956025873
0.5751036529402453
0.32527203264889626
0.11032693390854065
0.9209435776881465
0.6832418328963441
0.7263540880032467
0.24392263005666903
0.2235623775715485
0.5046370685226153
0.736076397835022
0.23236985450624825
0.01665231465306205
0.25596600128051816
0.7338420849414043
0.6805583395602868
0.39280264677637433
0.7616206543044548
0.7079918755275321
0.06798943111742739
0.4796904146496047
0.9136541617273134
0.18112246769789053
0.5601201604287139
0.6155894492836076
0.5894652149314135
0.39052585462719447
0.7653589023791459
0.9462115806187057
0.4877318050951096
0.021370227704851974
0.13480597903844882
0.13267584153013778
0.21314111817599612
0.719369856638387
0.9809983229900471
0.6220566946980715
0.005384646804126869
0.12559605244448757
0.45847230523115357
0.31609560614570664
0.9863105398639489
0.46280787724761874
0.6179924524869693
0.25854673877964107
0.9277471441684263
0.20919851779319898
0.2788658992935791
0.5883567428355589
0.16065068402395477
0.7888621307980549
0.592181958275473
0.025990720651774546
0.30188281986745535
0.83104352464339
0.3739934203344898
0.5882986991105482
0.7644906788562142
0.7033869346127973
0.8051442110087916
0.18507404829443752
0.03702856964408752
0.8407842889142052
0.9207164331604953
0.028610204402390926
0.2187411225622794
0.9627835457393851
0.6305899800082962
0.053386642791612315
0.6942828847137302
0.20461520296946023
0.3887887539693705
0.7370400920060964
0.5282114980748005
0.6047346072131433
0.414355553848034
0.039637422024836555
0.399821028675702
0.8269410898173292
0.23256041243383563
0.28398576736218495
0.31376111472331925
0.2821728691381702
0.12767241356847936
0.6319997840754504
0.9469264561026455
0.9318979169968276
0.20772229988708701
0.00986257084846498
0.6704895057679372
0.22317743108269983
0.677426809165111
0.3121398609629328
0.8474783483694086
0.741375687215869
0.16561520560816578
0.006784099653659559
0.022755639919945447
0.7095815550376965
0.542066691937041
0.15636730545545807
0.4962683550149005
0.5581336226116995
0.07263509333183649
0.4506716662697565
0.4449731574867003
0.937901004314121
0.01723941102042237
0.659085579087475
0.603996802807068
0.6874704042023022
0.8281064469214402
0.5381719649949797
0.47111520909186666
0.7564975784903357
0.9070671236739681
0.9206280696775679
0.904239229851531
0.06161976166035221
0.8145541752638819
0.6097895750690258
0.27314145307750426
0.5659652327735627
0.8361099583025554
0.5944341418690726
0.07501223045763328
0.6871925588792446
0.8588859134779322
0.8756950229168626
0.1024669106329884
0.015709030641571697
0.7065644605579884
0.9973036797820207
0.7921052215165136
0.3248170184318573
0.8126880079232668
0.5109940487440756
0.8902375917953114
0.7380593428257021
0.9016339919624832
0.7548506721698279
0.6342290189195549
0.6035110564163778
0.19449792326450277
0.4439310364961432
0.8520960488647166
0.27230870844997646
0.9619186143681908
0.6654260197236491
0.68350086231975
0.8534374072409625
0.2290131552096425
0.08852006848874372
0.5927373372660844
0.716033989267705
0.1440775541900824
0.7196377556841599
0.49271245856203394
0.001067504774521777
0.45096494758351435
0.7147011355895029
0.7319880923123839
0.2676004640758868
0.4441695508260368
0.5786879108483994
0.38649549717692677
0.14767262395418446
0.9147222598036567
0.47011234925420087
0.6069865900811948
0.12558758587289176
0.5232018781968795
0.7895387749857606
0.29892509064035133
0.5837775125519061
0.8800493448406266
0.2850582950674959
0.36079425162431755
0.5257879753761158
0.15600413481673459
0.2427156718857545
0.2284668476917826
0.8855895489985026
0.20620526537420414
0.905508006663428
0.21705225746713852
0.9988533160971794
0.7753846041795781
0.45558884609000605
0.6914205867387541
0.42964083766844996
0.25082163743775887
0.7784764511385859
0.5678157673588531
0.27534542119109806
0.25997514657287346
0.15401497172715073
0.9080632537447973
0.24613277861294436
0.4408019603333161
0.6887359889673276
0.4381519560150051
0.48282392812325237
0.78284313512366
0.2099537359095155
0.5472690419372919
0.5875295609753218
0.23259576208093236
0.1220876474695689
0.953989171592883
0.8734047838519765
0.8325707047100979
0.8731283002942294
0.8751300389530602
0.9502557371661841
0.06303563634291065
0.3720078147298346
0.13973216157066126
0.7426697803177552
0.6986704404687017
0.7532761795123922
0.9547156884762543
0.8223882296537154
0.16241455584069686
0.790862788401105
0.933938054075063
0.02983171852184663
0.8982300123417165
0.29203033872300277
0.3235439952943393
0.3852125204040534
0.7036436174784308
0.9960840369946528
0.8029421629692716
0.06047700493489372
0.18795834514551335
0.44884064879490837
0.9232466959187748
0.8201498791810572
0.030019910984942944
0.6591398969231224
0.5208315334863088
0.5868685887319604
0.40617123110883013
0.0767900359759609
0.7787321586463557
0.5576153943917885
0.3901513423176518
0.8060364574822684
0.7879954939769841
0.6978880488480942
0.26461168674186153
0.8141400395764078
0.8925693418659473
0.06761198199774443
0.4420815337159286
0.23944217552510105
0.04555188059762072
0.3181561303449715
0.47558570339574924
0.12438306948094524
0.9561344389036008
0.45195470545670013
0.34929209913337556
0.9941880170638369
0.6576924688648694
0.7130452950813789
0.3673427474323969
0.9199007347503576
0.28842165626845295
0.30904021401768644
0.6963545151308334
0.23592829609281218
0.519207879407177
0.24583929373179536
0.5476198356123105
0.5162598374193007
0.5244533623179205
0.8451623380637235
0.8575626570429833
0.09806362556741921
0.6562035569133939
0.7816385503176436
0.7471594247335747
0.32382172516224983
0.39101146494977046
0.4402239895450878
0.850776692413731
0.6213531193889241
0.8263605312755377
0.5359189942068682
0.4368989158010613
0.4786749906791238
0.5909128627915256
0.33677396681733096
0.4677048669082581
0.7713466004677135
0.8134682845710315
0.6474392211504538
0.9335411804633906
0.8374844978583262
0.848175426137305
0.763586088888432
0.8000416238404545
0.3665449603270169
0.3288406344784809
0.08346266054956986
0.319518504415755
0.3134131563417174
0.7808459755963149
0.5217887237700048
0.17873901966696304
0.4001406427140143
0.5525569335299921
0.15586387452069228
0.4248226246746143
0.6052615990841868
0.8485981765878743
0.5421642556176145
0.3022291505095802
0.8360546471706287
0.30256719080915895
0.017686972410117963
0.7465318763409821
0.5642991064935388
0.45592192646363006
0.9515133406936864
0.5426325552055923
0.12382123444117343
0.16794971996343555
0.3315763525639762
0.36680744154975076
0.2917762382336445
0.3502880868364846
0.6990340820293913
0.21303961096768187
0.013168831452679775
0.4647445018830557
0.6037394777451209
0.04766510217852005
0.8739770151536851
0.8009549626710126
0.8975986762458025
0.6751845179965662
0.7179147159095789
0.5730053281811779
0.5738180184165323
0.5143633038746613
0.057175834475316045
0.19184159409436385
0.577972562315345
0.8283125540395379
0.6306524541684333
0.833900380869742
0.7847400010719829
0.38756159812579427
0.5569777831217521
0.1717259348165603
0.4544470256843096
0.09640182177598788
0.8231181634535673
0.3021919139665513
0.5921410782953945
0.5131241555764897
0.23184416067688973
0.3811300644461696
0.3336443508850454
0.6122120776375095
0.42129119913968327
0.07423352399724459
0.6120488455675566
0.4803915080242449
0.3691278743781031
0.7662155981061446
0.4842503805753062
0.5772920284617995
0.054823505378604365
0.25017995581111585
0.3046713393824263
0.6700862017282491
0.4287775324921793
0.3284560749737302
0.8339623637653978
0.4019145710701215
0.6927422910914175
0.12070259256922944
0.5830979088698884
0.20159197277130192
0.6589923414116309
0.9485804180171578
0.6713097967876586
0.6450916435471858
0.8502319878234565
0.8227084726112146
0.2768289740728158
0.08276743343959803
