0.4277610940255663
0.1935736667771658
0.5871591899254738
0.6146905799437675
0.1209154854124943
0.3518271710801224
0.4203048345199961
0.8272658268013802
0.33644808310937124
0.9674485504959941
0.06415412222998862
0.28340030514364867
0.9065753480641955
0.7261112780118583
0.5077896831297928
0.04124960704873237
0.6494556015169924
0.4006235430955958
0.02051494225297179
0.7794136392431592
0.7855436106528525
0.8760572623236188
0.138373137916048
0.04849862594639631
0.7432383829483599
0.9007290821231053
0.7545435896006814
0.5739047178771771
0.6009292678023028
0.571305469526289
0.8001733295602222
0.6389310929751504
0.0421568955571322
0.9900022771483886
0.5917809763580587
0.4097603047903735
0.09964060906103456
0.16365410578152428
0.26724514481342343
0.6546244025838125
0.41704318995761125
0.7884683822290462
0.7873852883733585
0.27018433616255344
0.2006522804632146
0.7070332051738587
0.8963644895055818
0.42228360385390684
0.6560015579639188
0.7210147347436605
0.8777741998523229
0.7410587859402449
0.368406957149945
0.9689907456763317
0.3265521244611742
0.9801594121282222
0.5029402838514527
0.660585191020113
0.1278944843140546
0.9338854667545639
0.4631497916323726
0.6490974248782788
0.7783307188066722
0.03561553913853899
0.5322815669063976
0.4594815152498277
0.4569983023148454
0.8291787869806421
0.8406464087036508
0.9230379706998564
0.4932354451043527
0.2776719064479489
0.3202495708737545
0.7788065241056573
0.8417264685386054
0.0973407324275749
0.9354596870951004
0.20284051362669708
0.9362626374475078
0.5543184065685857
0.08808072532170352
0.7664198533390078
0.9578700298272113
0.36929337359620007
0.028212897053870978
0.9662481513138139
0.8565309045678174
0.1261088285468167
0.5987656678380159
0.34900911005952906
0.5580076815872351
0.5916881134518652
0.9592831309677468
0.34560826253714505
0.2663665459491761
0.32111172685819644
0.34626759078766345
0.3304495611771606
0.7896637898426911
0.7718158452835686
0.054606997993721484
0.7302959823509356
0.37823647983862585
0.44915349536509286
0.6903127058403347
0.7878753087008291
0.5828749970157211
0.2790984437458265
0.3117146997681527
0.6894679735853575
0.3699358525037144
0.6254809750775118
0.3405303918874991
0.33713076325539737
0.3907277945335974
0.855720553240597
0.3917649796788262
0.8831463633305626
0.7668052466218136
0.45628868363116215
0.6595051843534513
0.6667621358264039
0.870626325129534
0.8461130713622992
0.8465336445349669
0.8543883400758644
0.05862473301658111
0.2787384249909589
0.19417242712612492
0.09610277808399714
0.45677914050598645
0.13451668262252547
0.4779147271241495
0.36133486294714545
0.14857174055672417
0.12016427783678651
0.40607899684882165
0.5451429434773336
0.8300305266743127
0.2614228960867554
0.3536133002771209
0.26376940143201555
0.7252852610817494
0.2114475441115613
0.964650348174351
0.6231601247676043
0.5273213780355722
0.8503653604570307
0.31901003495598546
0.9613020042270833
0.45136193815946135
0.9424829882152254
0.757101413291469
0.03321525854976015
0.6466040956524504
0.7922419203538121
0.9031152141574811
0.1721047885421969
0.6619477023079384
0.02592525708200588
0.8781274551543924
0.912356456373317
0.4497403178297362
0.21508533239463334
0.2865513070463439
0.39256479264226374
0.5742308961563907
0.21844500837517156
0.1574132181217638
0.23043121875915185
0.22438223633012233
0.8565690266055215
0.9106797988235021
0.10428539819318172
0.17095335239349463
0.20984602259005447
0.3142692450747665
0.1777712135704621
0.47641079717730084
0.056563017704190255
0.6948156011808424
0.7710493597681595
0.15850473776052132
0.2733658631842548
0.34434483298455965
0.923346552655385
0.013912825921226557
0.5385089857579077
0.5649625935071578
0.3931328506891577
0.8997372202218926
0.8164623852898486
0.0563406295736395
0.5976889865753922
0.35763854859684663
0.35139685645712704
0.9235230720184114
0.38070646546920717
0.2794453775522293
0.07435397626824991
0.22046879494966032
0.3303803446920468
0.04818189814019491
0.1919842586990793
0.598131237179772
0.21229127923315327
0.07864260405215417
0.08923138584097823
0.4954727218884828
0.7361782806848234
0.31426882240182497
0.7118970387898557
0.1598784028842556
0.6339511576408279
0.14765665910916193
0.21792284899988834
0.15543725538367015
0.5740612715692138
0.5469424377062497
0.2388860025000321
0.587716666299797
0.4947645250671604
0.03365226367204355
0.6554322265245449
0.9622024975477814
0.37929460345901234
0.5561338101598965
0.21532202356901387
0.2714781326137704
0.6518429936968513
0.30181640186727143
0.3666991592303718
0.0014836893626524184
0.40183188993950714
0.5389836599600064
0.6426821170097413
0.09027826372880221
0.021219118901342204
0.6528070578010051
0.6736145527790393
0.44400232567508857
0.3052477257949122
0.300702430632115
0.2036289370512303
0.9218541801459839
0.5923008930843842
0.5355334402000662
0.10578985858483125
0.46479808951734103
0.061617516078836476
0.985934904421898
0.42747728485047143
0.9886664304257973
0.005059010792544449
0.8110493813789179
0.5401713607344432
0.6404980605402688
0.9814528802353135
0.8998108318271628
0.626017089073901
0.4645318793057822
0.16929882081509118
0.2565858095291247
0.6270289849003637
0.625113838084253
0.25813339807363145
0.6465255810243511
0.32831439952755026
0.2931975201588588
0.010094298284920145
0.32317143152588657
0.7704195881020744
0.5874935579839948
0.5572403473402225
0.32829221823319654
0.41492127717296357
0.20203444880214672
0.6732351054194298
0.49084611828281877
0.3147713673879504
0.7344744404500526
0.05179009935856882
0.5932357793994382
0.47501227450348515
0.6189944089219628
0.9414225032082902
0.12947864448198032
0.24696458695968582
0.41034033992927144
0.1321691643212476
0.7121982351532093
0.346345234173398
0.8887158803446396
0.099900532644429
0.8124852970186334
0.9987970992203239
0.29567190744464
0.7126653788852113
0.8269272566896785
0.35379148235627633
0.41937915071587073
0.7334683270274862
0.7201303423854069
0.18615776786636218
0.8113313893087176
0.18627682035891724
0.1677051397606094
0.8645234760308317
0.41889627612423563
0.5411200314735699
0.2722474564883962
0.8031709900216986
0.24303396121166432
0.6833876019883017
0.8841194615251474
0.5164129776038119
0.21306549629687865
0.5638312281693761
0.689182216530863
0.7885264207879786
0.4193313644025539
0.4667789336252549
0.5681473352632888
0.4722319454795859
0.21830157679145878
0.7809938444157812
0.3834740326664977
0.72105795367156
0.1115886090339494
0.2755040399353408
0.7216937796139202
0.7837079664455819
0.8573262020113733
0.5443017589097202
0.30515566901137103
0.9770659893059008
0.09670306429720477
0.3908851008473976
0.5033779082029246
0.9846333643654973
0.6540885373775999
0.6760857331166583
0.8089419130159572
0.34344388772230094
0.05775420549708721
0.2569498002954578
0.13323981984833932
0.1267376508013639
0.6558614982687087
0.44734380968391585
0.379950569078227
0.5279747504002378
0.7261950529577431
0.6564968677818697
0.7304339672035122
0.38542646231168487
0.16831388597603314
0.09708437280437066
0.9444753951686681
0.22256275860996022
0.22643450959439992
0.24959627136043472
0.3119628235959897
0.9318072157935916
0.44725304966501445
0.3930601709940834
0.11310766826972485
0.8962718070349915
0.4335836923499553
0.35997705786884604
0.728064339714633
0.03537815287710355
0.6021003758018062
0.5289307485117459
0.2050335115181231
0.9727967437227782
0.22000354047634285
0.633706963389563
0.8094041187016826
0.5824856456391234
0.7945771793943422
0.7892801412621626
0.07642771235207668
0.5536144375409702
0.42070890576768727
0.1606953432598347
0.028809733421465533
0.3748114850044255
0.3412504348273766
0.9943664596968698
0.1695489846677256
0.5798850708486066
0.2974127006244742
0.11951498540830241
0.4621931928928307
0.572191781858336
0.27058107521255714
0.003924634772710434
0.15345612263841724
0.19760733531691443
0.22513961129754134
0.30100338112172886
0.38901093941225706
0.1835298565465482
0.48968196269219466
0.8983040842994419
0.4560184710744347
0.6554021613338366
0.15272813596071244
0.9025063286517306
0.6508744182955554
0.44580692654970655
0.33047608975130627
0.9643063103400108
0.8987342709852096
0.4587513698211546
0.7723448405299448
0.7110947816404539
0.4612631231323113
0.23527560199414077
0.609464054611671
0.29413863262723516
0.31903130574900007
0.11091749771010151
0.22440398668318318
0.5080272559483293
0.9755815471249636
0.7998020601439566
0.5889010754830287
0.882129481615142
0.3233438485048685
0.6378566098355242
0.6786848002832749
0.2529600058108922
0.7266768534384639
0.6906510846540075
0.1420656688126265
0.792463659976382
0.2015289361962762
0.4406296368258338
0.3239430569846311
0.24482038057387068
0.001240728164813576
0.24904332986209576
0.9119351132171863
0.6380902106436974
0.3996618658793861
0.020128359230144555
0.2629681837690614
0.014251906266824599
0.12124445510941373
0.9037231818737491
0.2401183254596586
0.0017359536429008005
0.7933183385828593
0.8493399255771402
0.15082834442171877
0.6217468024221805
0.9710185507118531
0.5127609169326551
0.8156823521709625
0.4157997104603388
0.8682499830006586
0.39043361479759386
0.4781281471343424
0.5165538697530477
0.501487675389338
0.082828872682155
0.06651037587005904
0.563466973685466
0.3717719624064395
0.7706489692482154
0.5828580470670743
0.6911999777821217
0.8807101013198458
0.6968817416904172
0.3835883134813861
0.4904718157140536
0.12648841148707035
0.7165158381445887
0.4458712670118312
0.7406057674035461
0.1151822953037156
0.015696515686506762
0.3218578835894187
0.11672618475462848
0.8593816390028577
0.2236602031446655
0.27861983068848406
0.7032877055630451
0.37585175889999234
0.6932479445113248
0.8381961521335304
0.8134029989388911
0.7512724323877669
0.37722447449801677
0.46627199311430834
0.8037857270452086
0.6534234712755804
0.6237738146498836
0.26773285118747703
0.41923736640833953
0.4687396295230045
0.16888101759414242
0.5099024869483353
0.9666654704064479
0.6324645987790702
0.49096289831176443
0.6376463152061993
0.482118107476465
0.1571968222177087
0.16703208865495012
0.005682294249610975
0.8948648943477092
0.216258396079959
0.06916541213259897
0.2805176914604407
0.103087469594485
0.5215917742039112
0.36200983931103436
0.2567391876343442
0.14402781809454968
0.28194133498225493
0.393606817386575
0.3094012299466471
0.34930371216360423
0.6896746475273954
0.8007973886895418
0.5632721876437631
0.543533153110561
0.6071312107925557
0.7097600547172307
0.3910005427296299
0.9632229203712094
0.5773373869454899
0.7804458158811315
0.4879300954024747
0.20225179493762913
0.830149542256301
0.7864368766886793
0.44936067913751
0.3432446736597299
0.6942479055078133
0.5353872741598086
0.8362250001328058
0.6902706343426599
0.6487081663888127
0.6887746254806911
0.39555096638469356
0.5226616966579417
0.3334262984878493
0.253757254517346
0.09103296284839857
0.9760858091783101
0.05490983784121739
0.47921129557050246
0.6361375471865064
0.9809408065645159
0.18091205768499052
0.823436233991096
0.17117569088811468
0.2690729270431468
0.438148001848257
0.6248120570174918
0.904707103985683
0.5938349694341026
0.20837032642759934
0.6332226090220259
0.6231127352304761
0.3789700823312967
0.350731081214144
0.5893026769879925
0.5935051922265551
0.9731564872234747
0.3164922056203543
0.22150388463766002
0.4434505062146944
0.1626843153009
0.2685641524401503
0.3692299153452684
0.5574978013575773
0.10644859899408687
0.3386100001605734
0.6262850246501087
0.7239682163369827
0.6185083477325193
0.6616835707808164
0.5892683535017875
0.3727755674593648
0.3013652145011817
0.9353543883018268
0.05729403243783304
0.34646205956684006
0.9583607235643049
0.37888326422376173
0.5396797118409247
0.9353097875712343
0.7273708643640665
0.13615387663617828
0.2976471151117416
0.18237908034506545
0.7197230384266228
0.4954063109891492
0.6261887059579745
0.9283897043381847
0.7219558042201467
0.25086250884180983
0.3680467354826439
0.42336347496120563
0.460769363395684
0.748350009036344
0.13908227484013935
0.3620682166553222
0.3507728814059803
0.44845962225894753
0.38216539275562056
0.9973244192852425
0.09817474000432924
0.5718987987792213
0.2116109861714156
0.5792941207066924
0.2624682829958235
0.10998580335157293
0.3305427577162823
0.5769251294437366
0.6112635277931034
0.22430310376269913
0.33915548035586185
0.8083140700068162
0.42122239199134226
0.6650167460311095
0.9354323616912893
0.9605367967125982
0.12473570337686357
0.44016884699267267
0.6475834180790304
0.40775772465867
0.5155693323669417
0.19097493206642702
0.2929592180605288
0.5011650332531841
0.9888212698489344
0.06021971142367177
0.09483363036895975
0.01698553638262601
0.7662533609510216
0.23275789668231872
0.9959440694443045
0.650056443516845
0.7750529865878379
0.7223237684029418
0.539479793245485
0.07294291768453709
0.9090722066995067
0.780683945694878
0.5045445556283982
0.6945122767618114
0.3804211948134447
0.5401809162304637
0.7707293448109586
0.1995229111592639
0.8192391381489652
0.7232071260497406
0.1630160821383686
0.7415603859876051
0.9012413769925015
0.08848012302177388
0.9824550249400951
0.681997837767275
0.683435447232811
0.6994301474204995
0.9461231400478414
0.098126105651545
0.6610709129245823
0.11297925417215149
0.9961660251176742
0.09425692743551994
0.7251920654361553
0.47244608903833596
0.7138965734301834
0.40714383078603644
0.9598928558392026
0.5960097036694084
0.6199831600801949
0.8428703464036711
0.7510009913815369
0.6042985401361384
0.3851788232717138
0.3197589863062842
0.05205773505525879
0.46574237392107354
0.6193256162998574
0.782167051867823
0.9689218478866304
0.9525314743811405
0.8351600020515646
0.42390902995335034
0.7108478418412071
0.7701278065576682
0.3025974625477935
0.26386291643288384
0.544349851308923
0.6885447394384746
0.3793047964134242
0.05483793741837739
0.8963093127152265
0.9935655284432308
0.0049729100693164385
0.20886173638144745
0.0260768859918159
0.35857571872409355
0.747548542867336
0.999708095003061
0.015108224978661045
0.9445887440847075
0.6790644587042253
0.24016561373768852
0.8996626308954213
0.3997917538934094
0.24908888354975411
0.8768500584195684
0.2211917183411679
0.21484208769180835
0.9810575479772007
0.7923021691571601
0.06216650592224482
0.18407375202972676
0.8066577457432672
0.16937125300475597
0.8512531517480779
0.08500666417413683
0.2985986777237736
0.6688156836620335
0.019042970038099738
0.6742428679931671
0.3643342471012506
0.8600789650221167
0.22030613524358234
0.045526653403751616
0.41009649430753636
0.07438036313416652
0.3152143628514833
0.9735713100081457
0.23270806210911577
0.7731509967643754
0.9560715182221983
0.828505355213682
0.6162272094165342
0.06567894230865556
0.9321882761523006
0.31904164888467323
0.02532186049659646
0.38653776859821276
0.983543526332892
0.5050919757854689
0.669219688410199
0.45256888131397544
0.2524829696275036
0.4509351077669336
0.5054018624564516
0.14531181222313672
0.13878521315158054
0.07388837695863704
0.8938038247884027
0.8941760976831243
0.3754357760888868
0.03780027602665492
0.5136015500819996
0.7388081746089761
0.33005502674614906
0.16319635058236914
0.7811849145956083
0.5492894922674529
0.9404487053411891
0.11267146774441439
0.6609863180798183
0.12491446978410581
0.7565531384530217
0.24076436588266792
0.70456194400206
0.4467883914866161
0.4629992400181008
0.5639171854523202
0.584163777363063
0.9909496308470475
0.51598667362164
0.5081604931895998
0.8666285020611953
0.3905325579617671
0.8089936261059849
0.7776180141802994
0.985663579857537
0.042461417489146
0.000695438275926219
0.7114049615610148
0.3833793177051624
0.33361434606573237
0.846012661932903
0.8505685932800365
0.5335856189639804
0.3041870272531251
0.7384074271002881
0.645224059775604
0.21713449515628103
0.09684292623374968
0.9628647132620967
0.1410986004702457
0.31322056512089125
0.5408872346139205
0.6426110109341264
0.8196539432579659
0.48721459666627787
0.6943134965291371
0.6469889691223335
0.31626987461879064
0.39240237098502373
0.10412280045028066
0.4532370482685084
0.9392426025705418
0.35454464635262506
0.11798290906784126
0.38423322340948696
0.3698072490391302
0.532925803053426
0.6382717586386149
0.20683440960867872
0.3721376568936213
0.7637308779133579
0.27048268120551355
0.7245205482327102
0.8399975824346577
0.27465205564225037
0.533230767572396
0.9084224122279344
0.5135960408203972
0.5423525077684007
0.3174571948583381
0.92797757093739
0.7017700480886561
0.6296397834801959
0.8482374148324967
0.4392008571716265
0.5640686044559861
0.04732453387363089
0.1669703032492521
0.33986458745396886
0.7324949433890309
0.8517833078559517
0.40720827590772524
0.2128773233726977
0.3985238578454324
0.26007248372679836
0.7698902409050777
0.039208053402493004
0.6916686548742218
0.11433452860824889
0.5683139068304872
0.9484554884158981
0.24762288584154601
0.5501852468091631
0.17977323641821585
0.4627948683093135
0.23696770965250014
0.5350704316218285
0.7124016261860991
0.7277908275208533
0.6450055558830086
0.4446198781346148
0.5657379634695919
0.370275916637289
0.27082177702602994
0.720593250641601
0.09405696123910567
0.9181975316908669
0.3318304467938098
0.4407521586919477
0.8700505899642056
0.3933240646472952
0.6019279809362648
0.36439958598031363
0.7482516752300593
0.3700958726619914
0.4509357362139055
0.6246709692161728
0.13177545919402078
0.6350171539013434
0.12308946725239722
0.13877848847367746
0.7857122586917886
0.569369657477671
0.1702878608678019
0.09146395570888666
0.4509859503240534
0.9153405872667685
0.10554521221313218
0.9362806275996173
0.23660695507600538
0.2825856302955695
0.9775303564534773
0.6332439149276193
0.4553506677647977
0.6590818127695068
0.38367317529116984
0.08715556389801049
0.3943144931796049
0.5880890524169717
0.8437727458160407
0.18547999831489648
0.12797485284481958
0.07897273439916475
0.78971333512491
0.49288556185796595
0.9403409338132324
0.7886766370589846
0.591284225122404
0.6086722127072662
0.19201216451336844
0.5725714133286508
0.22216784918233656
0.8065467967705219
0.04582801400071401
0.14873969203546222
0.4891338973043261
0.6499471287333045
0.7880536769840814
0.25221569102111896
0.8698613205537243
0.38820650912628873
0.6556234835570247
0.9558262542250612
0.6362107708245603
0.9944464458769978
0.9238847680075531
0.8365601429991296
0.914325441620903
0.04342193634389646
0.1415774257612209
0.13150405106212393
0.514255026499648
0.1505497719289588
0.2989949876376624
0.9882477091611367
0.04586683447333151
0.9646772575886243
0.04478976639405119
0.504786318811723
0.21445536660032882
0.41919260745352804
0.0774018344331524
0.6895218107423148
0.9231089377518982
0.31642911042135446
0.6231324720191415
0.3255209431976721
0.45684769642981493
0.6364503738297131
0.2596978579195468
0.7343051760805175
0.753668331182902
0.48274386368019784
0.21804858812940509
0.18953868640957372
0.2883669108229955
0.4444657416147253
0.5604051334749524
0.7187955119508435
0.2839888799438214
0.9663828998469498
0.3850858103203668
0.5824615988831094
0.3920625649833257
0.22419622896471247
0.03132226740268529
0.84194761366431
0.5008898212908887
0.8650245971391299
0.8588472962043563
0.4757081140065639
0.8423388106516942
0.7821612523295716
0.3662929012326427
0.22609507026620368
0.3697882482789626
0.867974810740836
0.07352922227501257
0.5593133251161237
0.9313875847846045
0.8146148438927766
0.6517217057444933
0.29923239364340726
0.12143171715038514
0.4648032984508975
0.05486764374888542
0.20530450747619544
0.5101094827123389
0.6782889620965658
0.16908496881772606
0.9851090796220481
0.42901692571921723
0.8721383686035236
