0.37826940099512174
0.9527811169298063
0.03082282846177875
0.19213761198587243
0.28679586402282486
0.8698663239045658
0.16828492349229973
0.8495460893451442
0.6994734952422501
0.4588122870382493
0.08941717501533453
0.8793596389810935
0.09529605936176577
0.5606419735934384
0.10559540036331294
0.6145898507598857
0.5870870073285084
0.5970041350479366
0.9981584849060561
0.6342110362337661
0.4859057200360781
0.10648228135914595
0.3119480422157648
0.5550690965845565
0.5863794485866433
0.42757386154482113
0.0708160320080804
0.615954063579018
0.7011911585654211
0.46616927000198727
0.62227438188492
0.3978656656314816
0.70586251479488
0.32698219174515675
0.2175372753409387
0.7192987860501049
0.4376628827427632
0.8642212357843077
0.5726768447511044
0.7242806058950985
0.5744252925957718
0.17325373572566138
0.30856925600221774
0.8797306218615654
0.844160783422043
0.21012512710213893
0.8518414273236438
0.8673824894332918
0.7010165898181746
0.7826000248548011
0.6484059730076367
0.16635690856152807
0.49418549492297104
0.8217266492448971
0.53139696350365
0.3511435664186332
0.4461361196274167
0.7724276468028025
0.8443494898147978
0.7927550362027974
0.903079221579514
0.7715380944936714
0.8882988089754786
0.2435811788036344
0.6704927253909048
0.9525385016784956
0.8458547029502764
0.0735779811233842
0.5375497131453955
0.04903566086689981
0.3798575417546429
0.0747049080978065
0.9155727219118995
0.10759535388397423
0.5247757117417743
0.5506446089190974
0.16457406347124792
0.12551991824049225
0.05283192120482949
0.22616290178493148
0.7110427618448316
0.1987401487306535
0.9048852694022271
0.2896444788792947
0.9342239496068755
0.9338533977958142
0.25332834227541456
0.5257916257948567
0.9030124964846066
0.37414908841288297
0.837723583648303
0.08457317513230656
0.7193077190055285
0.8888317954748688
0.09477970223400511
0.5341627439350805
0.014078827757081802
0.9980010975491421
0.24557119726491283
0.3722898552550986
0.7182486780219649
0.07265099575007294
0.4030298763147562
0.8899830992604114
0.07670983959168565
0.551041574713989
0.24701656458146992
0.0014177219313260547
0.7946018831349353
0.0436534770290532
0.8807645843225018
0.5989164305925053
0.6227084028286213
0.20643205854649505
0.006664216430910863
0.1968578902690291
0.6745199172541857
0.6364320546095278
0.0689616543043744
0.9945475281134728
0.7909173727465288
0.5244473163316807
0.0680812924725882
0.0002435007381470511
0.4311464892551168
0.11458529605051826
0.14646631550871492
0.6374554193402837
0.1553773875793567
0.7856557255870867
0.23971758529242404
0.19053441653185343
0.8371980126224372
0.4811402489654859
0.7586805368793187
0.3281183238971713
0.06467138603727396
0.37727493743614826
0.42647549877289814
0.42430181746469275
0.3859199668796178
0.8033940178702269
0.4273774798118447
0.17697541699248853
0.8916386007929492
0.14937235835712392
0.42603235629351677
0.24964702911433634
0.3401509897908267
0.6447109789866446
0.5797152863492036
0.11982594955137238
0.5267615806700788
0.6880104520292086
0.07650200583334155
0.87335160716843
0.1824846550303687
0.6929977781303241
0.9467719087997207
0.9516192356712676
0.6842618277869109
0.7752416385584748
0.5438455482108143
0.26950464089961657
0.297141634163378
0.39287182058861136
0.8139356728955667
0.25502754348434464
0.14117563711425196
0.3435852143371635
0.9600622689605924
0.7453127075920286
0.05585018235022443
0.17327742393370682
0.2913493089644156
0.9246595835661484
0.8115859333011046
0.36599607589345506
0.5168092348561233
0.20251676960631804
0.3435935186957858
0.012923297492344443
0.774300482428863
0.9809363470295388
0.7420504147381656
0.04117597432098852
0.47054484116474604
0.9008300439258041
0.23986815892575764
0.397402978347531
0.30631622699020367
0.04451645644469249
0.753306617934445
0.5578118324302311
0.6699005101964358
0.2926785092640264
0.867632201956687
0.28282862425620225
0.3752237855601116
0.7189711667140576
0.028201023341671183
0.11738049451707822
0.0787301913869971
0.5660194526898618
0.07215854295783075
0.3986154109659571
0.060330991839666503
0.8105879271520967
0.6157433806687305
0.4094375271903796
0.3413999005524948
0.8799483522439492
0.4441414865940636
0.6080348391731639
0.16547028055360902
0.9688270027991357
0.29847355455261315
0.16361011159599348
0.08386526820907714
0.15378010437195466
0.8910032222247152
0.9648472127607534
0.022193221708861843
0.3756874677224953
0.8566013971992253
0.7899523857023906
0.3322674296280833
0.987631032060212
0.46745355383592935
0.311908855310848
0.1313162766034921
0.897180444764163
0.534917504127325
0.2822370604606267
0.8517762368596592
0.27856699342182456
0.004089384303006427
0.7947501820054473
0.724642636040254
0.03352184216042042
0.6958334437565865
0.9416525584647224
0.607956798866389
0.9200289664684652
0.7465543204976891
0.9950772105929914
0.6218184998973145
0.6974306640939993
0.6217820419344575
0.6865856782522549
0.13577547587505012
0.42033321891539
0.5543547374000719
0.09827712788518139
0.06299143328153556
0.4144513984283943
0.4464561346943833
0.8036941268751209
0.09028182413335106
0.35304062778680734
0.623659348783378
0.33317289876192524
0.5106523432835064
0.9552538627161203
0.21010661542986875
0.30817240666800383
0.008717190511837503
0.6204865833301415
0.5547805280806722
0.9687539892895554
0.403536329912795
0.9194785299859174
0.053641337005467804
0.28351345451292775
0.9800999839869929
0.552599173158341
0.160535961837468
0.08186415580066753
0.8304201134795062
0.9088040419228118
0.2966303241047076
0.26135107391382506
0.25933517123907723
0.24327252731775983
0.9245618119777682
0.521285730387832
0.6006820323998854
0.9450881434775378
0.2718486571697475
0.17592368226368105
0.6574142099107599
0.9958038738778318
0.4985649717178593
0.7070482857933502
0.47082162081287815
0.6882919264534834
0.49934912957048194
0.30455902183065753
0.5324674325342273
0.6135483777474825
0.7773484790102452
0.8478842476809036
0.7121099118772655
0.9314450962234476
0.11089245896921252
0.8005815057851077
0.13234415935983956
0.976022395347651
0.5816031595551736
0.14393839762209226
0.6915866352712936
0.3529278449421801
0.3352556206063131
0.5767294207387449
0.8947471664982342
0.5416594907608426
0.2905319005851261
0.919803483269382
0.9020551869043076
0.3887995932324241
0.0708479647620982
0.851604967588137
0.9155492560240699
0.12763862894545797
0.0867230485804994
0.3686922609339892
0.24496254970441322
0.47287526105968347
0.41870863597100705
0.7625186946224595
0.6445690192450406
0.6494361360696769
0.9328901020722042
0.07487381402721216
0.7452108987107536
0.7370790484593902
0.5700370048962546
0.42040852367622616
0.22382154952916933
0.7476539535787904
0.49125930045821364
0.777441725217188
0.5304802061826093
0.7168378714754287
0.2771881646963056
0.7217597053994661
0.33804178127887885
0.029043279545290512
0.35547847845718106
0.846025147077266
0.04360408240956304
0.4690252095334012
0.553441145740865
0.149398619745291
0.6730761590357653
0.4877261359106363
0.8378875687699568
0.42810861071536155
0.1191997615135012
0.8932087624308903
0.1345506263341424
0.3022239767582021
0.9087869973845161
0.2196677525186066
0.0597349876608293
0.6484551670332127
0.11725421414294745
0.4277884466178109
0.27123539955068643
0.5792980120006419
0.7737019784926852
0.08918172489934206
0.9548150614219927
0.3429267457876075
0.04479095324724003
0.7513659822818858
0.983337392707159
0.11155550867695674
0.749444557785616
0.253711988173173
0.29429445799232556
0.4590432875429513
0.39683627303128377
0.5051577774574033
0.492258070750213
0.6309367938028216
0.8385145793084815
0.8821801810426958
0.9340503326778661
0.2749782208756547
0.8871672711397425
0.33960491839588214
0.3896210029219963
0.7048127111436768
0.18503067646732907
0.42610885529231335
0.7030215246047876
0.017399203979360567
0.862810457995692
0.08190975528103317
0.7450337353647236
0.002527923837803092
0.1911859808306643
0.7137046186275253
0.5849913016083257
0.878414350044069
0.7909637882484282
0.4266253794619437
0.5819628503196148
0.0127725177198168
0.25692524208574075
0.5929084449250662
0.8526445812358711
0.2481397127795839
0.050169401970500016
0.21069410794824794
0.6904174090103966
0.4616417853688829
0.8716619449010293
0.8551407965767841
0.11261556519204086
0.1474228468745713
0.5250370133744164
0.715679940578182
0.8597997602564664
0.0826296791300446
0.00233482728576051
0.33314073064878913
0.6901939390149348
0.8493446165482523
0.07219423315384643
0.43207382765088653
0.14262450100457935
0.8096480294864286
0.6071471566667037
0.7038180753864519
0.33670256280378774
0.9649714526300169
0.5733376081867407
0.2581597114029438
0.42183824509307044
0.5321931724458232
0.6809320076998101
0.02361769881222686
0.6215620153529821
0.8488957702168314
0.760577692133476
0.8177328884091511
0.6693166723456455
0.06217707042509324
0.06942970590394237
0.46753489649605273
0.18684865484929158
0.2263416553995763
0.9948102675291493
0.32282162279835536
0.8094092956881181
0.6245692435790858
0.8906728093052433
0.7545669386674132
0.24298970743420423
0.9109372984553553
0.27999703599612114
0.680261435677139
0.24211670984847322
0.3934236540742966
0.1298843600472156
0.3770373904114326
0.7886384374332687
0.8588429433140122
0.1842441893600526
0.6704562501115029
0.831567774823745
0.21019342858440793
0.22472373749775465
0.5235681861057753
0.7679243195515558
0.8787978490529256
0.6487949790816492
0.2726746958220705
0.4842922516912683
0.01664915107236631
0.639038165979055
0.8004035801175089
0.46533795288995305
0.5159355748011177
0.3836487449625611
0.3285536012947332
0.27142719927832604
0.8076029158102909
0.9863989895859845
0.61806269272383
0.38156206000544457
0.36771647344243796
0.9644618180888536
0.6848402584708961
0.784853188985757
0.6963887376654979
0.698629805689286
0.5545654161649047
0.2771436925100098
0.6128573405312283
0.009765333173782809
0.5403964357651181
0.7930495619500548
0.8555935043682429
0.07898778019900188
0.9672054529967093
0.8992774513766313
0.540858361931384
0.2617444444628855
0.8946489728530636
0.4808209380444778
0.15749596592961768
0.4235655885281695
0.2533260550356563
0.4107751148718327
0.5912705765567215
0.7454943569168998
0.9704560229369018
0.1323245230173241
0.7555363199990902
0.34084839952293444
0.010343184126417104
0.3099797011822827
0.8393168768451346
0.8973431638697705
0.8939214621144155
0.26644094340860214
0.09393786469274623
0.49573365433506167
0.8427311059188674
0.09419953738008158
0.002636524771077897
0.5368273896176023
0.5258832905687948
0.5417955079229232
0.10009917577883076
0.619247628983129
0.5921690173681134
0.7823336798912228
0.6346466930685747
0.5352697692533226
0.9106532320497912
0.3702291218156851
0.7716349928453573
0.2898567737395633
0.2485104397028347
0.00752385557593227
0.7695703804850139
0.2305041940409963
0.2866921677492664
0.34248012127536875
0.4669141366682611
0.7503742689349988
0.9025351660443066
0.26323515595101354
0.14772824506155058
0.09676885674551394
0.9646906068071879
0.550742720388216
0.04524165757325904
0.7257094205604014
0.8620658549813177
0.4408057662191216
0.728471874802881
0.12046760002341128
0.9349987043127816
0.5650150482076661
0.7638494166701524
0.18499036117653567
0.08772153676101047
0.033293989989267136
0.9300785117870367
0.5452544766674573
0.5764351049437799
0.5163411504904221
0.9908114748107174
0.31339877401141125
0.7539934123158963
0.8281565726478817
0.05387488485413805
0.8632215433630306
0.7968118947729462
0.03542588141738778
0.9252835368971708
0.43486918151920084
0.31330640106987506
0.2594603349589695
0.30498869840795917
0.3961280551305615
0.6870371236776752
0.38178587079009996
0.38624620280647337
0.35315554732270227
0.4396055181454309
0.01637273510737758
0.7515260781316829
0.6533520928067338
0.1820225011749842
0.6189463030885611
0.9779107001121872
0.9356510616577385
0.6630626721996606
0.7465546698246931
0.05045144102904242
0.6216810075157463
0.3863664067725884
0.967859504973261
0.6857803214657565
0.6386127634485085
0.835166418137835
0.03567236950846586
0.07685844124893415
0.1914257852559449
0.6148132996070359
0.01624699920607864
0.6126694476067711
0.5360393180156312
0.8908267320231698
0.11792621063325082
0.2466795397871293
0.5548200388671898
0.1072520206172114
0.24946724266296816
0.6977525663112816
0.2981055989699476
0.9828315550222405
0.3800020400662424
0.9512826583994307
0.47810414403712764
0.890934582175617
0.8979644284461717
0.3708595730224913
0.9397011820882805
0.8392449517114732
0.262849327154816
0.014339491666181758
0.07771460701932953
0.5710625347378637
0.4254960106995962
0.6573159480989996
0.41001411502140295
0.7585219250381448
0.43150223304557145
0.48554472726621556
0.47284966496626035
0.3815327525043297
0.2096294809162501
0.719005068120156
0.2098001198107623
0.41673209319545657
0.136078533581396
0.060589246857375545
0.08929847558823745
0.2603130867574125
0.8691863747398032
0.36265001934947616
0.8945302282975601
0.5217788429210002
0.26644634607249895
0.48354330994977
0.9687108143848225
0.27093140419079065
0.07504895448193749
0.928502547029904
0.20912268502413978
0.8204201014555125
0.04174494500644543
0.292475938098391
0.09044623284120212
0.5873262581626313
0.013901905697111472
0.004607704694962855
0.013820909352305288
0.5217535578069737
0.7605827837488421
0.14261048623913397
0.3613421751176592
0.5871701440601935
0.293790901397606
0.05582892693478292
0.6161637041774661
0.5261873068663437
0.41752751668450183
0.5212567115681698
0.9850972052154333
0.3472863698535099
0.5873871931632505
0.00511575419942889
0.6420482527458539
0.0206139540311997
0.04364524992526975
0.01750273776014466
0.020198624427824274
0.6604315030005796
0.48036679234118007
0.6139632743458711
0.1322843013121574
0.4333146422303559
0.9558497486748853
0.576577183933097
0.015534805566333909
0.5010380860442253
0.21832594963584095
0.6466072492119913
0.8601607190857913
0.6699402925622168
0.38066959436385617
0.08824060519309962
0.3732416384730086
0.8826553746450131
0.82556179486248
0.5149946167552258
0.0066947834019066566
0.7134527982446847
0.10507514305650167
0.1866043497979505
0.8834564721751506
0.21108494983308257
0.22945032842528834
0.14391241916970743
0.1491586581246379
0.422157753804679
0.5122948903107881
0.032579688538314056
0.9937451193519061
0.09728489942846197
0.8052505784260787
0.2145452909717417
0.7530839146078152
0.3270443125918451
0.7781834716376468
0.8104975021648483
0.68941054229828
0.5700906277916276
0.21121057471471316
0.3375103250943776
0.6527767213020003
0.4171449651710295
0.3188092804213668
0.8087532017047206
0.6575262869522934
0.18331754992344118
0.9795967535945801
0.29419140761169427
0.5300900754112006
0.8791746266809557
0.5971073397720007
0.11877435032998951
0.18457598230442784
0.7049073202891093
0.6787548051118238
0.05169264416546493
0.08113486272520909
0.4356385405547337
0.28843044467605217
0.520274608565229
0.23946223433509628
0.4606117087264975
0.766562924817987
0.35203414177748993
0.31669550812848635
0.7282524060042956
0.5092504560980347
0.21640956158462954
0.3238652206253
0.510407220814907
0.30790444914181525
0.6795216404965431
0.5476633013222225
0.9046894902445656
0.5997339209033841
0.7700751247491194
0.13827583403569477
0.8701136146931389
0.18622120082653593
0.22421475987802542
0.09319844603031946
0.6734754676997965
0.1012187598524863
0.8838072680813683
0.04457463422174246
0.9941670394449333
0.1394046178832261
0.455850065809416
0.17102441308872285
0.38728453768636717
0.7300852155192981
0.2892590107768336
0.2434530198211725
0.84039109119762
0.38983652879667297
0.10801364368732047
0.8334561242326457
0.31888408889232056
0.7964975559247786
0.08959398490012072
0.5910622470507528
0.9077611598095501
0.6304360260892322
0.7392292222591277
0.9354034156916914
0.059873942425486604
0.7517187239475585
0.18272904854865624
0.8042570359892204
0.41867643142349764
0.6374543453831035
0.26440915720499203
0.6725193209436356
0.9516479898384473
0.6818447211227819
0.38199973503278684
0.04883583113776746
0.6436004408165021
0.2726802150497869
0.3964243999000415
0.570263351231556
0.9802026315317588
0.18588801383253828
0.6639805898490954
0.7887693320497207
0.8265494635074444
0.4076051278204843
0.6978451242332078
0.6811465335613128
0.6368582312320785
0.15079513081836782
0.4602711432354887
0.28953506558495046
0.37347821366214096
0.6300113679192274
0.9637873560589504
0.06166726999570893
0.35360814966581344
0.71121787187932
0.9000110643808591
0.3392654030650253
0.611020457275862
0.1071341168212987
0.7839999430364801
0.7191420409765092
0.8487323329529584
0.484524104981902
0.5742918994142927
0.36784164663264496
0.38146921718357474
0.7330934908519546
0.5673025893550312
0.25325126935705966
0.39341036028595
0.1100387587121151
0.7727616141325094
0.0722472666905899
0.7919304312158474
0.8490124783756162
0.9031894450683243
0.8073396429086922
0.37007186888026133
0.06704855362744111
0.06599318311409552
0.7193402431868625
0.37966977276319114
0.5102029652401835
0.23275125109285888
0.6125976285750118
0.8208460547854971
0.07686897858892938
0.8660445603101853
0.33340761359327975
0.4488969861352081
0.28548044220912483
0.3553578836201491
0.7546989104242887
0.7106769213554781
0.38490566122611247
0.015554441702967714
0.21594575798140048
0.23374066833456641
0.6603787099670626
0.14343604872388427
0.21247646789057484
0.5726262993342354
0.9877354212596698
0.033349021448659255
0.657652948243942
0.4409621026230264
0.2792470374489232
0.15126460412042297
0.8308621914417001
0.982983819302261
0.3915823590077625
0.15077330743976447
0.747710436638074
0.7050203124304364
0.0836698034217962
0.23849551174859285
0.07563375445200637
0.7148189520709598
0.5235536066391899
0.946021704092525
0.4493193444325905
0.4936841964425106
0.9984261554162438
0.3992810103433495
0.6905459812245545
0.8840980859582245
0.9563907869393495
0.7191450101054666
0.6499280495537868
0.42061918902546647
0.26193524965999404
0.9997834418109315
0.29097860101622486
0.44400041227799025
0.9987316693664529
0.6233366414056775
0.6090488941871643
0.5748134245488863
0.03291261710493254
0.16694346211944378
0.829715677299215
0.6515752678837641
0.5662239969937385
0.8145847926176016
0.001090861401002119
0.8846022176637475
0.9074203092795811
0.9989657646496226
0.8658784263421043
0.21145259419913076
0.8676757981431014
0.7280972930207247
0.3235442326359982
0.612483345125895
0.8822207005261855
0.6785115399333149
0.004239777844993409
0.6439712578877196
0.8598398215845648
0.3150325125189096
0.755131574571177
0.9190382494130609
0.2702780793460988
0.2503519780056195
0.547957648340639
0.7106269047926786
0.31668627835219654
0.1938018750848931
0.2014771798599001
0.34691593025242107
0.13094994273793104
0.22699226739279232
0.4939642479448547
0.08320159621217937
0.08266572099689118
0.18578932355834243
0.24933924938576457
0.32172167960960607
0.08669336461289523
0.4473768355771507
0.8040681025275855
0.04324264868435068
0.11465998125644428
0.347673640529775
0.526603842473555
0.5682900274213584
0.7746145134096074
0.7744496376816915
0.41701007333002293
0.7321005605535035
0.096636868041443
0.4500691052337614
0.5914856564213197
0.6359185606192576
0.671180403959031
0.4076111262484715
0.8830403080261591
0.44660701508522327
0.7975223978560794
0.5630655120329364
0.826865649385774
0.5052845656230122
0.43894469242840906
0.8065698635629048
0.46866428069415944
0.565899310330411
0.3187025888342363
0.7491166276676461
0.37395428297182753
0.3251380117589586
0.09606385454423993
0.8001962522263256
0.5162420491107835
0.5363360536923492
0.8984523092579314
0.012758172361022724
0.221819064822672
0.17070198662756253
