0.18080064258030015
0.48285135651103994
0.7471644997692565
0.22674495236072068
0.414015603142164
0.17060669727266886
0.447044692250514
0.16826672337764537
0.6407209515003846
0.7824293280296232
0.9874505530489478
0.5447288356157345
0.6264204982441474
0.43978775303716056
0.3586040730964588
0.5951670559122271
0.7344341748840405
0.9807982758923389
0.9994485496111002
0.17614343844921354
0.03402450570908655
0.7544920545293518
0.6248143746936266
0.768641863231137
0.6562159775822062
0.8492479135514851
0.04204006930211657
0.8746581038371348
0.10902237015815108
0.3655390510805444
0.3661199520930529
0.973746651503321
0.5067461898735091
0.5799763979570379
0.6777268450084012
0.3109004360642389
0.2863258708644757
0.46055507178878896
0.10692994405655543
0.08973331607585455
0.29695369710892094
0.2517094732911831
0.3312021413342112
0.8611780042473757
0.656335031511725
0.5335768695137517
0.6624946980259561
0.10288748710496998
0.9427830088697557
0.46153757796060413
0.40646869503756
0.8065981988012888
0.9467547049313244
0.3867428866561522
0.6392778942650206
0.08132864476930446
0.41501195730122775
0.5109718268304796
0.2250523040590482
0.3621813704714886
0.3131325870053102
0.051147994251485085
0.635848021900585
0.2094343201234593
0.8979864822288413
0.5283995091140108
0.9870839167754031
0.810919324881217
0.0635883932523178
0.056509377815576856
0.503990224521349
0.6871460004794296
0.8360378359447043
0.7358483388954526
0.20362657167806142
0.7861193745810081
0.9977251119203637
0.2812668371438922
0.7223932038368396
0.5396344495015826
0.2586571784728493
0.24445775185694318
0.7394652699858564
0.8495681590544617
0.2792063323730736
0.15558054858451564
0.6060891333807084
0.6948665892923829
0.4238017450863676
0.9959434641933189
0.09554175219998906
0.9001671109944414
0.9925221720222316
0.9037756013613324
0.30931487976338823
0.9151784549839425
0.0036274022659839034
0.4285136283902613
0.9109937296978675
0.7111761697798284
0.22062305780097347
0.3911637833963192
0.9197979471884106
0.27405658759217544
0.4520602351541858
0.30460748655720404
0.8653616282319626
0.22115303052839086
0.5229290025890261
0.4721238385689194
0.8044723266638478
0.9049599585621297
0.846172306472919
0.23677448973717496
0.4025041212410182
0.3731660332217116
0.3884276802790493
0.8279125614756226
0.4081441353218991
0.374600499682063
0.4436152522791702
0.4099134218966064
0.9063106555160397
0.30720415093920106
0.3357604235035734
0.1581515464272527
0.6483149473717734
0.38970480882044856
0.5749734204648455
0.9393505702431556
0.3091185316425431
0.8029161286343818
0.23253930102074205
0.37383941320492753
0.6078409028763593
0.13910083337260015
0.1564763523146353
0.1522376164284932
0.5387487192065741
0.943655599369322
0.8495497154441353
0.8091031882477957
0.23928878020379285
0.7637221254214245
0.6375660514421714
0.029957614950561373
0.4280692588750965
0.7718824271420305
0.6192863058261749
0.4695685218461909
0.9770943039452751
0.573533590369917
0.8857450918825409
0.7115234594906656
0.7604513691378105
0.031185617765344564
0.3588263056103601
0.2955046014909829
0.1620676809410032
0.4768605477831974
0.7689412901089466
0.025164575236203857
0.4658741138172766
0.048039901783434535
0.3881463754866028
0.9064033546078485
0.17975992473448354
0.9110916865237534
0.741344687309663
0.7485356124027921
0.2765108639207521
0.7216382837009602
0.861442027141821
0.16616444530523533
0.8537260125869369
0.19352763097769576
0.7861276573696139
0.22403612196749823
0.2543788630416718
0.9662494148612101
0.15406381830050864
0.2911919946781626
0.13407268437090314
0.18709419395340376
0.191083591095494
0.2354711814604038
0.17976968096192958
0.3404024538485725
0.43966995225551475
0.7142816104708304
0.8979374836129855
0.3567071271300345
0.2542311604731722
0.8296918756786892
0.7270391665833108
0.3572242753317245
0.6515292968721003
0.028591729492821405
0.7726817952039926
0.6263650756502174
0.8635523239862655
0.5671463120439046
0.7487104694553977
0.9299155779051574
0.14505866624560537
0.28445345844236514
0.007002979602319437
0.7379274351214398
0.8981369793823429
0.8362995230794502
0.12635823300479954
0.19502221776812245
0.4942211564470431
0.7244257550133092
0.3308286119316233
0.29140958678797235
0.6576228405679124
0.9660591323607728
0.40510150071307593
0.13186739194438013
0.010603673135128666
0.9276338376705568
0.8721190902714123
0.49982418395565376
0.3631361281627735
0.7490551453631928
0.9937137614409313
0.5016952594958087
0.7950447034349591
0.4634189119439117
0.44314188306475677
0.36594108539140535
0.8280704579876804
0.1660467806374909
0.2519922154565375
0.6071214227179723
0.3583271825491441
0.7081208813370156
0.9358914838516174
0.9216692844692891
0.4364893877749195
0.07076988396317285
0.7981718811710189
0.2849473907969
0.5630920734233761
0.3022109264425735
0.7081638864579382
0.6467744871302773
0.5989231349868298
0.4010547059252265
0.5885543864696543
0.7987940034608867
0.31383346968124703
0.5405379704702463
0.7593695193102469
0.038450215791701714
0.30488566289741004
0.6261032712809453
0.6360467644537109
0.8629270411654801
0.4501996758131679
0.8766367995218574
0.5917617546376891
0.832900979776757
0.7018220488407941
0.7401410411526986
0.9480314233357212
0.9740980829459517
0.25223433227502257
0.345390273197519
0.16771365529331972
0.02920074463913802
0.04336168859674305
0.8923307970449116
0.39491228716085114
0.3007885924650844
0.8328652532756271
0.32789265691338154
0.06317763757627837
0.9511083730069106
0.655132926493754
0.10066017543374328
0.6212612710451024
0.20725630710305998
0.8326738538588709
0.6096542770585233
0.4564079604216713
0.8622429397601266
0.774314229300199
0.7230783452838414
0.6366519418531488
0.0360984337600172
0.2581044850542027
0.05659980209315563
0.2949438773658044
0.49215390756548694
0.23929955155925364
0.5782606388005186
0.9698427648633926
0.9868368962835861
0.645142997354143
0.9837333047463753
0.44444936205275876
0.21621737715555445
0.7809072931214924
0.12898321146148795
0.8429669421141152
0.9557873425351333
0.5997045639510119
0.1864683500148442
0.844679436966684
0.8850136512684287
0.3688282909221482
0.9591670469890559
0.7808319598332146
0.11709321974881082
0.6618530831654954
0.5304015840696187
0.5943724746047466
0.3800645029474278
0.8972731394748085
0.490156791885769
0.7664251743002103
0.5253294159609362
0.386390824361476
0.25994958733501494
0.969064740752113
0.9826992348527572
0.3239506133743236
0.551604812193145
0.6051900082901343
0.7841681486199538
0.25570423976128054
0.5981453547913144
0.6646605594146362
0.8875924375296285
0.5584004103796015
0.5041596090856489
0.3752645500725147
0.43946557567564104
0.6104593971017731
0.44227110780571255
0.49691188335320124
0.6195846049303861
0.3146572553770304
0.5060112512450676
0.7354418671199445
0.4389682660911416
0.8305147290404611
0.19876451667968353
0.5864819108303239
0.18104453245911278
0.2626869241084113
0.6147227322900294
0.021267340719635097
0.5885686985434242
0.5501356511144581
0.07104384322924195
0.7301112981319295
0.6261464884880931
0.012240549099427622
0.6801972530402811
0.9561772949660566
0.3000525690951019
0.01936018258984451
0.24060665790817792
0.9075545321288614
0.7189115695180782
0.6206879714008382
0.5604537650020988
0.9198384110485933
0.7917120478919982
0.8696346537139504
0.34325784058509134
0.7675727749109774
0.4930711078001655
0.7002690812515547
0.3483593340807569
0.8768637020689701
0.9588897654931243
0.6260819752866957
0.7925664287500633
0.4787544936333936
0.5532476852364522
0.6928747504018994
0.2516297082871515
0.43477873083722307
0.10152422310847986
0.6114840104879735
0.8531658995581398
0.9459247692685775
0.005881936408428601
0.9174529418380827
0.8119829288561415
0.3157199556308674
0.39329778367863255
0.22574702122164547
0.9291145498903606
0.09555017676607414
0.9870601280548781
0.4724962569020493
0.2951310562263816
0.8349207877271703
0.4584914322776886
0.44654664783731157
0.82665983661318
0.3931356328051576
0.43993058527039697
0.62411738307419
0.48687900037794885
0.1596414968250126
0.16765110724019017
0.866157934691937
0.4055449417759328
0.9554951135700295
0.6751878364081694
0.327995365250617
0.2583916411186701
0.22127557449453794
0.1034912806398165
0.30397489602837435
0.6266513157153287
0.7203945341142994
0.3249866943340476
0.8804217099297517
0.9633693135931791
0.5780528621337656
0.9310128169198807
0.1386528124088795
0.3790742582816401
0.5632982701628706
0.747259550615732
0.10436527815884977
0.9684756208273758
0.24931338821320248
0.41088923693411417
0.6439813760684105
0.3850811485400184
0.3815801166210313
0.8671179122084671
0.40360663162425925
0.5282895575884359
0.877842566080955
0.7433595012403694
0.20553175494846354
0.15029792480524373
0.3911820855189494
0.7069954546574061
0.5112071016698022
0.18346887782408194
0.5298601026273251
0.5769938973455833
0.2738039707695541
0.17810148588672137
0.6553822983584624
0.32902089739868
0.13483505786038508
0.18325726786623697
0.44048589845041475
0.49983528859892146
0.1397217487955258
0.12961692621538412
0.21997191814606187
0.3862353418821268
0.9917664494360651
0.32521830676888774
0.5195832819157092
0.9479570010722624
0.43100480404172514
0.6652754106391092
0.11693516959814887
0.7280251976496126
0.0021247939947000027
0.15636134156894055
0.0668055604520027
0.48581731522033733
0.8540150201065497
0.9699665285139998
0.2576846808252835
0.587749362614179
0.08859093202173562
0.565054172401387
0.3986504014609571
0.9077286454500294
0.39570855701522634
0.9403581100498072
0.45626338668534827
0.15288461449279522
0.7249533669853654
0.5328107245478354
0.15275841307279114
0.7959576039568645
0.4370395494190813
0.4806252420002468
0.9176201998428563
0.9828318509012227
0.152546357991458
0.7075346702162185
0.7956927474277338
0.7222043938742088
0.324438439726622
0.7810137424443575
0.925271459630534
0.7972450894938071
0.22219640851015277
0.6825851462770219
0.5154096617529138
0.7871881043036371
0.8691411626783533
0.0808597963542006
0.9303793087289953
0.2608026153939277
0.6618747296774455
0.013822660551658372
0.3618834151463465
0.27602122344959334
0.3594653979778025
0.10473537537317346
0.8643687359991963
0.9065123631389802
0.4815502251623539
0.6488965081929519
0.41995907877139826
0.02200046611675488
0.06721753500832384
0.5644047576337308
0.43678241565526
0.48826909499910365
0.778137603296463
0.7703978641113728
0.33003726434882763
0.09506293228174312
0.22957648845565204
0.9149024875750087
0.012760362674551162
0.80083977293679
0.2791898916133928
0.5130187200841032
0.38298643078491845
0.9226597961878288
0.8344578127450285
0.3163510584914264
0.8736114846510341
0.5219794305112757
0.42457413737596883
0.7984163276171846
0.89048651278102
0.5452623053446932
0.7002861796045279
0.9608698772694332
0.8884175439246673
0.11377839620723551
0.32281684937608246
0.4790243364551593
0.8541451794657965
0.09911551027497778
0.5757857889468541
0.3723882016966811
0.26461705209437136
0.06395192552692353
0.0922122496333121
0.5900806111466133
0.4721404177271311
0.6355821594739709
0.6256280438847887
0.3950675010720529
0.5238793337310299
0.07542816528975316
0.014257844252823726
0.82169322025047
0.8488702530563899
0.5479355867946881
0.2041966792674681
0.010210399677101911
0.9418728145899694
0.46216076958959085
0.2029851725637999
0.5780063742416676
0.10810930572247424
0.6299764829277559
0.9334950506969661
0.48843216097986386
0.6702844773433979
0.43754048191345385
0.5388486625138734
0.6726368193513642
0.08850014696629227
0.3246385223170364
0.6470695878900483
0.8662666933990288
0.9091691523152192
0.14447680378569505
0.3701283120400787
0.21153138840658292
0.16065486761090597
0.8532615455351089
0.6572934478435678
0.2640616035139288
0.4226658635693522
0.6626025332275502
0.8772822504656718
0.7904352658504458
0.9971859256043193
0.712548997648761
0.9603233514389669
0.3291566011639744
0.5146122157408185
0.005471022405213466
0.6238922200655485
0.7045857885312697
0.6542896632781041
0.3187397015701242
0.12844601547472645
0.17859560411407926
0.8086837193496034
0.2228547901008745
0.7916396505408196
0.8095559754599378
0.9839000332173498
0.6004704062044786
0.6246066316042288
0.8927574936600174
0.8254821900791718
0.8616731475384972
0.9336381847117081
0.40410602165574383
0.8761718709092452
0.1110404799503818
0.9015228523788371
0.7090709592220004
0.3049513799853436
0.9252363102896767
0.3196871838023363
0.9632354992546215
0.3579912710473703
0.527839147921867
0.849397219509777
0.962970214882572
0.07168997339120453
0.25230979205292536
0.45915857051386333
0.15487733955529903
0.9509455270152468
0.3381680275673301
0.07295920014332213
0.30638428591342604
0.8956860292678961
0.6342742744916956
0.9006074973686418
0.2683675562500828
0.6733554066036642
0.7304342218551345
0.709766050208536
0.7522355666193123
0.9971406419836716
0.29495244663455766
0.45611711862428495
0.34239621047062685
0.6483174544992415
0.7736201453750847
0.44508874589099734
0.6169898750353295
0.307528076477395
0.2771546270104732
0.2263053972513983
0.8291305702463582
0.3718605607148231
0.9319115561394384
0.9233511974282387
0.5550236561173111
0.6592627875679091
0.09703661771492689
0.4979697215380725
0.08396544449010734
0.8323538354532279
0.6620831983440737
0.7621237483430767
0.7989127069237685
0.048555162821274034
0.7617868781839865
0.6896534146018707
0.7048713958061461
0.4776428705459582
0.14995272556327932
0.698582957631046
0.12255922634411298
0.9869090196036241
0.8615597334875547
0.8606977935089144
0.19472331448007063
0.6616130052583955
0.9426947767135188
0.7346757745659657
0.36127023014763593
0.9997387365755218
0.7784170209116945
0.12135636561795893
0.11365899115871203
0.7580198674248608
0.27761295299374544
0.24919993316756073
0.5205111991613702
0.7052758959876004
0.45441215751582165
0.3814158180134519
0.6692668245629493
0.3830965473055823
0.9851534461365927
0.3974038200271429
0.15391627013524567
0.1412310483229675
0.4563325101707335
0.10822909849716278
0.5700004514883028
0.537739006947372
0.2548157344010268
0.42381841319880553
0.49426618751516427
0.13930570865626535
0.2660008099981258
0.14804995515270647
0.2932766001148386
0.8525726958680696
0.7573142222006877
0.28325784602145276
0.06914577181358805
0.7009666374737458
0.20452021100600049
0.7848052188798031
0.04818153804900682
0.29457401170051567
0.29204137454028023
0.6730911085568815
0.5539490292880042
0.8325347062068134
0.5907461496386832
0.44052044440196536
0.40912045718106627
0.11645633950913159
0.18927025491386196
0.7788288961490564
0.21112037402566763
0.1683686315653954
0.6682203171350828
0.7341743325646319
0.5841400234555807
0.884347350148469
0.7930507380679086
0.48337342693522933
0.37660775083731324
0.2561517219539664
0.6833087590945554
0.9511761949838801
0.48081109243613807
0.5393546696469811
0.14698512163017208
0.7567773149436782
0.9123107712737807
0.8619067150352709
0.6157076188009198
0.4372134886392989
0.38254604783632207
0.7550858301590254
0.07952833034593343
0.2291225351727324
0.5756347252822818
0.9596661280165498
0.6751501606681963
0.9685104898455478
0.052501730252687895
0.2821864049060876
0.09277446440617576
0.41285122203181046
0.8695347492343057
0.4537832906527539
0.03636672624190174
0.5869950770986666
0.9669284943090862
0.32205151237384677
0.1742428462978246
0.6159361207930919
0.47975884070847274
0.5937574707091425
0.5723532626747282
0.5685953318622866
0.2879868998906475
0.2116794667880164
0.7701826307927185
0.3968309162462319
0.7935434576840983
0.997060031730339
0.6931854537872596
0.6433765338485258
0.5312561641301062
0.9977169188385375
0.9034781941084467
0.9764575483109654
0.4946496237333007
0.989235193856503
0.5511542187464528
0.7584356516897727
0.6012748879390691
0.21800849503364328
0.7505306525441466
0.2529130711210221
0.882042702217605
0.6637910108520065
0.40329009778434144
0.9070661859601468
0.1913170290512184
0.6358704519936178
0.6491800969188285
0.16655863604527843
0.1898823355078424
0.16810678685170877
0.8469369463076124
0.351257035858084
0.988499960915557
0.15604247624824774
0.5046189227478692
0.0742267290900247
0.00759408303376552
0.3596295889116634
0.6425303299527656
0.4151992031234274
0.4980639103883343
0.6625359590660765
0.3951277625721834
0.7220516143447245
0.1173675432056227
0.7398070914709896
0.7431490305492667
0.08708107681084243
0.3194894647901464
0.26299935285571363
0.4011971778390715
0.41550722211560975
0.23099857335288387
0.4313472347869698
0.695154053651187
0.7242460788447443
0.5308881721828155
0.9605165084645841
0.38276948305439407
0.8811954953365957
0.4883826067978213
0.39644300656307374
0.7824689439669974
0.28735217708333705
0.9720850229761656
0.5491413325611427
0.9525935914998523
0.4615289034561758
0.2839242774198617
0.36144503209439327
0.17282242422255967
0.2951133189773272
0.7653172874971145
0.9804320132586379
0.955451854187542
0.2966612508059019
0.40140468618433345
0.33919420961907254
0.16954597126912918
0.9430209432090387
0.7094278404294987
0.584323878844499
0.45761214664840355
0.96967084965758
0.6107960310532169
0.07289470054671754
0.8369186147095978
0.004906364788330175
0.5132795817820079
0.346786530380751
0.4949608430458565
0.5523336165697453
0.6099361501580903
0.3346137782922931
0.5997408559234516
0.7593315912494548
0.464035114429205
0.291136901884684
0.485543844643614
0.6906809623732982
0.41706365431848125
0.17378114042402504
0.4369531178107753
0.4883288036943183
0.420069449534756
0.2036301956112756
0.7649554457916119
0.23418603952700334
0.5047020176622571
0.2761049637681965
0.5857245521560313
0.946741474126916
0.891786085092566
0.06592106765634054
0.6766811446350351
0.6041083280489985
0.6337841445738858
0.7048413518550692
0.5279682867827947
0.8718016109437264
0.03967573395645352
0.9219858690281088
0.39180542852039124
0.8053189407784997
0.8803809586826556
0.5950892193319366
0.32301589302118705
0.38203766495953506
0.8479406288001909
0.5310952430746283
0.06051322897294331
0.8076708598859932
0.8434409597295079
0.9305357051409746
0.5042090482719663
0.6186062242632966
0.24880481154870182
0.6211097301990423
0.05094006920720695
0.9785250285182702
0.5834050323386121
0.3804887069175339
0.35260387581499586
0.8648028254675929
0.43700333383047285
0.1441043474766549
0.60135812539036
0.9287923603130024
0.9258159526785288
0.30824225710051556
0.5847753944342572
0.7252287203556559
0.9935668131044109
0.05088847085064929
0.3668046689474257
0.3276502806456142
0.5578420040254628
0.2712401399516162
0.2126872357973012
0.044881558080754225
0.7013919290853154
0.5892215626846367
0.9850931845005625
0.6401453783557165
0.285983601173906
0.04529925096002163
0.48789009982557086
0.2275753340782083
0.9816463394685456
0.439409504210975
0.2029945274493984
0.44538382807428123
0.06228163036315526
0.15390268987659506
0.575629012328729
0.5538463886008165
0.5411525835220904
0.5288475300941962
0.880604638115033
0.8783686362607568
0.5563510103958742
0.43656633548828805
0.6904541831864242
0.5909978937230025
0.906103233663378
0.706960991321176
0.4109094753172158
0.27478194614908513
0.4231300629600535
0.20140615123655436
0.04030747925638434
0.2362636658453755
0.27808393965589684
0.3855547848321589
0.2366000888892793
0.2544836993803544
0.17733574036603306
0.4249155453579243
0.4108704844523343
0.3810858335807209
0.4701545333231545
0.6756075308426606
0.17779312860462826
0.28906325870185823
0.05779470908124951
0.09612367425341128
0.48598289114971693
0.6898875695988413
0.6439946841466766
0.32325357576614466
0.1975921182414111
0.11024682636206795
0.04968248768151862
0.4698621840867824
0.5318300599757546
