0.4789025356576875
0.47583804266016294
0.47277354966263835
0.4697090566651138
0.4666445636675892
0.4635800706700647
0.4605155776725401
0.4605621956589476
0.4623821469061964
0.46420209815344515
0.4660220494006939
0.4678420006479427
0.46966195189519144
0.47168750546974336
0.47425814428412216
0.476828783098501
0.4793994219128798
0.4819700607272587
0.4845406995416375
0.48711133835601633
0.48292749947849534
0.4780823830647045
0.47323726665091365
0.4683921502371228
0.4635470338233319
0.458701917409541
0.4569276943011343
0.45768874357275385
0.4584497928443734
0.459210842115993
0.45997189138761263
0.4607329406592322
0.4645674311675653
0.4819674554103581
0.4993674796531509
0.5167675038959437
0.5341675281387365
0.5515675523815292
0.568967576624322
0.5658873296440783
0.5583617524758886
0.550836175307699
0.5433105981395094
0.5357850209713199
0.5282594438031303
0.5251382454787029
0.5272166610670502
0.5292950766553975
0.531373492243745
0.5334519078320923
0.5355303234204397
0.5372263950657279
0.5353029440500564
0.5333794930343849
0.5314560420187135
0.5295325910030421
0.5276091399873706
0.5256856889716991
0.5142358583553829
0.499306828232744
0.48437779811010534
0.4694487679874665
0.4545197378648278
0.439590707742189
0.431349098567552
0.4345222251489865
0.43769535173042096
0.44086847831185544
0.44404160489329
0.44721473147472446
0.45031431712370046
0.44194151730916537
0.4335687174946302
0.4251959176800951
0.41682311786556003
0.40845031805102483
0.40007751823648974
0.39639346430063904
0.3953091110499995
0.39422475779935995
0.3931404045487204
0.39205605129808085
0.3909716980474413
0.39098618490523046
0.39382269295057515
0.3966592009959198
0.3994957090412644
0.40233221708660905
0.4051687251319537
0.40800523317729837
0.4062906594152277
0.4041652241010987
0.40203978878696967
0.39991435347284066
0.39778891815871165
0.39566348284458264
0.3913519427086631
0.38528146765865917
0.3792109926086552
0.3731405175586513
0.36707004250864733
0.3609995674586434
0.357364429851044
0.36403888741629015
0.3707133449815363
0.3773878025467823
0.38406226011202843
0.3907367176772746
0.3974111752425208
0.39836557069829165
0.3981319532544024
0.39789833581051315
0.3976647183666239
0.3974311009227347
0.3971974834788454
0.3999772496773825
0.4062244710261084
0.41247169237483444
0.41871891372356046
0.42496613507228653
0.43121335642101244
0.43629067100337615
0.43105818220717285
0.4258256934109697
0.42059320461476646
0.41536071581856315
0.4101282270223599
0.40489573822615677
0.39729373265926793
0.388854225475154
0.38041471829104034
0.37197521110692644
0.36353570392281254
0.35509619673869863
0.35312875705192937
0.3619115311743083
0.3706943052966873
0.37947707941906605
0.388259853541445
0.3970426276638239
0.4057226025656614
0.4064356378755455
0.40714867318542963
0.4078617084953137
0.40857474380519787
0.40928777911508196
0.41000081442496605
0.4162380845457333
0.42545410873119205
0.43467013291665096
0.4438861571021099
0.4531021812875688
0.46231820547302754
0.4673863033255588
0.4621306734161372
0.4568750435067158
0.45161941359729424
0.4463637836878727
0.44110815377845114
0.43585252386902973
0.4349422242863148
0.434391538247879
0.43384085220944324
0.43329016617100746
0.4327394801325717
0.4321887940941359
0.4330853890133719
0.4351167837744187
0.4371481785354655
0.43917957329651225
0.44121096805755905
0.44324236281860585
0.4453922282254151
0.4480236194827425
0.45065501074007
0.4532864019973974
0.4559177932547248
0.4585491845120523
0.46118057576937976
0.45947994152129873
0.4569195159515337
0.45435909038176864
0.45179866481200354
0.4492382392422385
0.4466778136724735
0.4451073546620473
0.44464726354925804
0.4441871724364687
0.44372708132367944
0.4432669902108901
0.4428068990981008
0.4425117648014376
0.44357509840228365
0.44463843200312964
0.4457017656039756
0.44676509920482166
0.4478284328056677
0.4488917664065137
0.44695164816511235
0.4439847087810624
0.4410177693970124
0.4380508300129626
0.4350838906289126
0.43211695124486266
0.4314632641220924
0.43454933482172425
0.4376354055213561
0.44072147622098795
0.44380754692061974
0.4468936176202516
0.4499457986982575
0.45125831253280674
0.4525708263673559
0.4538833402019051
0.4551958540364543
0.4565083678710035
0.4578208817055527
0.45913339554010185
0.460445909374651
0.46175842320920024
0.4630709370437494
0.4643834508782986
0.4656959647128478
0.46700847854739697
0.46832099238194613
0.4696335062164953
0.4709460200510445
0.4722585338855937
0.4735710477201429
0.4748835615546921
0.4761960753892413
0.47750858922379047
0.4788211030583396
0.4801336168928888
0.48144613072743797
0.4827586445619872
0.48407115839653636
0.4853836722310856
0.48669618606563475
0.4880086999001839
0.4893212137347331
0.4906337275692823
0.4919462414038315
0.49325875523838064
0.49457126907292986
0.49588378290747903
0.49719629674202814
0.4985088105765773
0.49982132441112653
0.5011338382456757
0.5024463520802249
0.5037588659147741
0.5050713797493234
0.5063838935838725
0.5076964074184217
0.5074687006451019
0.5055570193405121
0.5036453380359224
0.5017336567313325
0.4998219754267427
0.49791029412215304
0.4966456168867444
0.5003772488522346
0.5041088808177246
0.5078405127832148
0.5115721447487049
0.5153037767141951
0.5190354086796851
0.5118264250235335
0.5010014751873478
0.4901765253511621
0.4793515755149763
0.4685266256787906
0.4577016758426049
0.45154344407676944
0.45272955550361527
0.4539156669304611
0.4551017783573069
0.4562878897841528
0.4574740012109986
0.4586488133016564
0.4593914257831207
0.4601340382645851
0.46087665074604944
0.46161926322751384
0.4623618757089782
0.4631044881904426
0.46318913010701823
0.46293846010110257
0.46268779009518696
0.46243712008927135
0.4621864500833557
0.46193578007744
0.46440417751607166
0.47323634982491936
0.48206852213376705
0.49090069444261436
0.49973286675146206
0.5085650390603098
0.5173972113691575
0.5157532104953675
0.5133965447792215
0.5110398790630755
0.5086832133469296
0.5063265476307836
0.5039698819146375
0.5016132161984914
0.49925655048234546
0.4968998847661994
0.4945432190500534
0.4921865533339075
0.4898298876177614
0.4874732219016154
0.4851165561854694
0.4827598904693234
0.4804032247531773
0.4780465590370313
0.4756898933208854
0.4733332276047394
0.4592726172118052
0.44310001680200717
0.4269274163922091
0.4107548159824111
0.394582215572613
0.37840961516281574
0.37416917460116594
0.38264590440398966
0.39112263420681337
0.3995993640096371
0.4080760938124608
0.41655282361528456
0.4241900105040167
0.425729464648298
0.42726891879257917
0.4288083729368604
0.4303478270811416
0.43188728122542286
0.43342673536970405
0.4351545341279059
0.4369424765443346
0.43873041896076326
0.44051836137719197
0.4423063037936206
0.44409424621004934
0.4507581382297443
0.46489324335121646
0.47902834847268927
0.49316345359416214
0.5072985587156349
0.5214336638371078
0.5345199211123438
0.5157212038620177
0.4969224866116925
0.47812376936136647
0.45932505211104047
0.44052633486071435
0.42172761761038835
0.4184143381670903
0.4227700374472718
0.42712573672745335
0.43148143600763467
0.4358371352878162
0.44019283456799774
0.44387238674007634
0.4460165215208381
0.44816065630159985
0.45030479108236166
0.4524489258631233
0.45459306064388505
0.45673719542464686
0.45462491654484133
0.45225380169919066
0.44988268685353994
0.4475115720078892
0.44514045716223866
0.44276934231658793
0.44513079335339983
0.45092465481045907
0.4567185162675183
0.46251237772457754
0.4683062391816368
0.4741001006386958
0.4837568418792041
0.5073881188068947
0.5310193957345852
0.5546506726622759
0.5782819495899665
0.601913226517657
0.6255445034453466
0.6009936783117521
0.5681727908840568
0.5353519034563616
0.5025310160286665
0.4697101286009713
0.4368892411732761
0.4209479476740247
0.42254389461990643
0.42413984156578816
0.4257357885116699
0.42733173545755165
0.4289276824034334
0.43112199113782756
0.4374150781235303
0.4437081651092334
0.4500012520949364
0.45629433908063943
0.46258742606634246
0.46888051305204553
0.47149296352603504
0.4729705510755799
0.4744481386251248
0.47592572617466966
0.4774033137242145
0.4788809012737594
0.48441321105128454
0.49599542383563644
0.5075776366199883
0.5191598494043403
0.5307420621886922
0.5423242749730441
0.5530549970414262
0.542356536091251
0.5316580751410759
0.5209596141909008
0.5102611532407256
0.4995626922905505
0.4888642313403753
0.4789954565442496
0.46952587036941174
0.46005628419457384
0.450586698019736
0.44111711184489816
0.43164752567006026
0.42839267034429196
0.438835589134835
0.44927850792537893
0.45972142671592287
0.47016434550646685
0.4806072642970108
0.49105018308755477
0.48789268538978675
0.4840049639879486
0.48011724258611044
0.4762295211842723
0.4723417997824342
0.468454078380596
0.46596221741463856
0.4644565621914226
0.46295090696820684
0.4614452517449909
0.45993959652177496
0.458433941298559
0.4558519532235236
0.4495181763507175
0.44318439947791144
0.4368506226051053
0.43051684573229926
0.4241830688594932
0.4178492919866871
0.4262154705782802
0.4369771974677743
0.4477389243572685
0.45850065124676265
0.4692623781362558
0.48002410502575
0.4833329051780448
0.47909322825035566
0.4748535513226665
0.47061387439497737
0.46637419746728825
0.4621345205395991
0.4587115323175833
0.46057757571326
0.4624436191089367
0.4643096625046134
0.46617570590029017
0.46804174929596687
0.4699077926916434
0.46442730931176157
0.45676108242840774
0.44909485554505385
0.4414286286617
0.43376240177834613
0.4260961748949923
0.4230114105919145
0.42658408410079945
0.43015675760968447
0.43372943111856943
0.43730210462745445
0.4408747781363394
0.4442052068574151
0.44234467583973014
0.44048414482204495
0.43862361380435977
0.4367630827866746
0.43490255176898945
0.43304202075130427
0.4398826238854209
0.4507891775577621
0.4616957312301033
0.47260228490244455
0.48350883857478577
0.494415392247127
0.5032486119659527
0.5076448970242565
0.51204118208256
0.5164374671408639
0.5208337521991677
0.5252300372574715
0.5296263223157754
0.5392076760783685
0.5490309997138283
0.5588543233492882
0.568677646984748
0.5785009706202079
0.5883242942556677
0.5950089126193515
0.5995335617637492
0.6040582109081468
0.6085828600525445
0.6131075091969417
0.6176321583413393
0.6195569344088919
0.6127432481903818
0.6059295619718719
0.5991158757533619
0.5923021895348519
0.585488503316342
0.578674817097832
0.5837017126245349
0.5905569332736595
0.5974121539227844
0.604267374571909
0.6111225952210337
0.6179778158701579
0.6197387449928713
0.6164698672920393
0.6132009895912073
0.6099321118903753
0.6066632341895434
0.6033943564887113
0.5979215862570788
0.5789249300409923
0.5599282738249058
0.5409316176088194
0.5219349613927329
0.5029383051766465
0.48394164896056
0.47990587461184325
0.48016215653655026
0.48041843846125726
0.48067472038596426
0.48093100231067126
0.48118728423537827
0.4827073994665475
0.4860163249160938
0.4893252503656401
0.4926341758151864
0.49594310126473273
0.49925202671427904
0.501474582434628
0.4834635019487062
0.465452421462786
0.44744134097686417
0.4294302604909424
0.4114191800050206
0.3934080995190988
0.3990708866326404
0.41547459515704854
0.43187830368145674
0.4482820122058649
0.46468572073027303
0.4810894292546812
0.4908460427364198
0.4867871253451631
0.4827282079539064
0.4786692905626497
0.4746103731713933
0.47055145578013663
0.4664925383888799
0.4809123936985197
0.49606650487706894
0.5112206160556182
0.5263747272341676
0.5415288384127168
0.5566829495912661
0.5623007672626977
0.5615272392857434
0.5607537113087891
0.559980183331835
0.5592066553548807
0.5584331273779265
0.5555746960392073
0.5459544159596293
0.5363341358800513
0.5267138558004734
0.5170935757208953
0.5074732956413173
0.49785301556173933
0.5088255264650907
0.5228042842272627
0.5367830419894347
0.5507617997516067
0.5647405575137786
0.5787193152759507
0.5820120098983829
0.5750193687488179
0.5680267275992529
0.561034086449688
0.554041445300123
0.547048804150558
0.5408965551228981
0.5396405036750309
0.5383844522271637
0.5371284007792966
0.5358723493314294
0.5346162978835621
0.533360246435695
0.5373553644257794
0.5428020251873288
0.5482486859488788
0.5536953467104287
0.5591420074719787
0.5645886682335287
0.5639898424288898
0.555055573025416
0.5461213036219421
0.5371870342184681
0.5282527648149943
0.5193184954115204
0.5113898172344552
0.5199975281138681
0.528605238993281
0.5372129498726931
0.545820660752106
0.5544283716315189
0.5630360825109317
0.5613436926708267
0.5551154786606592
0.5488872646504918
0.5426590506403243
0.5364308366301568
0.5302026226199893
0.5238712407848382
0.5173315393030856
0.5107918378213331
0.5042521363395804
0.4977124348578279
0.4911727333760759
0.48463303189432333
0.49109201358477317
0.4979785835374664
0.5048651534901596
0.5117517234428527
0.5186382933955459
0.5255248633482391
0.5195811336679148
0.5052639452797282
0.49094675689154166
0.47662956850335514
0.4623123801151686
0.44799519172698204
0.43982820429112446
0.4509210566796598
0.46201390906819517
0.4731067614567306
0.48419961384526594
0.4952924662338013
0.5063853186223366
0.5078621076028208
0.5080149458242261
0.5081677840456313
0.5083206222670366
0.5084734604884418
0.508626298709847
0.5129564282795119
0.5212059917068013
0.5294555551340914
0.5377051185613814
0.5459546819886715
0.5542042454159616
0.5607797003688806
0.5580778041929959
0.5553759080171113
0.5526740118412267
0.5499721156653421
0.5472702194894574
0.5445683233135727
0.5442954493545993
0.5446690087275454
0.5450425681004915
0.5454161274734375
0.5457896868463836
0.5461632462193297
0.5467917432642436
0.5477626938983682
0.5487336445324927
0.5497045951666173
0.5506755458007419
0.5516464964348664
0.5525156185750475
0.551887861854261
0.5512601051334745
0.5506323484126879
0.5500045916919014
0.5493768349711149
0.5487490782503284
0.5461643775931375
0.5427435281631195
0.5393226787331016
0.5359018293030836
0.5324809798730656
0.5290601304430476
0.5264745385608399
0.5255279426215049
0.5245813466821699
0.5236347507428349
0.5226881548035
0.5217415588641651
0.5207949629248301
0.5225668299588329
0.524409767920243
0.5262527058816532
0.5280956438430634
0.5299385818044736
0.5317815197658838
0.5306366388780304
0.5275932480963744
0.5245498573147185
0.5215064665330624
0.5184630757514065
0.5154196849697505
0.5102601211550611
0.49869777739427507
0.48713543363348794
0.47557308987270075
0.4640107461119136
0.45244840235112643
0.4408860585903393
0.4455026061574773
0.45221426195412984
0.45892591775078245
0.46563757354743507
0.47234922934408763
0.47906088514074024
0.4894387333513173
0.5031698063307266
0.5169008793101347
0.5306319522895441
0.5443630252689534
0.5580940982483626
0.5691469587432081
0.5660588573195592
0.5629707558959104
0.5598826544722615
0.5567945530486126
0.5537064516249638
0.5506183502013149
0.5469226998638631
0.5430715170044779
0.5392203341450925
0.5353691512857076
0.5315179684263224
0.527666785566937
0.527731042053959
0.5329199176855429
0.5381087933171269
0.5432976689487108
0.5484865445802947
0.5536754202118787
0.5581638420777596
0.5533553321443192
0.5485468222108789
0.5437383122774385
0.5389298023439982
0.5341212924105578
0.529312782477118
0.5309921677225882
0.5353602302494086
0.539728292776229
0.5440963553030495
0.5484644178298699
0.5528324803566903
0.5530642118573306
0.5454062749191478
0.5377483379809651
0.5300904010427824
0.5224324641045996
0.514774527166417
0.5071165902282343
0.5026927169263887
0.4983318448642113
0.4939709728020339
0.4896101007398565
0.48524922867767906
0.48088835661550167
0.4798796067393409
0.48094433450401464
0.4820090622686884
0.4830737900333622
0.48413851779803596
0.4852032455627097
0.48783844054299946
0.4950672521289636
0.5022960637149271
0.5095248753008912
0.5167536868868553
0.5239824984728194
0.5312113100587835
0.5367390352226845
0.5420601998924779
0.5473813645622713
0.5527025292320646
0.558023693901858
0.5633448585716514
0.5663782032344987
0.5673718047586236
0.5683654062827487
0.5693590078068735
0.5703526093309986
0.5713462108551235
0.5717924546689571
0.5694808577117092
0.567169260754461
0.564857663797213
0.5625460668399652
0.5602344698827169
0.557922872925469
0.556329361148471
0.5549125211221698
0.5534956810958683
0.5520788410695671
0.5506620010432656
0.5492451610169643
0.5521592905977785
0.5605969756195487
0.5690346606413202
0.5774723456630904
0.585910030684862
0.5943477157066321
0.6030884542382503
0.6154910893472014
0.6278937244561503
0.6402963595651014
0.6526989946740505
0.6651016297830016
0.6775042648919505
0.6619151299329583
0.6350793016431031
0.6082434733532429
0.5814076450633877
0.5545718167735276
0.5277359884836723
0.5083487969568301
0.5027754408813968
0.49720208480596356
0.49162872873052926
0.486055372655096
0.4804820165796618
0.47490866050422853
0.485702905568814
0.496708345486817
0.507713785404822
0.5187192253228251
0.5297246652408301
0.5407301051588331
0.5512199917196526
0.5613994941164505
0.5715789965132484
0.581758498910048
0.5919380013068459
0.6021175037036457
0.611241233358712
0.6173778986713198
0.6235145639839265
0.6296512292965343
0.6357878946091409
0.6419245599217487
0.6480612252343553
0.6512904197947982
0.6541896885961297
0.6570889573974619
0.6599882261987934
0.662887495000125
0.6657867638014571
0.663139822985413
0.6556729619066489
0.6482061008278862
0.6407392397491221
0.6332723786703593
0.6258055175915953
0.6161501207418153
0.5959573294389887
0.5757645381361659
0.5555717468333393
0.5353789555305165
0.5151861642276936
0.49499337292486706
0.4972690863909905
0.5048523206686756
0.5124355549463593
0.5200187892240444
0.5276020235017282
0.5351852577794133
0.5403912627150302
0.5426427111826508
0.5448941596502711
0.5471456081178917
0.549397056585512
0.5516485050531327
0.5543532261247502
0.5620788129637183
0.5698043998026879
0.577529986641656
0.5852555734806256
0.5929811603195937
0.6007067471585632
0.59921967395254
0.5941453702865206
0.5890710666205021
0.5839967629544827
0.5789224592884641
0.5738481556224447
0.5711668965335406
0.5728016642712165
0.5744364320088922
0.5760711997465678
0.5777059674842437
0.5793407352219194
0.5809755029595953
0.5779173076391626
0.5748290292222034
0.5717407508052447
0.5686524723882855
0.5655641939713268
0.5624759155543676
0.5674859317158986
0.5772404032870493
0.5869948748581983
0.5967493464293474
0.6065038180004982
0.6162582895716473
0.6223279670498818
0.6183083273689443
0.6142886876880059
0.6102690480070684
0.6062494083261301
0.6022297686451925
0.5982101289642543
0.5854088185422512
0.5716798668447823
0.5579509151473159
0.544221963449847
0.5304930117523805
0.516764060054914
0.5139678228093981
0.5204322378055343
0.5268966528016715
0.5333610677978077
0.539825482793945
0.5462898977900812
0.550938043154587
0.547218374859083
0.5434987065635781
0.539779038268074
0.5360593699725692
0.5323397016770651
0.5286200333815603
0.5245186845851588
0.5203308613002728
0.5161430380153862
0.5119552147305002
0.5077673914456136
0.5035795681607276
0.5024029966606873
0.5048738569000369
0.5073447171393871
0.5098155773787368
0.5122864376180869
0.5147572978574366
0.5168742971122484
0.5153768591678539
0.5138794212234594
0.5123819832790646
0.51088454533467
0.5093871073902752
0.5078896694458807
0.5139213892423032
0.5227930545023652
0.531664719762429
0.540536385022491
0.5494080502825547
0.5582797155426168
0.5668228389403384
0.5747895731058794
0.5827563072714218
0.5907230414369629
0.5986897756025039
0.6066565097680464
0.6146232439335875