0.6429301210842036
0.640523090542439
0.33753653660614946
0.11397099067790095
0.4362642959871641
0.48255344798340705
0.4303188381838793
0.13315385603160512
0.7267255370454127
0.6762387161499069
0.9451433225998156
0.3615068606601284
0.4641459775445659
0.38611734194512903
0.917147381465357
0.833691559878942
0.641027669387639
0.5356901657962266
0.7777720360935088
0.33203576755973385
0.659326522737779
0.2189145752513938
0.16561021909446716
0.7877609370238636
0.2553640528376171
0.16796425410191895
0.8368762596545198
0.5261677694964451
0.5687052407909271
0.3046927869515095
0.04253537652000683
0.08511107473667612
0.6625886616213101
0.8660359468851154
0.4811365956839848
0.030228787926647516
0.5428192448781942
0.0014099275176689963
0.6673014586618542
0.7302252174723747
0.3261521366107102
0.08857574676190583
0.32711555697233075
0.8201099077584532
0.6893546248284396
0.29689375438251464
0.12879583608402734
0.5056393804767922
0.7696256995026305
0.9492618889046086
0.7415254674851846
0.7597624625993726
0.005430263196349094
0.6409538009981661
0.9915457825866041
0.6069842400609692
0.1650132857878367
0.8907282783301671
0.4584826708348567
0.7035749489024268
0.40459443883935853
0.9423279682631532
0.04633344796535066
0.5442446908027164
0.9346024971237891
0.9058368193009141
0.5613627139377338
0.6795613175586356
0.17593173050595434
0.9560490561775503
0.8773483601936388
0.4735928320528934
0.048476990467569814
0.4484022092498199
0.4293812293553928
0.8662996678929318
0.10461490221077252
0.7089667919756464
0.5614511071149786
0.610896490434278
0.7148208740999661
0.29131817679003835
0.5321662458725814
0.39009797365937027
0.9168829842731868
0.5810308566917449
0.06812163868619758
0.31703972990272034
0.1922003259490923
0.7054668397258704
0.32534538960354
0.4557942722893178
0.22983129593841045
0.018545850697939237
0.3104170002148757
0.6101171254290728
0.5230375218756947
0.9024648553812716
0.7509773319460965
0.30754053904370116
0.2987794555382939
0.8092212665209333
0.3269939812925452
0.3165602186049046
0.3614091099183193
0.03823626309694905
0.4457285605229482
0.1895295426775424
0.49069253723606154
0.32130397217799367
0.4987163585783838
0.8907204075743486
0.1379390228396553
0.508194953520998
0.37971685007001077
0.359784781945757
0.4820049291420171
0.00492681797321548
0.7427092100094137
0.5285343414532774
0.2373159886884899
0.09449946141499088
0.31824685578421863
0.2868350332884261
0.18893395083111764
0.4462628121034167
0.09992084741292062
0.6334907115385875
0.1411150870073402
0.12930709312417143
0.536595970887155
0.5357924887485797
0.4508865427501708
0.17771466102320244
0.5491377578882194
0.2978366487939461
0.03462091266978318
0.01000980145706265
0.2401189897144672
0.07199912193736746
0.6638130038480765
0.17704346848384045
0.3062307383368976
0.14036843894949624
0.7395782067745579
0.9728407307261535
0.17430038090236277
0.06817558385559797
0.8477037343596748
0.48757282924568324
0.2596108191735311
0.17208393283936407
0.3508339634408638
0.3726629154403963
0.7258447164081584
0.24711965739382014
0.07518306629098637
0.9656166412952086
0.2306213755785277
0.05855011733267368
0.8535605123336225
0.8886276398404755
0.7398199248632126
0.7933090772732875
0.6578146749847358
0.23912714149660208
0.7174882140732871
0.9764155012329487
0.5527642258176982
0.07560103581482225
0.9227153030111153
0.09173364053314714
0.14059722550619536
0.8590460217310596
0.1833236899498739
0.8754503833599916
0.31477575683444725
0.1810065688362531
0.6032773146700782
0.0029638123712071307
0.7972151667702603
0.1446751046910728
0.3045228222123131
0.3419912304366233
0.7887001212622067
0.04581356330379904
0.5127897741046171
0.6492050253227112
0.12102883930968011
0.7841137544461931
0.5626780947138769
0.6204276350476415
0.5843738028551532
0.24825972106126704
0.26144371526617693
0.24860398999564182
0.553570689707081
0.03924602348601092
0.07230418836468444
0.785422471530396
0.9101644168189563
0.5190315779788187
0.4028752816131038
0.4622923177434062
0.3922314609492237
0.8555173428393418
0.27188343586052566
0.3264456630520849
0.6310386568018003
0.9810937986685854
0.7880553435802167
0.9590550080415953
0.642018310102026
0.16354775615732753
0.030144899074273868
0.04712517041367348
0.7108018990004044
0.5378726173438904
0.5506011328433371
0.5953566879923781
0.06627682228490328
0.5940721563044916
0.9180566275667151
0.09766109031402415
0.6782003263809564
0.8207265171702401
0.30616199483819395
0.5063168852019757
0.06226097205322212
0.5923872054805105
0.7408491669522391
0.34108667402229353
0.5638177844251292
0.4754238659934332
0.28201828030019216
0.9280399377804761
0.9954824326456739
0.38573349156487047
0.8735713675482245
0.5332617559464782
0.34425306309536785
0.25435961128179907
0.8461871906856006
0.660704653871877
0.4581742928995761
0.8751351957991738
0.08121535665868773
0.3006726022121542
0.7490961218014018
0.9719430315193666
0.15359810129816098
0.7386165034914909
0.17313546697573523
0.6836755170039074
0.19627114265552914
0.028571897041234084
0.10158120436996265
0.42715657044911903
0.834204121528131
0.18974008143165677
0.8724727985024774
0.7549689843424926
0.37913142564355085
0.3731627559865929
0.6803125670827977
0.5740613673656886
0.745060741628248
0.9013341674726847
0.9357737376864642
0.03320429280008075
0.35352022369987046
0.4587945734841864
0.10425895417804154
0.9137110605530996
0.14007621055368413
0.22156397204163925
0.5327175260281516
0.5195329297280286
0.6468701049583886
0.9643534095438064
0.6802729410649744
0.06055851742011109
0.26992117476413446
0.8300627911886265
0.969869391091108
0.18329526069728042
0.3517804675973991
0.8861447277271035
0.5527315193799718
0.3525472937053806
0.6313154943901798
0.35731431566040295
0.5463699722775169
0.3473627343184448
0.43512704637654975
0.7530973044930767
0.46925198746720354
0.0740971746288781
0.14525247803199215
0.5756058877675225
0.5913660915349017
0.3944383587510044
0.32346674015042354
0.9711205825992878
0.010431017716181601
0.42257118722999776
0.1643943178366336
0.99560665856847
0.1175697478248805
0.2319788782820249
0.8181507690716571
0.9595258097898304
0.6312568259040895
0.05789066777379481
0.12475602579500966
0.8484442130290962
0.2707962801971233
0.8155179227205368
0.9089831064773733
0.7313465185822924
0.49236969173751266
0.05929956876907061
0.8792369947808082
0.5545703968426582
0.2601220421760161
0.11608559915224814
0.07871970759358149
0.0695865868275094
0.045630132002580925
0.3125722113492396
0.5955539057340645
0.16567009553994894
0.8268263708396786
0.9671964303238262
0.6570031745104843
0.755272165425426
0.11375732485150336
0.232290849108316
0.8484879303359806
0.08112275488258136
0.4359321457183595
0.32813031460787534
0.5946082031743922
0.5579563013365731
0.7309629033328195
0.3828741353917674
0.4962716073614022
0.15994817033331832
0.07041577394763476
0.5554559703859943
0.7322821509502079
0.810931712859079
0.13904584269120446
0.7377882676736207
0.4936861035753576
0.1064313281774305
0.9584042637675217
0.7107952921326331
0.9391131060345548
0.34594886050499707
0.06739373358366674
0.7840528372904849
0.8250033008687585
0.7119819097251923
0.21157283557696005
0.8070902080993957
0.24255808422406855
0.3652482709422572
0.5306817861954541
0.9480140878831755
0.5144693766235353
0.43127683297952457
0.42425321729839527
0.26846071783587533
0.850716206580812
0.9739932179057675
0.37940438409905786
0.21521573557920393
0.709297689463075
0.767665188719803
0.5353633131740233
0.13665585652109957
0.24564561443796462
0.01704772248657238
0.5290169306340036
0.42618333172247014
0.8014583554338053
0.9768475781154152
0.5609844542525563
0.5139281349272371
0.16679458168826833
0.43916331358679217
0.19604855907293395
0.21245240323031578
0.7436466694842764
0.6982083914895569
0.5342371532739911
0.6933669718683594
0.3377283795873114
0.4278974124345545
0.41911353732953593
0.24131250935131798
0.3680918050171732
0.014519353499218512
0.8992025176503072
0.7061947824503731
0.746713326602933
0.5842779119310915
0.9934972402547544
0.6948291723209434
0.5286158874494021
0.4908622575073819
0.961103985023952
0.21422425704838532
0.7427008457151905
0.8481920964734884
0.5736619937243327
0.5972977413561864
0.5960441905102571
0.8715235186075587
0.4561544958436706
0.45690990788083796
0.2636989235923799
0.0733230583487815
0.897817069880288
0.3576742963751852
0.12602348660452156
0.42357629718656675
0.22515449812592947
0.18297612888482262
0.2819079695530623
0.7864231505679427
0.14662341927267386
0.5291370470238929
0.29506314636105124
0.9587617051504614
0.7272363567141283
0.622234585366746
0.516962249825738
0.3891764799612467
0.6722780690863364
0.6789445776723386
0.5640590905592578
0.9719195653469069
0.5094331234136106
0.11954216631450332
0.2848052757659095
0.20485063052319952
0.1683700085011105
0.5499701118298413
0.4649317810087512
0.01461507243758653
0.5926996461332007
0.4542401654786511
0.5753631669686359
0.12264254486087123
0.7681066733796744
0.4640722949711634
0.6793321865659341
0.19026090781564198
0.9845082874628603
0.6509849615541587
0.3062300115054196
0.2825824990900768
0.8139426027753559
0.5452541468020565
0.2553671877443612
0.9426481496336258
0.14312976412064948
0.38550244743280804
0.5502240479436228
0.20719218831020225
0.38132061115038496
0.5777584184582415
0.8893448999871327
0.3298536055623429
0.006524292117190078
0.7552685707900567
0.4847903080310255
0.5718241903234954
0.1922835877582606
0.5031653746627087
0.4938561365144225
0.575739019135572
0.29405349516629686
0.9182812727389321
0.6046466882049933
0.4871911190395828
0.5714089039773826
0.39879278480950764
0.7718243544320122
0.6525673123857966
0.03972814817416681
0.1887118238936547
0.1121481122828587
0.734657192037533
0.9766510948670771
0.7102665963569305
0.7972222916234791
0.6955174166067732
0.36664702475093736
0.4793882240411237
0.4986341091436707
0.16261644893451843
0.9163393614366525
0.3400420529053755
0.8082820266806281
0.5547241052460328
0.39949265686523017
0.03425506715253068
0.475240210161464
0.20929776487397145
0.028946914652859035
0.3657199293082277
0.06674911291842012
0.537838719441635
0.6177583961765025
0.996480475993051
0.7787649255798839
0.8948624849268828
0.27662174742469325
0.5335537784343349
0.583675490563447
0.32654470936770363
0.020992704501959003
0.05287906043929469
0.8139636634234084
0.7803199144671521
0.2913508304546555
0.43858573125872025
0.7845905471739809
0.7582562496374496
0.8364165554778978
0.13751470528306386
0.36396580760359987
0.15714258811583903
0.4084419725011317
0.6061823633665636
0.38960904584669365
0.3306336634920989
0.22518366319112448
0.9043206956667091
0.06372393175760649
0.03838805238750276
0.036613661836383815
0.7758329745042083
0.24284427332679537
0.3517678436707308
0.5962973034642048
0.2726673929921333
0.5641064397299783
0.4290980272083669
0.6689387504314755
0.14480872144226686
0.6042066660554102
0.7843027277379279
0.4581299362240552
0.31526385098894794
0.6553862315130569
0.5760724845273005
0.3451551849586256
0.6605657175588514
0.8999673574391458
0.9355550982832688
0.03274084660170251
0.5848932665731968
0.7887995083213227
0.5004392713547334
0.32840765927676663
0.36604106782295065
0.7743726219109888
0.4760926731834132
0.6662060655366223
0.3140611374923805
0.0031532778949289186
0.2808450265832836
0.6788834485278396
0.7835906667480543
0.49605936995855604
0.1566889721226169
0.17023999036561632
0.8851186311383441
0.06816568836274894
0.15499225828286056
0.15219823613525696
0.3570088884567001
0.09971718671307528
0.9226040591122151
0.9147971753816517
0.9860575332469576
0.09512120914409983
0.11879328093269326
0.2930899119527751
0.9049867318143028
0.5257954345837957
0.42305659673175444
0.2568357475588713
0.4617507587770686
0.28733702569091735
0.26332491432056315
0.8002429647199252
0.3717285705836004
0.8207016397404163
0.14198308448244412
0.6086333394553649
0.534348249550223
0.8075608139065313
0.1701675354602734
0.2910900136284549
0.4216724806493892
0.024204443672186438
0.24485645548048096
0.14290130410478386
0.18864935399738603
0.3749228966419448
0.8291439468055185
0.46912660304295806
0.30620444370241484
0.4882539288651184
0.283907267501026
0.06630243885743803
0.8879658837604276
0.37363286543901975
0.02118526455645897
0.43616954279948317
0.7822801732111957
0.991898536762882
0.9877623048293855
0.35484806366664656
0.6550402295790274
0.9409671787416587
0.4958825855348169
0.9126632956357025
0.5639900258786692
0.7481578422351701
0.5672202745010967
0.17089981421720457
0.0795958379680698
0.9568402048237178
0.5854207520692135
0.26265879957908433
0.632639611227318
0.8688752768136374
0.003911046528336404
0.42801832918439797
0.45145244041018806
0.02747203671308207
0.24017239858728612
0.3283530667910688
0.246954005742674
0.7169382070248935
0.9146188281736066
0.258015870455245
0.7129636947112704
0.28118977563308756
0.5802002033599515
0.0446849060389346
0.15486004367636286
0.7096983589265631
0.6988403733649184
0.7733430019250168
0.6416233689634698
0.09036380383128162
0.3056784150461478
0.8846585330209592
0.22924268393830727
0.28545957348786244
0.42054990756643684
0.7771038214057109
0.6926856174706334
0.2021443908467745
0.6683883378737583
0.6355975479233221
0.30994976371589844
0.24475018280070449
0.9818130702961214
0.09506680851583571
0.43185711378082026
0.2746746061564146
0.6839059953978379
0.016955249015634943
0.6405183350017014
0.17866680708021687
0.11004616527297817
0.8319978304732523
0.34112143597811195
0.9283210518279527
0.2904335585601012
0.19566922542094423
0.7514218726428579
0.6593864347484164
0.09237422028502262
0.7786697057914467
0.7993124679208649
0.36655558672571265
0.8602739325163459
0.6524678797031053
0.32357714096823886
0.6625802672646517
0.854561645860753
0.7330069915312699
0.41644099186332373
0.8821533111102633
0.6222422272806449
0.5193388969509806
0.40388806666468935
0.643327643565018
0.5990900382848044
0.2734655047628144
0.48006137536329296
0.8410504389048591
0.994471354470045
0.8493152267383889
0.1404708024365482
0.11290600313516286
0.872766434720234
0.40616410413052884
0.4558706978264947
0.3180339505618348
0.1371377852885447
0.1143425119800624
0.6999100865066138
0.6854293565917801
0.6745358854578665
0.9722636450485416
0.7450749268754986
0.6731552600405006
0.11521943470273621
0.06710053518450687
0.3209828692153802
0.065577353732577
0.48109136065034686
0.7179487553821015
0.41014662953291814
0.307511060489445
0.8230623950135353
0.9446571140458523
0.7498841212739116
0.2926278491345141
0.5018557807618982
0.7661184206796742
0.29133895493523343
0.8305218160244852
0.1805670937837658
0.861146539899502
0.1768181862082875
0.7954327164437269
0.820387112869884
0.4003004854926444
0.596985072329983
0.2450480555907686
0.6558912407677752
0.07039959430741716
0.5819432625432992
0.683462373705621
0.8574999265991886
0.8585238290565932
0.7706597481944373
0.5203641042297864
0.9647001074401343
0.3285097574185283
0.6982487168842745
0.2951743214930882
0.4359631536808555
0.34202723042914474
0.8111802770687148
0.062205896550868056
0.6789689086993725
0.9293140921544569
0.5961905120796334
0.28890924764282344
0.050687778233163505
0.29531697487974706
0.418558334231813
0.8548615614505883
0.1438114381602722
0.16406223258650754
0.07801859905022268
0.545416472703843
0.9494304204840412
0.7726401359668181
0.4449379307590271
0.9403808563639792
0.9843489746997853
0.8267446830524522
0.21125715919399235
0.9069358790715552
0.013144250205370023
0.5346797007025371
0.8048755767414347
0.3375991420293729
0.2019171539160245
0.3171931175584185
0.35001272197533684
0.9467616109830513
0.33274225029573934
0.7863806973202514
0.508358390089843
0.16335457303745093
0.853125076077465
0.28530636640905715
0.27412338481094845
0.6959169559246523
0.7581500332132448
0.11970705268404103
0.17850435140119214
0.1968902808820251
0.25494049969123367
0.8580162335288914
0.027162191911213274
0.1110742666864093
0.641901854047519
0.8362642245518267
0.7078705348113962
0.6773725177421566
0.25101069236993456
0.9910387206811704
0.2962529773466078
0.22702934962940813
0.5639524857422241
0.3656479827396184
0.09627281825497336
0.2615986481002982
0.228375685863623
0.05669577300897044
0.4988228904886215
0.09921999468529352
0.18940083452099565
0.18788325431084896
0.9326789697845443
0.2915250078232169
0.18728529081798473
0.11365968050379671
0.5492000582508302
0.9467363935265097
0.2494035596453965
0.26745490388316595
0.4466660157839535
0.8673068769004901
0.8306584488347296
0.5408816453331121
0.8268293744402665
0.10967600578164527
0.4818923846383967
0.5135657879347332
0.6282259132453261
0.49527727458770276
0.7353426957492282
0.8850966145243596
0.31224207493447764
0.6028246255132007
0.3435640238134924
0.7109127363685944
0.6791278594556915
0.4468248816374657
0.15578629530561194
0.2735754476013845
0.7608177500995038
0.489794966378196
0.8635740262159393
0.5377642998489558
0.3654745737345686
0.5460607952114714
0.5573434998098991
0.911581281299762
0.43608763357286495
0.1528697842967679
0.3474458453265693
0.21205479614493694
0.7571629433910895
0.7205316143860648
0.27906276764565885
0.788019124534632
0.9384591472109439
0.8453405327727247
0.35854344180820086
0.41412714988248045
0.2902376743509171
0.08425265784698155
0.43159649347371
0.4084167292791979
0.4952019915134971
0.48014517116278443
0.6156100219744302
0.03205213946712837
0.3934948000760642
0.8834197349519721
0.6885405079868908
0.8809672570178039
0.36884489736485315
0.5875422006934474
0.648152589404535
0.9298112383183463
0.7013631262425624
0.9788129351307818
0.25809547455213144
0.24937497166145406
0.12807821828821697
0.9963251534213443
0.890435775368883
0.2730830093697827
0.39427170618553153
0.23296155968914312
0.6872137107805251
0.10316154003446065
0.8259623693320475
0.22163967600781864
0.09287139672405376
0.9222082200068845
0.24398486434664612
0.546174298014366
0.8501082017127385
0.16820629013249044
0.9052788435845693
0.12002508547867108
0.2625364737588608
0.509679033463668
0.4733918538796914
0.686322388839122
0.4433926504569725
0.3935828452709178
0.12729802467279228
0.43245638176704615
0.41551451282240104
0.21300512091706614
0.29769265820308477
0.04326216384588377
0.985040675377123
0.6852523972275888
0.09569727233332026
0.47214028002595565
0.42546121490714606
0.1440216248633599
0.6418577598156178
0.6384872461048182
0.012111790067112493
0.692727091974393
0.22834337316289088
0.2210338221078575
0.14195194799069788
0.2509243660079036
0.42897414555329083
0.3863563805716905
0.9858299583903437
0.40696625970260913
0.8246446723457401
0.6206095444666156
0.3329902127392247
0.9508542488333073
0.6796248275542058
0.7610966169122635
0.4534440334323909
0.02953322759051291
0.7150564284327173
0.24374409970119781
0.7331783232166618
0.8147130468918358
0.36183762296631583
0.20352847945717734
0.05299099268272911
0.10110236400682648
0.5015502943851071
0.5129851590898398
0.36357762121048
0.06790972600166101
0.6652497310367036
0.9422929756932756
0.43931182039297445
0.2467071256812018
0.35827440601292093
0.3166675892057347
0.29782942434413195
0.5244114747793348
0.6649403319424837
0.7736586901666515
0.60787369108508
0.5144376341682064
0.4180748034207602
0.48368204278083693
0.05970849225083652
0.8858278618995289
0.7481211738808033
0.07663664715091256
0.9249282508457309
0.822765396043051
0.034750922139433316
0.1881217933781375
0.2308280384276007
0.3500105502678108
0.43921814269782145
0.5274246268686208
0.07472985358923445
0.6368256549223222
0.035703697313632876
0.8076460937359997
0.24049523971711106
0.5451930598927733
0.8146697740746907
0.14495840844450425
0.8231229516366546
