0.4879479522184312
0.4879479522184312
0.4879479522184312
0.4879479522184312
0.4879479522184312
0.4879479522184312
0.4879479522184312
0.4879479522184312
0.4879479522184312
0.4879479522184312
0.4879479522184312
0.4879479522184312
0.4879479522184312
0.4879479522184312
0.4879479522184312
0.4879479522184312
0.4879479522184312
0.4879479522184312
0.4897964368777363
0.4916729301997554
0.47943373168025893
0.4473599155013517
0.44889354172052803
0.49494476603892573
0.45309595995297963
0.43063529855942345
0.4104168550299699
0.38337247069858327
0.3800764394792462
0.3653251144266999
0.36833551580883056
0.4158804292641753
0.3806907117046616
0.36648005732674077
0.3709966793368096
0.3915842862636608
0.40325042511709086
0.41014939325914895
0.4125221802101542
0.4099152697770101
0.36281709725568057
0.3640483032409789
0.39959487670607163
0.4031132775547481
0.41421505820772986
0.4159111479063495
0.40711476554737897
0.3969846242370452
0.39256957492251643
0.3860894630425878
0.3699827477103035
0.3106143618290982
0.34382080014746524
0.3921878362248453
0.42018119851292435
0.409595939347264
0.407544235209537
0.40329640162979374
0.390205559838556
0.38265977842758175
0.3408819042823068
0.32575387923835175
0.396641326456312
0.38207080414269334
0.3861106994453792
0.40331207314385015
0.42469453428398446
0.4416638646021646
0.4300711679815584
0.4082447872780595
0.4154893996679737
0.4223591131862455
0.43852759639397465
0.4507861179640305
0.41592432505009075
0.41889384569331706
0.4103784522132919
0.39247442588472176
0.42195523144338887
0.3878220186199749
0.355349653979484
0.34687850635441136
0.3696642678112824
0.35716196214478424
0.36102164720011876
0.39871433960748787
0.3617684604626337
0.3747173500953098
0.3802336597691031
0.34104648318949476
0.3921273042455932
0.3971559085112908
0.3942949529935112
0.42187330170812576
0.4091577197627786
0.392045754201036
0.3825028662324017
0.39768163728269773
0.40110460860885955
0.4040137809354073
0.4151016073475752
0.4520128728634346
0.45188210696790476
0.4253164058864184
0.3943033966985018
0.4235108431047493
0.4075665539770258
0.40727998762282064
0.4288391729676987
0.4335703664987009
0.4191942761776511
0.41429162528963864
0.4247184223379226
0.41543643503661287
0.4036336385248907
0.3857717563330897
0.3630867887678121
0.388141800123755
0.37806935024552024
0.3721243845882418
0.3991803907064527
0.4275690503784175
0.430279876421487
0.410732600686208
0.37111633053440274
0.4088130103633389
0.4149036102934616
0.41966306331742337
0.4772858502116338
0.44478702144830384
0.41193564576540626
0.38787908688431183
0.3757676486776167
0.39160538682741586
0.4086226698794023
0.41931796095422663
0.4123047240869954
0.412099600866382
0.4475096723236438
0.4993856464239323
0.427265614288858
0.3837075654179351
0.36612756555401443
0.3727199536324919
0.3883277838889386
0.434500055791719
0.4469804875821505
0.3978364794635407
0.45663538961239436
0.4641083176534139
0.4504568840860392
0.4382851800214511
0.4145761055415402
0.42348930641161314
0.4477269027877437
0.4679319806532199
0.42956073759064584
0.4210637551479562
0.4291656301622398
0.42616443492964484
0.43218995430357166
0.41562578033716024
0.39956652088543165
0.4493093638199399
0.4498205427439148
0.4325024645100424
0.4223758111774096
0.4919404778770073
0.44178221782388344
0.41101621514841535
0.42776265919509165
0.43593758861154297
0.4188628595633404
0.41350741505066546
0.4309148853951374
0.4287978542104066
0.4168786842397945
0.40256267964778025
0.39061982185920996
0.3937681314591325
0.3897060235898236
0.38037880600142004
0.3671245564517382
0.3483596944313597
0.3624026729463567
0.3879330123404101
0.3985851579705103
0.39583140195670574
0.3864583008003587
0.38084425868708444
0.3976095143566027
0.4112630720532328
0.41354175290882866
0.40226921450800185
0.37292513550135586
0.37081078754592656
0.376299102559046
0.3825449100299959
0.37713830857513686
0.394438966345158
0.4214514393586831
0.44457252026332156
0.40153482115598116
0.36928146217416147
0.3647745077092915
0.39194025853750425
0.40020709778591873
0.4084739370343336
0.4167407762827484
0.4245433143216787
0.41847485372726945
0.4266664801600885
0.4206128756982911
0.3734075030232289
0.4108276857461477
0.4316331245543716
0.4363376935451795
0.4260801522206222
0.43911942002964277
0.4503283433537685
0.4501791007341426
0.4220969784539397
0.4098772086911914
0.40119882020897846
0.3970125720428165
0.40488148298847954
0.42936019672736353
0.4324531906969481
0.41935539484675727
0.4459779140772526
0.43136169285523207
0.40159593327996124
0.375058555645373
0.42357995017666006
0.4270220668097752
0.40734361745879144
0.3773221390253262
0.3830228721289476
0.36806281914977523
0.35826209172514883
0.37125131468883876
0.40851156571430675
0.3990490814110366
0.379399419853832
0.38474192191990364
0.34830881543190323
0.3610216147155314
0.3995831634635121
0.4297417902561939
0.4317331303792156
0.4391645650785634
0.4369639497897834
0.38750431101626326
0.41998608159060635
0.4362994353290638
0.42854681987714316
0.41270579479359903
0.39170853693273944
0.39238759464986545
0.42208672086720855
0.48710219365707247
0.46286233497835255
0.4131147512627043
0.36824774252455705
0.3998980217474698
0.4178450207609833
0.4262122402660162
0.4270871949589458
0.42796214965187535
0.428837104344805
0.4297120590377346
0.43058701373066416
0.43146196842359374
0.43233692311652333
0.4332118778094529
0.4340868325023825
0.4349617871953121
0.4358367418882417
0.43671169658117126
0.4375866512741009
0.4384616059670305
0.4393365606599601
0.44021151535288966
0.44108647004581925
0.44196142473874883
0.4428363794316784
0.43673099943261257
0.40012459175765525
0.40423086638039873
0.43314918910452394
0.46859704501988064
0.43671654246025676
0.4423415837574799
0.4423273582224203
0.4234306887532693
0.4072798605056664
0.3925004931658899
0.4149307519887939
0.4872523342868889
0.46870860985703733
0.4607390711992072
0.46051884291611406
0.4660547869740026
0.4434351261732642
0.3881768976732714
0.3570771937468647
0.4164492819230223
0.39277573559290074
0.42575181804434054
0.4840851754020592
0.5094779552752824
0.4420708694917045
0.406828574529429
0.4019135489749188
0.3969985234204086
0.39208349786589836
0.38716847231138835
0.3845836560708394
0.3927495782560653
0.3714416895647361
0.3743394628655008
0.40446355542210793
0.40018386675744394
0.4189526628812497
0.4314358393926929
0.42673762152375766
0.41194081671220184
0.4144273363005849
0.4196713222530011
0.419068763669124
0.40208365206120766
0.4142526515900092
0.43048513141540257
0.4305257510729606
0.3814418078068539
0.383379964227918
0.41222185290853025
0.4402603672751705
0.4382544786373408
0.40016179781747774
0.355471369057037
0.356052858574216
0.3817126253272639
0.4014876474323047
0.4153731473484042
0.43141103987947116
0.4335736328153651
0.40237933844333545
0.35370733148894
0.36138378998976173
0.40281765252205703
0.4293575371501391
0.4352683994533057
0.4693965538528877
0.46757512432371506
0.4638704676459575
0.47075898340230815
0.47083590829490285
0.47114088336968635
0.4752154995540629
0.483414448931691
0.4446998349988978
0.4377841549855572
0.4370453588421812
0.42034388989864685
0.42464672621924066
0.4273661476486846
0.42865436964286396
0.42884628231192895
0.40753530679404953
0.41588830876359356
0.4311788689540961
0.40557747270143624
0.38092269646687016
0.39866839734121684
0.4394112260169357
0.4380130910875553
0.431692110611462
0.4335434886057506
0.43762864058436074
0.40862087264065955
0.4142031889096349
0.42008951426971275
0.4206157125180611
0.4465296931443794
0.41648759280462005
0.39466874841314037
0.4064543217463505
0.4082600419673835
0.4102178653271455
0.4068214757467097
0.39515642241706017
0.4072559857134323
0.4215936842681305
0.43599243339083626
0.44839628041226803
0.42630907686442154
0.4122546716874802
0.40767336453150615
0.4143531945645396
0.4059994563544642
0.40349176569786305
0.40916069959342016
0.425613398119148
0.43186696619410114
0.42127589468023624
0.40438485955916914
0.41448396335024823
0.39739360303401744
0.3895892945632775
0.3949663568802782
0.39604415220239214
0.45871867132008437
0.48324516201735823
0.4449013305710394
0.40644173551346563
0.3854805980227098
0.3833206374017948
0.3997759029162209
0.4118228215961062
0.39723836662120177
0.39991504909964626
0.4479832655235874
0.38695033238883997
0.37623703140213793
0.3809828336786607
0.3667439670242061
0.400917220399307
0.42579473408639834
0.43601206998810443
0.4244893787399398
0.43864458241162574
0.4340331856676004
0.4246789548904903
0.4480349095904084
0.45908592560624856
0.435247874121743
0.39867406827775326
0.42942228034725777
0.4165381554685639
0.40647458548562093
0.41132983560615066
0.43755862634918036
0.418486025950861
0.41265191795540646
0.43770017427550495
0.4678528010604362
0.4622980684364142
0.4474572638173311
0.437231012142575
0.44449101089011
0.421389818104038
0.4119179304261477
0.4481071940949211
0.4265053050116906
0.41847921931405774
0.41323877308599405
0.399147403581575
0.4032436435791853
0.41959841818862287
0.43391562754399493
0.42353005460930715
0.39859300774268563
0.38128784929063375
0.3775039171096783
0.3975311048937349
0.41795066581428886
0.423648720974266
0.412390397060917
0.3837488147803409
0.3713786830257949
0.3666113601227553
0.3757080571231781
0.44272270247734746
0.46974391589456344
0.4448314690566814
0.37656833735824663
0.39496221647252566
0.393409451210023
0.3852787302285907
0.37697309499635107
0.35775069568674206
0.36698904862967413
0.38561565037259526
0.39906274115489004
0.3986458403630665
0.3755612404730756
0.3405830947599738
0.30560494904687197
0.3938180838376862
0.4299423266897223
0.42964579946675013
0.429349272243778
0.4290527450208058
0.4287562177978337
0.4265773361074672
0.4176707801169705
0.3902789010568237
0.37863919620255365
0.3871682152932157
0.4110829229363717
0.42572810847267445
0.4212066278982035
0.39741059220910985
0.3705429042086091
0.39437760799947147
0.40469488982567614
0.38184734239279405
0.392177132559057
0.3916860951584351
0.4056932771968271
0.44614156929711163
0.4287133895386839
0.4374267804788947
0.44620535412395596
0.4329647102147169
0.39169038524581234
0.39490099715331406
0.4123363249259041
0.40633264658041784
0.4397034522906147
0.44794503156980153
0.444341625114933
0.4582777346751371
0.4838129950081254
0.49721011841450763
0.4923783961678357
0.45866878006441847
0.41080706389383925
0.3953216279990422
0.4121953045717477
0.4272242454126792
0.44157244951447944
0.43182743275515206
0.4002145570177086
0.40599516097053756
0.43114225251049704
0.45233617455839725
0.45711121629614415
0.42116196641765613
0.3930601339764205
0.3832152218216398
0.3980355939197889
0.40400099663089994
0.40477968217049654
0.39895687719361456
0.3848202185704295
0.4011085535142222
0.3959450495223519
0.38278296673534645
0.3800619835714821
0.3770818831528421
0.35588914909341907
0.3401110578868616
0.3785888562807672
0.430423056603642
0.47370821531617047
0.4997116841296168
0.48995353483532067
0.5401692688490745
0.5571515880601138
0.5350076259425599
0.5304447953102922
0.5614889830537798
0.5736870305912373
0.5505762549458263
0.4996258702439269
0.4684287785324459
0.4599392338080197
0.4719971941497736
0.4471991557646998
0.4484629756508946
0.4573803540039944
0.46156934578970066
0.4415686583831621
0.4470871645880342
0.4557223958875886
0.44569177089346174
0.465869366950196
0.4645601263419584
0.43952462600560344
0.38710926907258436
0.39146418052668036
0.3929286575682965
0.3886927069907914
0.3815854561484029
0.3739519869844852
0.39053165972195797
0.4170511974227852
0.39990209031578544
0.4177717431429623
0.41454611193081325
0.38821653332452294
0.38789094194376644
0.3961833126477908
0.40231126368991804
0.402197321097118
0.39305386235143575
0.3869355455648059
0.3931587549908264
0.4128625655635467
0.386838704660728
0.41017658039410726
0.4099590693428297
0.3354026982875259
0.3513200421799035
0.3651992524313443
0.3836801900578061
0.41410107489356046
0.3871846461789207
0.37018229007501335
0.36869949490250425
0.3896511185617451
0.38245914446839546
0.38801851441577867
0.39879950790128166
0.39071075060411437
0.4172939500249929
0.42398583023582886
0.40589284424370814
0.3727816854363875
0.3778027272179081
0.3920031587285119
0.40731534839574973
0.41793980103811906
0.41332430964676387
0.4096989438084218
0.4150265384739275
0.44619388240003965
0.4158930462436053
0.3921612301136145
0.40759523876295173
0.3969165123482324
0.37908970887958854
0.36352933601116805
0.3577504567886804
0.3848001003647967
0.3929648692336155
0.3994514498615787
0.42371935585532833
0.40989810959579326
0.4254410954134858
0.4302169069829888
0.35266504515101843
0.34712233356173755
0.3479240404960391
0.3487257474303406
0.3495274543646422
0.35032916129894376
0.35113086823324524
0.35193257516754684
0.3527342821018484
0.3535359890361499
0.35433769597045145
0.35513940290475304
0.3559411098390546
0.3567428167733562
0.3575445237076577
0.3583462306419592
0.35914793757626073
0.3599496445105623
0.36075135144486387
0.3615530583791654
0.362354765313467
0.36315647224776854
0.3639581791820701
0.3647598861163716
0.3655615930506731
0.3663632999849747
0.3671650069192762
0.3679667138535778
0.36876842078787936
0.3695701277221809
0.37037183465648243
0.37117354159078403
0.37197524852508557
0.3727769554593871
0.37357866239368864
0.3743803693279902
0.3751820762622917
0.37598378319659326
0.3767854901308948
0.3775871970651964
0.378388903999498
0.3791906109337995
0.379992317868101
0.38079402480240254
0.38159573173670414
0.3823974386710057
0.38319914560530727
0.3840008525396088
0.38480255947391034
0.3856042664082119
0.3864059733425134
0.38720768027681496
0.38800938721111655
0.38881109414541815
0.3896128010797197
0.3904145080140211
0.39121621494832265
0.3920179218826242
0.3928196288169257
0.3936213357512273
0.3944230426855289
0.39522474961983045
0.396026456554132
0.38203065045788404
0.3968261340026006
0.42012221940548433
0.3823309164701505
0.37483660868898655
0.37889757173617616
0.3868596336612029
0.38244178293054565
0.37232826914504114
0.388284282556549
0.4283993623031629
0.4139363286519084
0.41230887008356637
0.4191370496842226
0.4269982363266339
0.3674466482672954
0.3675932988237785
0.37401378447234107
0.35512576692078646
0.3998883713378239
0.4479479804997092
0.4618179535136029
0.4037720459474232
0.39142446045099116
0.3981574367974326
0.41120615044182995
0.4138660390905509
0.45223856088966535
0.4712682484820141
0.45901955839647324
0.3959690472141647
0.4321629443526609
0.43102263334168345
0.3988758107731879
0.4057376305921134
0.40983820962387657
0.39692220201569156
0.37062827496771894
0.3609380545754364
0.3776546836315329
0.3848425668182221
0.3744782783139511
0.37471151332031555
0.3670455141406555
0.3661994335814263
0.3780423811540271
0.3822328163277052
0.38718548570016337
0.38924215589782146
0.38679834900106486
0.43182825650840895
0.4258808370806866
0.4235742367171379
0.4807933206568621
0.4617238368118947
0.4383060892431377
0.42241996220127853
0.42971304348359096
0.3866147589118731
0.39264878262708863
0.4268202361243606
0.42948106461482677
0.386770035415284
0.39279212592301044
0.4288353690824576
0.39371967101361866
0.39441253376623836
0.3902677751634707
0.3738894750855098
0.3551798822095691
0.39097042988571096
0.41143792705316695
0.396261272909836
0.3817771947135779
0.3836108939890516
0.3765628533647283
0.35404570205082253
0.4222952792158814
0.42512053231807856
0.41443142006578126
0.4275291157128722
0.44002431567845346
0.42639880968432026
0.402838527830524
0.3863954203646667
0.39900498401354195
0.40529927365466856
0.4135680909952736
0.4391705533465958
0.4558518084914139
0.4428299958223281
0.41046616617201925
0.3851686434758205
0.4358714711409288
0.45847435686022736
0.4448052805167086
0.4217737422384256
0.4332385025921899
0.45924288552057513
0.4861379041641565
0.4677337104298086
0.4204290651070573
0.4190186587275307
0.48079907508109115
0.49708775274485256
0.46361296795269813
0.43693594537312486
0.4447235944357638
0.41772550942066444
0.44016710903571826
0.44743808828891346
0.3883072218638957
0.42519102224564936
0.4511405123760964
0.46682214993649707
0.47230967992764
0.49250211623049117
0.48768352924532166
0.47047433745188494
0.4641988876702854
0.4414831507274796
0.44981697303071755
0.4693745676711507
0.4400584377911243
0.45111173453598347
0.4602526622600963
0.4584704323357858
0.4392403364718018
0.4468947629988387
0.45489384813408096
0.45794120012870076
0.4668108797573093
0.4823338963963985
0.49333816032409394
0.49711052862265115
0.5128950240169523
0.506412930974822
0.5110014307096703
0.5420488454796147
0.49103279555395246
0.4728215149728975
0.4782144806399849
0.5008067933586892
0.4786579568132684
0.4904414966137852
0.5026337193710453
0.47241536386805727
0.4766224957192215
0.49677200230435387
0.5088251181338943
0.46998389632969506
0.4684045876501645
0.48651678697906625
0.5099288656733083
0.5062225470959697
0.47869225792612796
0.4644223543874365
0.4771249904858018
0.5443410651318713
0.5324306288541651
0.518613855878851
0.5189021268318108
0.4927982664258336
0.49008050055065666
0.4884130628404989
0.4798284608196513
0.48246629288479603
0.5183673703028602
0.5412203109222982
0.5245278380941881
0.5629572475307205
0.5427033616583226
0.5076785236652449
0.4969842627460289
0.4664960989673413
0.4676280212625828
0.48740322116520896
0.5088673568948203
0.4928078182212239
0.5140133268959431
0.5549411236843399
0.5740311365148324
0.5442318833353922
0.5141315449590202
0.4944122290531561
0.49885796704166624
0.5236344532589
0.526983906677483
0.5127643596477716
0.5344343418843556
0.5245575255629715
0.545703842059584
0.5996991989300725
0.5598867256029156
0.5455029395267667
0.5403995122220537
0.536835236385135
0.5261603662716879
0.5151778212405732
0.5181296963496783
0.5438183321918544
0.531724299121212
0.5505376003016644
0.5657821340403328
0.5433699242382971
0.5461257518438414
0.5554163730491349
0.5557357363535858
0.5244988138319956
0.5479656158101126
0.5481908585563898
0.5415956605442916
0.5738564342329008
0.6245480471151185
0.6099077711192675
0.5624986334105092
0.6155510259154735
0.601342635782673
0.5718247771518428
0.5548719615480707
0.6268588050017861
0.5796102082683855
0.563493994006558
0.611732766185108
0.5856981730810095
0.6213729028080989
0.6261294857384432
0.5615223641402942
0.5580290275601619
0.5565470705220658
0.5657708653099109
0.5905845248739912
0.5139294666288573
0.503386710205929
0.49530790756551274
0.4225983208015246
0.5333986720516775
0.5648707111324932
0.5569688007207235
0.5800349076406559
0.559514515221037
0.543224674803623
0.535431787543604
0.5374007076549502
0.5780430558761379
0.5632049167925333
0.5073712769280377
0.5031939229254355
0.5254446767608651
0.529212862928458
0.5196841707633134
0.5784033706695634
0.5561629975298992
0.5619055505084989
0.6200065078989945
0.5969929090457676
0.5798590514382674
0.5930828076488219
0.643796729641749
0.6054624213021276
0.6017623976421584
0.6217255930594394
0.6576659473950066
0.6294104506783256
0.6082242910847548
0.5966676029599672
0.5983275924132164
0.5943383644256682
0.5914135597133445
0.5872579819933512
0.5775365069415803
0.5930687045574695
0.5856719547549802
0.5731342252034639
0.6086630843593346
0.6244680749788181
0.6040549781976786
0.5573553724977292
0.5280127437976432
0.5639153224632747
0.5963058870138197
0.5925328218657732
0.47198243905788373
0.48275743108848296
0.5222376393204581
0.5457419345619773
0.5002647822932277
0.5141095607398275
0.5273521971514608
0.5073148673916652
0.48155663276791194
0.48099773696653475
0.4848426096315729
0.47636103151862497