0.03958871777162076
0.7342995346548427
0.6723368608237903
0.945856358693153
0.6358721627607313
0.958114673648197
0.08742956668668334
0.340620296262807
0.09228048907037822
0.4726305413497408
0.7009440931227836
0.7077482878919806
0.12514803478061132
0.7829628266616486
0.3360755468143841
0.30744996149454773
0.7682725303720592
0.15107073295787343
0.21925222233137387
0.15675473967393794
0.14555986529166698
0.43595800517304595
0.9988133257906003
0.8374220147841942
0.036148402559113335
0.9322143045861723
0.43442080743396083
0.5758531998229925
0.1975138812231334
0.31880105071971565
0.35219004512735974
0.7386631680580618
0.9958249427467313
0.44138926410587964
0.3052245821032519
0.6623279356988273
0.06919805422248215
0.9437088021449188
0.9446817355572192
0.567754111284874
0.19772949706492338
0.033254909181113956
0.45947808039312177
0.16818258390240304
0.0691008643586759
0.6961841081474938
0.4577674756988511
0.7724296597973778
0.9445613248704123
0.20024165638007074
0.13951982346126557
0.06871770575341496
0.9605708779186888
0.7430867746081852
0.26602968609253996
0.5971440087218421
0.6001179719130358
0.45727758725583334
0.9594910587264586
0.1723612817297402
0.6524746112823792
0.8950942207006308
0.3143752084138475
0.3039318458557647
0.45192500640547606
0.0943093958381429
0.13180491074711964
0.731441907699157
0.0907129876920516
0.615282910984161
0.788890182121666
0.9175806359535332
0.3103219845523637
0.2742685006545371
0.44069218502937524
0.60193361428804
0.5784809078217387
0.7773603375612756
0.5755687454131163
0.685105609548708
0.6132690558857281
0.2920454002466041
0.564433546488872
0.057762519784566924
0.23886785805155686
0.7137201911605902
0.41788446875690044
0.015641983123286574
0.5786950000084207
0.356423124836879
0.9184877145013676
0.9581040677816625
0.5413385567584794
0.710119976594791
0.8826009002354497
0.4265214579543105
0.6625801659608428
0.814482703073921
0.6461872797643973
0.24397640390208464
0.5551770059980177
0.32171603668793936
0.8498186626238674
0.5746111650929432
0.6020568979212003
0.8770050869144639
0.08764920181468427
0.16284974593403168
0.5181645216754824
0.4936594986292595
0.27269846726957236
0.6503571330786574
0.13830933306535032
0.6764941427517097
0.8135256268054719
0.509961733489513
0.21375662498949366
0.45747913976137977
0.9021715418124439
0.15533701058474036
0.5320141113619957
0.5359355218681019
0.40800883854705927
0.5573725344749261
0.749393468157182
0.853589251715484
0.29944356840446285
0.37546019211757864
0.944895809293735
0.5494844842276697
0.855894720950389
0.5940586489071464
0.6748680742721821
0.7266926298599377
0.530348740250413
0.08623347431756112
0.45680327294041245
0.10286766843053496
0.7961208823144305
0.4903904328326456
0.8914027526518153
0.7409937572763551
0.5167827906139658
0.7454389730502446
0.267679939853232
0.5705551059978266
0.5677650208179778
0.023275753151441703
0.890005837989011
0.8887797130343231
0.7861780492333155
0.41958846183014376
0.19278174367475143
0.38956810432030964
0.2947851447852132
0.6175243265320187
0.4870797779583208
0.5444445755491129
0.1521503525628305
0.4118606190545048
0.3262991184195235
0.3343749720777407
0.7317338621824059
0.24626433749867704
0.304831133509315
0.2226483725662206
0.9287559010823773
0.94283030262117
0.3482946060604587
0.051284668436035075
0.23243798802715265
0.11507484829507442
0.2852193224567864
0.6250551923350773
0.4667626834922478
0.16453850147666216
0.3659129136548578
0.3669169820600017
0.09850809419739004
0.24602050368179817
0.6428720150158975
0.9338812068942218
0.40947003155774475
0.7998961210294588
0.18151831669182095
0.7160038427679707
0.8784387417719814
0.5146493204811862
0.45261357534407576
0.786154310994881
0.6627988246560576
0.5153900439675341
0.08970814459142595
0.26884403737208284
0.0011710501087821568
0.9688373760817184
0.5684329810326542
0.2548519688634704
0.10806405307978295
0.73913550948932
0.5822144335254441
0.48720306133294045
0.23274933987424906
0.3854572619827732
0.6376840732742021
0.00487882304570475
0.605429505525736
0.8613277319985694
0.26743458059287906
0.3087346203073005
0.7653354139895528
0.6072802402840307
0.4333186040516601
0.4631319783415112
0.3987235518173011
0.2694859593574883
0.7647898213858088
0.4877593690054086
0.9636067805758245
0.9555246106818999
0.4199579077904445
0.42252174455590796
0.3790298587071118
0.5750696758079245
0.5704116318987452
0.2804705511428617
0.06878784988628361
0.1709946396748674
0.20552546088328005
0.34954713137206195
0.1259167876037034
0.2497159255667647
0.5738194911742543
0.6840310920735007
0.04091161076255323
0.6480119092544095
0.5336327964392158
0.9101371611148905
0.447838736722337
0.2662061673608229
0.49013902529633036
0.9954914389075868
0.3007902109314353
0.490867513831024
0.7113993788325041
0.3611530857543952
0.1842864618579454
0.04270241641881034
0.8790461881144837
0.29957801249739935
0.02066356991699836
0.7395870165839616
0.30147535520023583
0.5912247161048432
0.37814499965954773
0.6095479790611021
0.9930237403827376
0.2630996530803136
0.7291460423489471
0.2770155185746527
0.030363336910851912
0.7831860646612344
0.3962826058174507
0.5783616173224931
0.32772570246205046
0.8919735059640087
0.17875409715837587
0.09689935664196203
0.44101398042013396
0.46653444411480105
0.13563567836233115
0.6001080139908962
0.6138971502437136
0.6552648024212485
0.008218934147319668
0.5480320381762513
0.2893574728195293
0.907016577164837
0.5978430542474772
0.47629371968408485
0.5668689460725902
0.12854318696242117
0.8478569023260911
0.8810894851619864
0.9094889831822536
0.593451210644605
0.9003989104920643
0.42335258498346207
0.11213426944266791
0.12442834405342174
0.6571242651568194
0.33969555376568206
0.10530896045108995
0.3438337251945197
0.9587770287046162
0.3866070203351376
0.38853747679604234
0.3918026376010272
0.7120408550053298
0.6365872937181437
0.9138649721476824
0.405602177294647
0.6528378092389767
0.3699885448504616
0.2167116435356341
0.9778039602639513
0.7991843658631875
0.9191629894337925
0.5932909691534336
0.5241652042994042
0.4250794336723339
0.2991477409631117
0.10669895709929933
0.3828862985658994
0.586850698272466
0.710015037637636
0.15024710659536733
0.3157955852501608
0.9461402243235355
0.6266437931145082
0.9471285488310554
0.4067946939877847
0.4625701126654358
0.6696392030269853
0.986397437636091
0.8748439236767096
0.12180335580104873
0.04525802348220964
0.7292234017427441
0.3979581723916047
0.31831226430487103
0.8050909104723031
0.32945250281021166
0.8232418432691907
0.26934978172012725
0.6360515911750462
0.28768192636202183
0.8168904063277959
0.9165135194850594
0.8843491363582642
0.8765503694445648
0.3544022492467348
0.7720586000654807
0.6568319281857966
0.4226990577417741
0.5094953112562939
0.5549580663785412
0.11024418271570358
0.9190906792873973
0.05975125627163169
0.45582930713408865
0.584877751252595
0.042980169981844174
0.3698184591686351
0.01330130010329078
0.4426243114700208
0.3810753477830944
0.8311485747598714
0.8400893292883428
0.7469628193574133
0.1513561948483675
0.35291898112497855
0.06716504072630125
0.8667705919899887
0.7637439177740165
0.5130202209307121
0.6882732352140407
0.640693362079521
0.2215799868343855
0.7470623179638353
0.14543165943551728
0.8977561514546112
0.1778723014898812
0.7729591259408756
0.9612302540638797
0.6593257935697676
0.016614695614717512
0.7681377099748179
0.5195755725693829
0.8957971618961456
0.663235151750146
0.7170226811071865
0.029738313487854273
0.4123866045709119
0.4501489748984733
0.6658513361816858
0.227400442047754
0.2662203268059764
0.2698571092589822
0.32453287373983364
0.03978484688615547
0.7530733846180618
0.9643851586105374
0.27863744997571926
0.668916881363714
0.871500537010103
0.6533509729794135
0.6132675857119022
0.9198350938553008
0.5184705161547077
0.6126974382730267
0.0028663621774540626
0.23402779067928314
0.4258589781867056
0.6128630404525448
0.5156805828570661
0.9491766183143279
0.0982960118027627
0.578790166343121
0.3942284393863761
0.7624161098036522
0.5013480216389119
0.2850039640196874
0.32883036431629087
0.694519817704507
0.32760295832664177
0.5527200141543127
0.12663486341766284
0.493775674708298
0.12784138323489003
0.9764771131905251
0.6237074541779929
0.6698747662103457
0.5028346084788692
0.1269596834654334
0.765368269615299
0.8312804433300625
0.2215788360244345
0.7382981180881525
0.6215845340174959
0.8177471119384567
0.7369545365952993
0.881991700173434
0.1936642244795015
0.016762905532644923
0.3168653797748242
0.8152958721322728
0.7620354199402016
0.87777848016731
0.8699581483073876
0.37506305496646364
0.1946698796903511
0.7331134017428825
0.11558692444293783
0.4972196549943395
0.4974829721073183
0.6538858022870796
0.3344873027848946
0.19457596391940457
0.7391628077551606
0.7702153284509594
0.06268954285489026
0.4750744553124474
0.9848403068907375
0.2873520720856053
0.9173579715382474
0.5770653752328114
0.03465996497417112
0.8610747294186991
0.3982615441084173
0.7670819025824936
0.45745800533439485
0.6773080767413593
0.015200129730830403
0.997547570998022
0.8982800609983426
0.8259063421659608
0.19908722560108838
0.7415693792850766
0.3327981946866172
0.8615653690718783
0.0004990814490871687
0.11312198533586348
0.9257338253549288
0.4977185430567951
0.3578517259140742
0.2989002843015288
0.7529890915565858
0.45515518411438594
0.006130717854129553
0.5884959964334746
0.568272710250088
0.5645653829066577
0.9064011201042782
0.8181061503527011
0.8177274179003751
0.7756224780741476
0.2925130141219199
0.33856718244200046
0.24481774958366764
0.15969623317438997
0.13692567868941385
0.44983626824079836
0.7076999053951152
0.6403113897417215
0.46514559849111226
0.7118259690139294
0.5433588184579832
0.4884305580451155
0.9425222585874354
0.721393115832068
0.12662963572078967
0.9233315526049909
0.7306546678467579
0.7195776870359267
0.758577458204933
0.06298105970524981
0.29524293979598426
0.8962851425320958
0.20425606847408573
0.3386560512975907
0.23288666403746827
0.46411361665553363
0.5643110947744061
0.5202953963941838
0.12498375194560252
0.6939593083702039
0.5480870471451826
0.23342555645748675
0.47124066136355436
0.6155723381265804
0.6519004327723911
0.27707770755455297
0.7842421342843929
0.7209467480236542
0.910577787841878
0.9867135492199647
0.8430477345032759
0.925084734257975
0.30542653397257236
0.906170614195174
0.7929300044702269
0.6280194947700349
0.9577730595508627
0.39958098098297956
0.836126327684782
0.06903772577887324
0.18425681485365675
0.8861696531069964
0.15350490898145874
0.06776283235635916
0.7813517602636845
0.02967790355411759
0.556057769405173
0.44443846126168207
0.4913032927348334
0.2677450752263357
0.16659991313548683
0.5567331313935633
0.4778741643722978
0.6197671520861425
0.8916634784678239
0.5861078711448724
0.6174444119070828
0.6721182488504335
0.013764714190103278
0.8028319018806821
0.9248232054689367
0.12647035751548275
0.8069478747509099
0.8421389104911976
0.3351267325046753
0.554058281952042
0.12838749983981657
0.5986857926436187
0.26021749284365325
0.6436736338655915
0.25912888275816226
0.27741211605843885
0.9830913500163511
0.672270862039156
0.7482492111537618
0.35989861732552597
0.1215884033512813
0.23597751430860647
0.9501214942414371
0.3523329745469638
0.9781472533507575
0.12833066073938448
0.9335815816665997
0.0015449889551686358
0.6260901753759689
0.37499783051950175
0.26613616771982296
0.20903620025674274
0.06929536068696462
0.9381853250628037
0.7277720662591695
0.7101100231742198
0.29706779903342373
0.9666499489265767
0.7832666601304926
0.2062716627921215
0.7433840222843003
0.4174354788493768
0.32991756347317347
0.8131749069085524
0.17665218008572747
0.1807833910554717
0.1492455015118389
0.9294062458011164
0.22305066746951963
0.7244513773993666
0.0004569367673024072
0.6611835060447031
0.7458340484476489
0.5334021310339773
0.4242946044310335
0.5985978295106705
0.09615748229291499
0.5583981007071052
0.2163116177812
0.194140316845394
0.4903160921522376
0.20384743483204404
0.294680576706115
0.41126653078442355
0.49301575718254886
0.7729239344020175
0.6705194987184876
0.1286489598469942
0.17308901781121344
0.7419089033051136
0.6601146423375789
0.7767688013366213
0.23008962390117849
0.4803494789973308
0.9003045952803116
0.21112954177840548
0.3216866384817346
0.8249593229200728
0.6066457427323606
0.08976023854641801
0.5989824735963535
0.9265808100348062
0.8183046631495877
0.2652685996423815
0.4589895909037347
0.22217096947428827
0.8027086515226565
0.8788864491297982
0.5907553188512111
0.7402031752871993
0.9282888091620801
0.7370053630927925
0.6010456132488604
0.24760788212181473
0.8350849210795168
0.4213757651040675
0.785266255150033
0.613438974501354
0.7350134128282411
0.6653342509068432
0.441415841917457
0.36286038511069996
0.48915023723621265
0.5133059904247781
0.1966084527978863
0.16598785877865263
0.454107413723576
0.4409338340044159
0.5795559775351493
0.29416405336043006
0.7386158368347076
0.40277696136641616
0.1762345317331545
0.6302764611513761
0.4750717986352966
0.8445374797294211
0.5478032554448373
0.7927288006888161
0.9802863830471069
0.6695961933109846
0.2670409666672636
0.6194817149608274
0.5183257657094742
0.6626845120411872
0.20850537596869967
0.7820439375550341
0.2376499924166805
0.5159474273557508
0.597634432554928
0.261091561716308
0.6333797382857151
0.7571676289735956
0.6454935418990888
0.35215969578439976
0.09002716038798964
0.9472274724211226
0.08701877538704195
0.12071993635460188
0.8931487024602633
0.9748304905777889
0.5975745182551323
0.8587745971973342
0.5698962214456148
0.8462513154740593
0.9764800376588004
0.20178905750799592
0.6063448968684114
0.10728097938558256
0.7024428644372994
0.30184005228749655
0.6695372424544328
0.6823919045086972
0.9643674278535486
0.16272665964046817
0.7108723534652985
0.30612521239171586
0.8541697007278768
0.07840903007318123
0.5414807552374615
0.2326091417602748
0.2597477057793348
0.1505303337420536
0.6731337773197713
0.47889297606485426
0.4222565763574815
0.4248537230841557
0.7834204200509938
0.8533276735909909
0.0037101161373149782
0.7608057069134108
0.24760586129827622
0.8621009367174957
0.37355620152496005
0.6571445205429581
0.5052095566007984
0.6709965786871688
0.1359300217477607
0.3612057340392698
0.40250539490718573
0.7116076791852528
0.6739088754969534
0.5170097691154444
0.4585457336273179
0.25417448293749145
0.12132465320984731
0.9665370175741588
0.5830910496540792
0.9958872976055011
0.9000500526217549
0.35510968262856946
0.08991822730150112
0.21614095937809863
0.9543025511451017
0.047098037997433395
0.44282942535539693
0.09290181413396503
0.6450405837714351
0.6238683248871537
0.6386988478944137
0.3418352960079273
0.5246414113405173
0.42197844325872336
0.6230905349793584
0.5353769245406494
0.861865873351361
0.4630483205210897
0.35996387660610407
0.05713403413999907
0.9566534413052573
0.6617192804043247
0.8512035036108818
0.3398830006143009
0.09428810436722679
0.5139907397901268
0.4599158265595067
0.7921079972988757
0.840191497407754
0.37998143682797914
0.3559874485700917
0.425256347102442
0.9881307059441482
0.9178600838418361
0.9945877633611903
0.19967674195485707
0.9387477976456108
0.9066851045448072
0.11287360168678562
0.9242160614617978
0.0923891452854323
0.5313038667230956
0.15822739557967525
0.772770616341417
0.5755209302470029
0.4809925186796926
0.623091237387338
0.40575039243729427
0.5657903081086479
0.4159479970260638
0.987794870524615
0.1493790779404366
0.41183420471715737
0.3403088252194062
0.43243706476053334
0.25169057267679384
0.928756864248853
0.03080335787636057
0.5907270775622584
0.9438251784516443
0.9407898811012306
0.5786424925587909
0.8880175677055951
0.22301133131545026
0.6949981597874527
0.3770695343016295
0.6794141535036896
0.5935283280163727
0.9244036786320009
0.6131951553097307
0.11054424708696264
0.015504655719582261
0.7684159961174576
0.8624064834202789
0.858216994226884
0.7620959591279988
0.13561672712921646
0.6044810703242033
0.014847274154475731
0.4411870433938164
0.4655380913633492
0.5236619675535416
0.3055879942364479
0.1502084095941888
0.025476397221149694
0.47934961372308205
0.36858347210660614
0.5212300333236694
0.8135785284774132
0.4623081503316039
0.29362204897295274
0.10167406403070234
0.21022332978309433
0.3908299018260929
0.8359038520623348
0.586721047797924
0.1779282105042832
0.19553196024157316
0.44132044173159357
0.9749157926641864
0.506168456246002
0.8992361189286066
0.600839809704889
0.7787039124292617
0.5044140645432849
0.8062823145512622
0.5284391736415469
0.02534369222311572
0.9050745203119186
0.7165608965684928
0.47214003239800284
0.05624128239134796
0.35862681422653697
0.8035023729420667
0.8189243156587019
0.01138123108739264
0.7324501242914029
0.509470481841265
0.9298894086120296
0.046419323703769444
0.5343261849974306
0.9427395926176322
0.9284276074555412
0.9190259112762021
0.4151575944031657
0.5337155939780064
0.6004010994022049
0.8585062229039859
0.6603735384298473
0.08981003104842
0.3637049404025876
0.5117681281441131
0.5730646646022783
0.5229301906048149
0.11654411302857814
0.8652509614825129
0.15243077539847738
0.08232768092069365
0.59481424920075
0.732368984771333
0.8461623882436009
0.5089799594009136
0.9235865688508653
0.8876216926940462
0.5652836285882954
0.30398735534752175
0.5359233860011474
0.5524904480630285
0.5132312550016023
0.17867071262814782
0.5442173109856623
0.6091062337310216
0.7264765095775991
0.11029787012586745
0.5192721750651219
0.6257720169386913
0.22061648646551701
0.2007683902208468
0.1032333941106438
0.7022319585891941
0.22196133407547236
0.1877074357735008
0.7198661730510632
0.30430330781818327
0.39424011882302123
0.976074275205492
0.9443760430256399
0.20024089750408847
0.03447086081912942
0.8382842850715931
0.7602365357735966
0.35216142822977325
0.5850528734306184
0.7609278517448159
0.240359916979482
0.8381306449680265
0.2885337646272349
0.9589440756786415
0.821028158227947
0.8221505743196992
0.6981428190343985
0.366414371690574
0.9877882527043697
0.8477055728648395
0.41854745241893176
0.4314874757699576
0.8768536953753662
0.6716358717072942
0.9446151777046534
0.8296056810801706
0.7874605135439586
0.9105781681415946
0.5360717860770983
0.5682912706086566
0.181997264544005
0.8956440838556069
0.5363550338694449
0.389567472949895
0.30892485989215945
0.5672663452967993
0.11106396362490434
0.9031085318416903
0.5017134154135352
0.2644216419566455
0.847957310473455
0.48219861708607914
0.7592474476855371
0.31972630616917086
0.9705751753220625
0.647410077267956
0.21973967496789004
0.5075208615108663
0.019571176539630808
0.6740710531792753
0.33773660068695965
0.6005483265441225
0.03700451637201829
0.04009400188262435
0.8476493966061469
0.23837682695525952
0.8864730596731611
0.8644419322413048
0.05271051052671971
0.7359469430674161
0.4577242496747119
0.8053266308625683
0.00954072477759449
0.045761902606767046
0.2360768176858823
0.6785757622330334
0.953293236570832
0.7065751834576335
0.8961292632247644
0.9042749908757515
0.5835517711529042
0.3960585929595266
0.24117828000571395
0.12777472251334154
0.18081033682053482
0.9169041372358299
0.5242646639336309
0.2153512680028986
0.9246321354189444
0.8589486041352435
0.381496299350785
0.3905280862241812
0.5041542984317016
0.47363010451835097
0.7499549366999884
0.8271785383701656
0.2496352091066958
0.9160101678399291
0.84612187962163
0.5394733953375292
0.7318195301242277
0.754344707023181
0.3706701880961155
0.5708950628564143
0.9973911447858931
