0.35257902549219444
0.9308626362412002
0.5622961275401644
0.4496214127073439
0.7166935663672089
0.568071358504017
0.2794831794527465
0.20631963500569028
0.9201909063121233
0.5754999859910707
0.07316889169637075
0.10333904005813577
0.674175319504435
0.9152058792410616
0.4895962161192141
0.04253632528913798
0.7580105754737955
0.8562488928373575
0.2463916022683983
0.3372193807380969
0.045103590682968875
0.3613949569664334
0.834288733251541
0.8656357102573186
0.028200929017389686
0.17252635007707517
0.8288661052329254
0.5986993094091927
0.3351056375316104
0.12188860849384486
0.4612874626768597
0.3498275794761855
0.5621474679882157
0.796208223194156
0.3640049350817537
0.16855771350892668
0.3980866746362497
0.7874832075977343
0.818630515079243
0.14131613398802056
0.3904751086545951
0.5132511395244541
0.19252609192302572
0.698933631491868
0.4049305610581627
0.44622276989660015
0.10801569528745414
0.38793897370463126
0.025174229204907195
0.9509766225091638
0.35516720186614636
0.9602076296974255
0.46615611104948396
0.5175117877030725
0.7977018451657858
0.5809539691814306
0.2702710931724147
0.5414957186267942
0.7668567555152856
0.5114474026661151
0.8755004209702801
0.8191194342655621
0.8258573699541139
0.30866997001941854
0.1626941274496917
0.12540239384733443
0.6880016585366017
0.06651652348333636
0.6542404254355781
0.6465485452289069
0.4653591637772554
0.7564639315869393
0.9307594860056347
0.26439193198989575
0.10153675370340709
0.7640906370362638
0.4787019390833357
0.5945696795314952
0.671236273817846
0.2605381852495029
0.3562478578062739
0.8733500421773033
0.06211990558431102
0.9482478117247932
0.15756957466392973
0.7378544031753335
0.49784163611696763
0.7945404402458653
0.7776636672942889
0.5427700198919159
0.5043975726983344
0.5671294252146604
0.14421330675315636
0.9307801751421279
0.28966385026304686
0.1760146807194808
0.02789732267928202
0.8607876992318626
0.9721859655592352
0.45190047629746355
0.9782006622265986
0.16004672012565901
0.7951719077692894
0.33106745944364546
0.385025792780487
0.4225062867320396
0.1343765025054212
0.6541113727823301
0.37581859833645237
0.9830298178077539
0.43965470262119344
0.5587993534852664
0.5558359598313443
0.8462582050208998
0.5775259737549999
0.6844079753757222
0.710349067579125
0.7230814566179808
0.6627195514831588
0.7831819506742307
0.8793424377189754
0.23084207522998024
0.08495358663607111
0.9143893775280004
0.6530007407501296
0.3002866972127076
0.9605890981601735
0.37280791249375234
0.4180711717717328
0.9978294317068467
0.0421466927815114
0.9353723712344538
0.8807541174831505
0.5207588405832322
0.8551040611422858
0.3870351060452012
0.7291229119019524
0.5835344633856291
0.3633762014110291
0.373407916404746
0.26207979237310375
0.015073209283878897
0.7002771545121056
0.6678095276938685
0.8830799264937644
0.9787157544538889
0.5931262075420735
0.9932524312417327
0.9329316227959148
0.10623370977649604
0.33077650500740674
0.35158289569919465
0.7873768653617653
0.4050929890905398
0.21808544158223753
0.4174882777412897
0.6096101650306053
0.6083053366346404
0.08139783748037299
0.6471180650637892
0.5256115923979812
0.19523223902409548
0.3526325687853773
0.7917865482782107
0.7447192957969223
0.4470244861732713
0.3017377303722445
0.3074600635157596
0.06669510156956016
0.6527881945403313
0.5400437789813288
0.5714532498428736
0.19961618285766647
0.5764781745992026
0.6201422287684816
0.041740031286577994
0.8601052566039583
0.5279040852026131
0.6307676746008858
0.7748535226290045
0.353566822405332
0.14834532097159414
0.46961715104273394
0.5341576077486506
0.31088532156611326
0.6813754254511647
0.2552912556029816
0.38128956410767323
0.40966623171810457
0.6967317676234063
0.5825040238563953
0.9108500444197883
0.17045068059495916
0.08705790808751979
0.41812617207176106
0.43042094515562934
0.41037334412149373
0.963508962454863
0.9971512023037817
0.43678732029065115
0.8209590461568823
0.27892811071664514
0.30186565676785215
0.9821145322338353
0.5848906048116704
0.4194110979456116
0.30124999249251383
0.4258748455581317
0.1828568908924021
0.21586280688211334
0.3229896167070524
0.7303572308052362
0.8163833649963307
0.9250739956916976
0.020979094712367363
0.02861042616137821
0.395221796107043
0.5830153984995076
0.1466057334446884
0.5002326903824161
0.17740257433994544
0.5839996350873281
0.28751282726660743
0.8449190662619092
0.9163328067873521
0.682170461487299
0.21501980629792594
0.3853184073137308
0.40101790231930856
0.6439216866935172
0.8769752351791114
0.36654395783284555
0.9075091626409528
0.2606050295686765
0.38854590747610696
0.5775858045494354
0.463736179136343
0.17318103280938646
0.15872089559508218
0.7351360697838292
0.10311562248270212
0.1732633156045199
0.02479930013748044
0.6033543135915326
0.01764744244813987
0.7071662911803848
0.9568934277845955
0.8599854256654347
0.5928707602520183
0.02074753688133002
0.04397939079256896
0.9416401956310907
0.93124034572611
0.34846331366690186
0.6555963750655508
0.962699099596497
0.11914955075053202
0.9152079076086557
0.9149950720104003
0.3735880563753151
0.04175866283584195
0.16884953151227222
0.5584470584075905
0.6838732005272375
0.31104724532672623
0.4632576336307218
0.6386937702207183
0.00021467953989295907
0.005356485952171641
0.25828790130664814
0.5702689955325977
0.6741025261533594
0.9602947383053787
0.43897572402130425
0.3201184187368673
0.1575267293954573
5.996908193373063e-05
0.009766696845100342
0.9031248630838822
0.6124857584631038
0.9533704513471318
0.7622350813751037
0.6547459468836762
0.54704261851166
0.005441942176608872
0.6013854429218344
0.2667433195370157
0.8638903011081793
0.7758219108226335
0.003902362859501962
0.9893244045888967
0.6926830128164274
0.3068661430422275
0.46906875536287196
0.3171644046859581
0.98113332417458
0.9108492415801057
0.9181925105422488
0.9308400363369183
0.38882743110439555
0.6168763959159417
0.9761269688827847
0.6097787047522641
0.7169963081411344
0.08889960326353408
0.518273126757851
0.543135072418175
0.8670488486330776
0.005300543766339039
0.006151285737330592
0.23185491050910645
0.5125675155183873
0.6036051588003828
0.6638678724820248
0.14034199380383539
0.3988798421246289
0.6704538773984494
0.479212211823168
0.014319994013126336
0.1588590101209727
0.17466116284928124
0.22663482253006106
0.35230760240715153
0.6292320608823397
0.03977771621316628
0.9212640677087011
0.9035489224013578
0.906405167474198
0.36355065840501943
0.19501668851278298
0.372318329939303
0.9027356546557633
0.6388248556777502
0.12685279501816482
0.6533347435041644
0.8575833411074865
0.2358538369983385
0.7101376438373199
0.2449049881682801
0.4138123267207665
0.5175941336631343
0.32424629583563536
0.12197739112084616
0.9276112173387214
0.5910004024128347
0.9669750489787428
0.96121207941634
0.30366353743915464
0.6361052184274989
0.41348952007413764
0.7551940241717
0.3673644846680383
0.17397644949159052
0.37732541209674386
0.784776529099351
0.8120066754737695
0.1139972118142879
0.14343492789910084
0.3004355118790222
0.7802468543528599
0.20167801782193973
0.3505304542980253
0.8258058960800746
0.010857629689119408
0.3950613561253993
0.33744178961027727
0.90446950960174
0.2199049711021609
0.47093893111491814
0.95599079592024
0.09449397679162341
0.8970020883642693
0.5153232353169244
0.9925117647408623
0.40478611953850097
0.361467682458548
0.5155683946449243
0.7666242846558324
0.8146614116051857
0.9681865974472361
0.14021919789813708
0.6269320327922017
0.7912539558418273
0.4885043407210473
0.6112392540672504
0.19129531425094637
0.41233218146846407
0.021219363869367514
0.625976271076864
0.2632956307398101
0.47972212609922316
0.43808402852629036
0.866376125313719
0.4869861023434584
0.012645321539714538
0.7706951769754806
0.06699394418168447
0.8969745432092989
0.046266582338970186
0.7882902668235295
0.6741208941132512
0.004946597518013962
0.7329484489619336
0.493588220794448
0.1753478464724918
0.7022243289132364
0.5915911487178193
0.3280609039972472
0.7873120136486103
0.9464395528594534
0.7354070877318143
0.9272468216067136
0.35070839688800937
0.23258486144171742
0.3838148155234108
0.6702652972186537
0.6420513304411355
0.38299734953610687
0.24039590063733196
0.5633933783843277
0.8866672913366369
0.12881812973277518
0.30066784291415904
0.11670975576972675
0.6683713545235981
0.496156883350812
0.8629346980917214
0.781259375584688
0.01306457953008422
0.10832899636596316
0.3347775537353248
0.3896648551691193
0.920151085514325
0.30979606230310486
0.9922827014144957
0.02923762379259842
0.447745028356603
0.31196503458861047
0.42501268644804435
0.92859586369374
0.3570948411219105
0.14219363658841166
0.9027287209492818
0.4786976053426073
0.20366088315841846
0.13333621035388787
0.029672738553212175
0.18724833897102144
0.4258187928463727
0.11977617863122858
0.6707009150438259
0.9439909614854216
0.04015999101927081
0.24347161444334897
0.9091466375998632
0.12583476605539123
0.814188802446213
0.45481434320401637
0.046908703517129724
0.8017495425128436
0.8724934228777753
0.1251280355670017
0.14433028343456777
0.7963789136067808
0.09716449267843252
0.3766915755099083
0.42013966337044173
0.4661928981411817
0.6149479283520056
0.3039520818451722
0.20360596378123008
0.26712131848838017
0.1626160789667651
0.7618518977858718
0.6038947581417531
0.8854598801968214
0.09090235649254474
0.6281140240258998
0.023048342760976892
0.08524600432188345
0.15065895404625662
0.6722317635820735
0.6313959344903981
0.525737225019302
0.11751948368785037
0.7247292541680463
0.135043870600299
0.8453559577890065
0.4838395266971395
0.7005934218116272
0.19397582879451336
0.1445619267693573
0.05337586116707882
0.9606423003807539
0.20390317703236827
0.8215486436161161
0.8144192057168725
0.7002225339694534
0.9997142566831809
0.19288519725406272
0.2822204474116924
0.08786241277852325
0.4625910358322176
0.874750735097197
0.8504697686506734
0.8432965482765458
0.5119445221358838
0.7528820786383518
0.07357591395395158
0.16229256808342052
0.08843706320151201
0.5583092139474397
0.2230866964447792
0.29149939964308524
0.05573136252105415
0.9860248103471337
0.9645999068398237
0.7870537837696452
0.020431871244829702
0.7520742480985821
0.45903819187513595
0.43399523562434483
0.1332242447165347
0.9300190765938041
0.7489556309936592
0.05302442133471508
0.8143497372026144
0.439152823837189
0.06770164814697677
0.4232542870519074
0.5388755455336546
0.5075541350065003
0.88509982464094
0.4907679580362255
0.6404634648443872
0.7799854661622411
0.2830016827422488
0.997367827308192
0.30743257269907365
0.23178165299693476
0.03623820086696994
0.31222229642892874
0.5992427429369785
0.0023050522999242817
0.3424435813095058
0.5310917538233744
0.024298874276153182
0.8927729402681569
0.6098431390729442
0.594131885629992
0.32830419911786646
0.739748199794435
0.10219846532679411
0.31268970985217925
0.2797561414641858
0.46642400782105475
0.09949502451702086
0.9593368646314254
0.3733959702720392
0.9189386212669676
0.1945855681651355
0.06761051829833409
0.5382861581971623
0.8504473014356035
0.5840628092121495
0.7890975256141566
0.7577322563733995
0.0379944804697494
0.3013028779931676
0.41434013483199694
0.978518197048513
0.029029441344475382
0.21610209846208794
0.42241038784209683
0.444552385020783
0.8124204776264541
0.08306840313044994
0.9988219537965257
0.7636099891899126
0.4997363450617146
0.16053923003614734
0.5495661772526415
0.5244212959244147
0.6318046292452726
0.24346038371999257
0.19915465857027603
0.08356849639540509
0.08665890618258121
0.39830634700488454
0.8256692067955725
0.007609656196576942
0.758156871950129
0.7163965468923311
0.3995393596455217
0.5796073797531083
0.8212530100724286
0.8764641278004213
0.7948401109436026
0.31931241090131945
0.2789901842778376
0.5703600133455455
0.3542475327250497
0.7992202463036507
0.4420875086759427
0.0895233229036807
0.7358116084979799
0.8590192725626968
0.6305192825668029
0.3347767869729825
0.37165548657655656
0.8974689790513225
0.5939319511993484
0.5686993606155889
0.17301772592823594
0.8310546131363722
0.30192925310367524
0.35423740158911965
0.7072557332111161
0.7941463892722066
0.12994574722423702
0.25371524943282975
0.5190911548787513
0.8224095256192325
0.553211895090703
0.7979478562681199
0.3881926777029593
0.48817837031094025
0.005154912008903723
0.2908705305323954
0.4926931766289331
0.050367258560948924
0.8940899684831756
0.4040063252045031
0.6962561591903695
0.7377950673915004
0.11127954684492714
0.4175569027772059
0.34341199956884316
0.49422455155783107
0.23253061894482085
0.4411801334986776
0.19764120947707475
0.6968664227485329
0.6375937730665064
0.8941442068090055
0.1287569501200707
0.4602762899090179
0.6772990464828278
0.28843351252177307
0.36707164996150965
0.5605551652246779
0.29145052999288024
0.12207389909135846
0.14265476897979845
0.97318375060049
0.14790061518760922
0.31614545971617514
0.027747289432810462
0.7673776302317156
0.022563413868439075
0.3408131464772386
0.2548058713789749
0.18726143933053285
0.5733000720250834
0.9988984236846915
0.6708681728154787
0.38658326270953547
0.4182262550244237
0.5048616962824147
0.7668773870330783
0.9546084995873202
0.7642678403500188
0.6522214879923925
0.41281044030532077
0.05997482454754055
0.5185983744766689
0.727584427745731
0.21057742063295448
0.32587855820040146
0.397940908382315
0.16886408668661024
0.514869011360384
0.07698693039356164
0.5163935063063377
0.2529688450674067
0.46627289445255793
0.5231907090173519
0.550357537891379
0.37674650788570574
0.1377015146551025
0.20725259242652405
0.18882139957238486
0.5038628407752397
0.8164531235204304
0.6710199990844371
0.4774249744179888
0.4254354966204221
0.5780247580983143
0.33644652546646814
0.5709125451620854
0.05651027235825956
0.9792038402332048
0.9284679408899545
0.37608984210873264
0.03357494256635918
0.03703971433125963
0.7356343115726479
0.31092558312205665
0.5277615782034305
0.0392639436846709
0.9728316302598657
0.9575969160015448
0.5173412144949994
0.9082341163604519
0.18275496242260125
0.3649506101056691
0.09135206169643773
0.8830269708707865
0.2576411246216247
0.7552978537453041
0.5147913667790942
0.319365825826153
0.11803208955898625
0.1756165623626489
0.42549312193473454
0.35453368957568754
0.741545055970043
0.013097072949707633
0.3030338475414698
0.3865831331622769
0.4513727332706422
0.9555440353393918
0.22075336717700156
0.05389300007640141
0.290173965412333
0.014016144692423849
0.8610610264058097
0.9145280305902787
0.9970147582446954
0.15030640482824076
0.3161814002559802
0.8337388077573442
0.6105111534097631
0.6156643785348277
0.7806903582920425
0.8521201440312581
0.8334729216810219
0.14390340206896524
0.06707235563785663
1.1028053819250871e-05
0.24217666459934495
0.6552270709483416
0.9648214291983597
0.9854268792177189
0.6564797207410001
0.28099401002976876
0.5585261734378926
0.3268892256677136
0.24679660717615715
0.6963595155320531
0.9457968957309735
0.959891667965554
0.4994847648754437
0.09281051870840773
0.11503092002275117
0.9126208034100021
0.6253827708028363
0.9743680306839175
0.6654688777501931
0.8530310499160212
0.2996511872295302
0.4201396616254316
0.2979057129785373
0.3068250479545187
0.12141331215046192
0.16919523982836038
0.5271353620913901
0.16377945439948804
0.29712628406750063
0.8625190699969049
0.24052093240300132
0.7398945402539604
0.2171316755249929
0.8756896090020321
0.9055090640419003
0.745494989585693
0.8321858315372136
0.028491657411398474
0.9184876410230276
0.07211461093299865
0.7163629522635386
0.9892167973191759
0.9154333205687992
0.21571365223717776
0.9339988293266446
0.6590628829583984
0.13299768544048485
0.7829097176772548
0.26920205157539023
0.3600858698130609
0.3411700553523883
0.3817264802311532
0.3320628501089752
0.3267576614388399
0.8594076939496997
0.420397875297983
0.6517485915628816
0.8074513866728511
0.8309733578424396
0.73218230825723
0.021057405727668566
0.6157867322120907
0.8005520075169951
0.6667733170112724
0.9156188442095246
0.7559457717931533
0.6582951418108559
0.027011705300128308
0.6742114319663953
0.7016452641874991
0.6281989905692938
0.9382885126303324
0.6079023273565406
0.03130029640919907
0.4439880980043932
0.8290457790173328
0.05834745401612573
0.9178888845475974
0.6058537917069681
0.4890206549200319
0.3778325958916159
0.19132073080746814
0.5105675932578388
0.5068200633242271
0.2796729706580712
0.5396718028690379
0.7717022169883849
0.3461473470841556
0.8682388822859509
0.6968347771721582
0.5188958890359162
0.9280252454497058
0.7956251250467221
0.5941155896253789
0.6645310597805766
0.38657930093886783
0.6576056947919989
0.6465399722159983
0.849297884258603
0.45437487393213005
0.4506293415949485
0.7448747304843242
0.1803712572496159
0.5130902617927724
0.36429507563757046
0.8944848359182588
0.34475649009161413
0.5626109072528152
0.4940768134839164
0.4328536113723156
0.6663926748289675
0.4934874967966807
0.09918035979246664
0.7151685628663392
0.19568233791015877
0.6506838206121898
0.764470362176936
0.17934201798629312
0.14855041803177704
0.2881600288686076
0.9540863147735174
0.20092503028818964
0.7915296010925106
0.5420266354834011
0.34807392006095694
0.19712446338899758
0.15590083946924793
0.9885724546407522
0.5498676975436054
0.883257594259949
0.965211894863123
0.5438891641238623
0.013555223395114058
0.13434347635486443
0.11166847832665705
0.08628786872557492
0.06211450054291523
0.570259216150786
0.7254982312215432
0.680240150115427
0.4382268498851951
0.15112243593720975
0.07779614506167809
0.09767689626494447
0.8117293126768742
0.1496088004095767
0.1786018425903073
0.1403009403357648
0.6882465746527475
0.9253554609542082
0.03824552512817614
0.4991690285755158
0.6131770544403745
0.586513022612581
0.1814588446788904
0.5607179564175314
0.968920267453395
0.7534242727890583
0.2053203564887769
0.7538812200234039
0.5716583910907024
0.10086576050815854
0.5858559006418202
0.3432333711489839
0.96694992165376
0.3407681901662727
0.08637630707460664
0.819339934789837
0.3055068802143647
0.7569955398770779
0.4632662274301671
0.31759113856429744
0.9037276558436256
0.7471892859945357
0.47934777951976915
0.4516640283080209
0.6952782027317953
0.5496538127645338
0.1936888531271751
0.5364832055973687
0.4338658653496713
0.4701818560446136
0.45469997847760457
0.8885641990478722
0.7119802473591837
0.9521417274740396
0.5713968575983944
0.02562051208694205
0.8022948558207015
0.4779341092521123
0.6613836282470631
0.5852260928830854
0.5646423426634699
0.9412852064148145
0.12128944616417003
0.6306541222516291
0.581652496359661
0.9123635793366764
0.5921041161491507
0.786705609777865
0.8491327343474137
0.47821385947103356
0.567018528923669
0.033977849692709006
0.9797364514948115
0.31428042058487793
0.08845645910135913
0.8551552498144694
0.6360767750756086
0.29728508989684077
0.4189308983312814
0.5329965739651004
0.8630640427824553
0.41706558238603064
0.23469244904963882
0.02790478562823795
0.6838558254786417
0.7316030864656026
0.10651690478783704
0.6509218692449589
0.460104678148604
0.6043007218258705
0.7172899319820611
0.6293944582914154
0.4587932753756375
0.06073850460327945
0.663156227745764
0.015157203035707667
0.9263432570839193
0.656429279295522
0.356896260542226
0.3618305032073753
0.011461375864616041
0.5281030066657272
0.2406468256002956
0.28224996445266937
0.10525189543098601
0.7859433048213782
0.4894664350429133
0.9544877294898386
0.16406404952465348
0.2822329373542263
0.860773509862357
0.711909638271386
0.09022425931908018
0.4556669878165759
0.8945523846288591
0.3663586596998435
0.5489263834950742
0.3721356970250974
