0.9814255514532916
0.04744745083644486
0.6509940198193659
0.26580706820512257
0.0013989610163641641
0.9883167512932419
0.8507495125521469
0.759452853303722
0.5926174969793128
0.6190291118655158
0.691762611858533
0.5059754324727967
0.8149649281706903
0.30486453247622625
0.11997189175646683
0.5649794742486828
0.9023482767223088
0.848796965684105
0.30525736797192915
0.29130093544177516
0.4399545822452343
0.590545954910269
0.40417239449944864
0.7016978879108844
0.9114102537166532
0.10646233604793087
0.9867471275173697
0.7438516340798709
0.03401826488558979
0.359603672385965
0.07514201228970452
0.8316239094178471
0.7108641412957005
0.13672081327180985
0.5298120746214955
0.5006614789526271
0.9846713559670994
0.11327609877085176
0.3539088333926723
0.4876625728453794
0.5088328605344685
0.9088860689727601
0.37004360391450253
0.14331834111561248
0.23082805652973892
0.6875485180417636
0.9265020818842996
0.8926806350809791
0.504248854774946
0.21312580772727552
0.380589357871694
0.550479662382597
0.06964582991064261
0.9696006522410386
0.9618258076151566
0.1650856957276785
0.018449921006608472
0.8207741531453375
0.6510566470818967
0.19820760799197934
0.8497898215093276
0.4884878207197182
0.9639736478900967
0.3540157021314836
0.8727820958447586
0.4099085337759595
0.5254322993680588
0.4326480787304262
0.6139378124288962
0.6792356239548787
0.8690479572221653
0.6084042740391983
0.01383847410273753
0.1239368098598268
0.5338596093845404
0.3410965141121973
0.2768588508496771
0.44101101775214113
0.9232332408527546
0.4995824062950074
0.6285713962545958
0.1679510078362636
0.9365617069164844
0.46124495421075373
0.4064072822230268
0.520575910194017
0.5506557425965148
0.11867926615719637
0.00403663407738053
0.5533378994439998
0.542283602024626
0.37412817816804866
0.3837862158620503
0.6264646810588063
0.8246252593346316
0.157053405438344
0.0616694211525739
0.6949244996520488
0.24955886245117787
0.1025941218847819
0.7486789799780972
0.20385080825557977
0.2738604345651404
0.8173330117175358
0.7643601969940919
0.6915624605356051
0.31556352206384797
0.9351520762645669
0.08380161500357297
0.16491966061996155
0.030571861698010516
0.6157253500505826
0.718477638829605
0.871368215463146
0.04229673764499975
0.2527579833113537
0.5873810939343854
0.6157484758172722
0.9268696169732716
0.2468099016672871
0.6222379606417637
0.4514609142127114
0.6981613143770992
0.587502384136488
0.8405599446542469
0.20078139703538656
0.9825273643049744
0.7113360208623303
0.5881733244070586
0.48937820009877564
0.23954767219017448
0.3074918852188464
0.7279147743024803
0.7798597609542647
0.6037724003769701
0.372854888914932
0.4745843316393853
0.8386974700879136
0.9636139141240241
0.38127205027825717
0.7265363896574266
0.06796515411299331
0.2933490018875168
0.8762446097760963
0.4843372744146247
0.39727872543051446
0.47582169700383936
0.8657918160136238
0.8340314852071619
0.6593889200226742
0.7331173591347903
0.670728443395046
0.925325361498745
0.8334258033977521
0.32567540847239074
0.457403204813455
0.9158293056305469
0.14673497129552704
0.5379056344183819
0.9658681204454508
0.9382905565597587
0.7732234914651741
0.8742524616565948
0.14512170431867388
0.4300242945442292
0.977604136307709
0.16159391208048357
0.5404058787963013
0.8438360452960246
0.5470355799318487
0.6338668056839427
0.8217647207656104
0.8515065170625505
0.3560466659332491
0.787837533555089
0.2331760819068397
0.5735100914332929
0.8445226076090965
0.46084432913191264
0.6021862089474512
0.09495811437099277
0.39534942046715904
0.25389591968690084
0.9262729032461791
0.6408894128007029
0.16329422934443005
0.6274030350314032
0.2823883976027324
0.19662604768007108
0.6014229393069052
0.494618483550445
0.4268316535901693
0.5811861135736207
0.6172480437961426
0.6075593138645736
0.3352333724944986
0.8407597691050691
0.024325877974171073
0.8029324880881239
0.5536518281120832
0.17396653021345498
0.14309216764437405
0.47695543024420595
0.9822506755501135
0.5596957538123728
0.7113746256353614
0.5064071446483946
0.19192238704448805
0.835912430590059
0.10847870536548487
0.8194248426209219
0.32363902395915456
0.9927637899442942
0.20890532677038554
0.44054547553604284
0.7980598202545864
0.3552249335911666
0.74923509820988
0.8798133904606839
0.9339468301112096
0.6906578323788515
0.5541909549497731
0.317610617961558
0.7166279431779484
0.705076088596519
0.4334116476613852
0.4896130763971742
0.5944558335108033
0.9573130726284976
0.42253746180998697
0.33874737216280215
0.1648253870733718
0.9763680111059168
0.7685302787344094
0.037320426557642006
0.22649740946917152
0.07247370974101486
0.4060058138840542
0.11796229667576896
0.16644799741513205
0.12909022416111404
0.6922915326200816
0.1922845428130624
0.3116845115811403
0.040675383487751904
0.34287511276759675
0.29288605569442927
0.682863610104669
0.17641007878309656
0.31619978223160217
0.8343255679715672
0.3386311184011629
0.7851526796569951
0.3918860828027164
0.20294985594079595
0.8946085686538656
0.9294398362184095
0.8606019298882249
0.09049285200272994
0.050175635392948226
0.03706297070545761
0.9763044579045722
0.026509287373485013
0.863304373175897
0.7487198959605166
0.4357471679960412
0.21662805302642874
0.8616767509711046
0.5439426541505862
0.815285173527389
0.8272690698184513
0.996076893177508
0.5673729768123066
0.3397343010760292
0.7883262974052998
0.7716569253860075
0.5980784215908918
0.8906773101285576
0.5573276419681669
0.3952626484400753
0.2571435297107373
0.7386795914426182
0.12993760851330738
0.7665402058045123
0.5805709522158652
0.571613246845273
0.8343204676107252
0.3573959490162967
0.3713492192660989
0.4635116256603884
0.26487901359091104
0.33763087378349776
0.5459036632975074
0.4890262377413067
0.8482185266225167
0.8214044265256014
0.3800287873915512
0.9395641697031849
0.09882635490412384
0.9341000178663575
0.5118158125872762
0.17585850990932084
0.17615825844205524
0.2762930275531954
0.720626102957951
0.33325009735092725
0.3236327244973817
0.9252055797716174
0.37768612910578236
0.33542479273770254
0.8525391565868136
0.24286987703116225
0.2191087765243679
0.8706077797427109
0.2725897909301961
0.8014401473914359
0.9500222579612204
0.42394251029435404
0.6976167134876503
0.3701719571919547
0.16306367337693473
0.783484287787
0.9683946131106186
0.6247095289452536
0.49631373959716474
0.16946794330177228
0.35253003786078785
0.06718639168906715
0.17269722299680346
0.177455427354951
0.5175385991731697
0.7047281252336751
0.7316928303534947
0.16651550462130882
0.4036480989732235
0.3427524896719468
0.8284236675636937
0.7082254156228547
0.30361651880518514
0.675396540403811
0.6135837138721646
0.8005712357600412
0.8062973252203669
0.8307746344076345
0.7189901695274022
0.19528921444256453
0.2774754363418537
0.7383049352450777
0.8269680680839873
0.6750843010803099
0.14728379815969628
0.4823374831149362
0.3753076865906947
0.8853416711465965
0.8110354998044698
0.03505182498892323
0.0395419704189357
0.5798926996452632
0.5186488123754093
0.06853318261051822
0.632954882968235
0.7366667227681444
0.4056430634820749
0.8737687409210437
0.02773912532268208
0.8270881052257141
0.3312910365577907
0.6221128453662029
0.7035767889534214
0.7651337500010263
0.6472946507239206
0.25546772399204887
0.6847485385025535
0.8558234459874337
0.06254736079452439
0.8315488321112652
0.09588439705844642
0.9859683413873728
0.745631307735223
0.17821611427385808
0.3721093311561078
0.0800360665184584
0.39965124808260755
0.3534876279021817
0.3021143381483459
0.6098952676920467
0.9362922379173083
0.6979151678237197
0.20908073939428395
0.5169708625421392
0.964466148939771
0.23410457579405564
0.470961196996571
0.22683998453330334
0.4908175618221198
0.20268795366262893
0.43945655485997737
0.6493267133040412
0.7423247480994832
0.43821664862163645
0.7222011356014413
0.7000438984933547
0.3759937916501225
0.040406922339586426
0.7315423158405157
0.24646512047229108
0.9985189121496664
0.9961968169976654
0.9565081329657281
0.029286984710257147
0.31165984985354855
0.32681750532489473
0.3973255048697616
0.622030255666067
0.012069439600538523
0.9940238529511729
0.9497111679035896
0.3807798736593344
0.7879584172437238
0.34093380611996316
0.4125141835192362
0.7873709154076287
0.8672684295996463
0.2106283065504232
0.5601296286189664
0.8606321910000413
0.6508284555103608
0.7592517300698605
0.9164256748363234
0.8858269200245572
0.34428168241720836
0.16470309589943288
0.5527098026434851
0.8257319013281925
0.8069041437165003
0.9477232028108095
0.5783456205701024
0.6709255429953634
0.08292520573795736
0.36463939927026845
0.8167454857401435
0.6943286112933209
0.2015092777472265
0.22827226859403182
0.34564231745872276
0.07621953270200887
0.7396624653091837
0.7252516536689408
0.3233310745002237
0.9459062167888311
0.22901294556319374
0.4280564184272986
0.4292412806483964
0.9571008287737353
0.6108848641075318
0.7507491046953729
0.8199999420568408
0.9097674550935883
0.5033942197145906
0.13854890869103464
0.3552145805238397
0.5546241239710356
0.5909261851838371
0.4274805003975001
0.9353653522692496
0.8557107637601116
0.8008193999466735
0.19563423357908905
0.5376521451006164
0.9075478958788196
0.033476173999603454
0.9466720934763679
0.3621791018342253
0.43141321570416036
0.056396495833964
0.5968371729445293
0.5802333114223925
0.30246279930197306
0.1918479732919569
0.6878268678058296
0.4167422282080274
0.5856312449121889
0.4558718980514863
0.8849542004360083
0.7572323746890162
0.06095841365269328
0.8793785399160291
0.8254891874619474
0.5133912375408792
0.1303120878634748
0.5125101063362939
0.8575080870991875
0.7496245232040253
0.5942435865325622
0.9152742856683095
0.7149380412390014
0.4775930459607969
0.1299693153052992
0.8561570387937629
0.05694089069077213
0.5781605286248419
0.047077890250443066
0.08060007917595924
0.14879765247329468
0.4306467553207376
0.6384078684154637
0.47426423735777823
0.6147398508483857
0.3525329038860464
0.5524211364474183
0.12854667733778447
0.7630522124340063
0.48856760344728445
0.7403717707832224
0.37206649272331793
0.953317324628011
0.038277936151222436
0.5419481462863244
0.41556580667852816
0.6369540795622084
0.2319276612959893
0.7759467878848032
0.035220709899585034
0.9315910633948437
0.12112325339864871
0.9938066833155744
0.7240968125640269
0.6479585023584518
0.8093299787687559
0.45921151750331235
0.030891205102245745
0.48644658636481286
0.42831665143987996
0.12239829627317678
0.7191961085641834
0.5077670707459643
0.9928628263029575
0.7653929119266633
0.6478696916659381
0.9274216377309658
0.3606735373642017
0.9780638664384663
0.3138447188689537
0.5457928387049945
0.44331124948480904
0.6754993762189657
0.16431826278205952
0.9560267777146817
0.5136963234809756
0.9768044513078156
0.15744687412891012
0.5085118104348922
0.4075193746605321
0.07958265326836766
0.39946292130725025
0.9538536466024783
0.6204141922199002
0.4489782792583885
0.189614803931055
0.5401143583716151
0.6080026377389762
0.7706563639821293
0.9245671257082523
0.6317318858625219
0.17058106103248394
0.37492315509641116
0.7692851310734977
0.9428475474862473
0.41455263268400666
0.03709961923270022
0.8903515571244585
0.5738311675822361
0.29849928750418286
0.9719754899465133
0.34177695571215916
0.958285640444857
0.39897983063914166
0.8931658811744181
0.2948676212182678
0.07145897556652903
0.9676141104990912
0.33022290857844216
0.8236730734052427
0.09904343036470753
0.7681708509340311
0.7745863558478553
0.42563259863120795
0.18319515564266664
0.1599725099137137
0.20757069680931173
0.863617044449339
0.885446455987432
0.4111903862314351
0.0993343085700602
0.32403716945413774
0.8500946578464491
0.7083060402838935
0.7967664162629822
0.42932953032499277
0.9498087540353148
0.04742406499193863
0.31440702528606335
0.93192931976877
0.43987223958144916
0.0300956072273465
0.7356994947584207
0.9853759047412048
0.3376213041203908
0.9099823531731673
0.6455990525004822
0.026385360837121064
0.27258657725181223
0.5677606560286358
0.4190110359627427
0.5251935595613488
0.5798727518931546
0.9385097085246104
0.42508933708041396
0.847327925315394
0.8019452488683557
0.16453117744661083
0.5922367197499897
0.3156362164508687
0.6657505096551264
0.7528456435891357
0.1474860067052205
0.17966263564540552
0.561604035334407
0.8981379392227786
0.8588823488883941
0.47633344762806884
0.8594433793430133
0.056604842111472764
0.6405554831956022
0.6699696881826485
0.28336281917511874
0.8491714565817641
0.9708189635224078
0.5851362076814732
0.11707105283221975
0.33079261503438506
0.9815025418195025
0.9557876468686892
0.004284154408042196
0.44958544726960525
0.2965191172742566
0.3271406689422557
0.3068063939528667
0.4237444319274387
0.2690958593142929
0.9225244079225006
0.10109451635825573
0.42083276572394135
0.2486363526023434
0.6556561134014266
0.8648460663808165
0.8142474891216784
0.5241966485986473
0.04751925532132206
0.7543144069441742
0.4634805645195905
0.8960145086405349
0.2803203289101013
0.2990949606756186
0.9648853722088848
0.3444639986413627
0.9397791173727029
0.7484596844057383
0.24489503326642836
0.8980013538299245
0.1857897633719532
0.35035097569347595
0.6852828498513965
0.2891752636786775
0.21627671149649264
0.7608595965574068
0.012049625590247248
0.32048038948690927
0.10011026401189971
0.9361029953042662
0.8760467655862724
0.5812307361620693
0.6093248761466081
0.03887599426055921
0.5797262935879113
0.09136820095157572
0.4927446954285246
0.8093034110799956
0.49277215019685305
0.004469177423582216
0.0326165061809538
0.5482603467593763
0.5598800951771671
0.6719812208262481
0.4763038808623945
0.0852636707000679
0.050287329162461814
0.529991928951101
0.0911477354144885
0.14266273450982758
0.26654476401620275
0.9233699518615482
0.5810766356415937
0.8696425497911328
0.520049004320964
0.26572541528268134
0.07428485287131814
0.6525034072288218
0.17666321849713018
0.7171912611637058
0.8451652286831723
0.14147398370705078
0.9233347285741179
0.49609509097478166
0.8802932921783524
0.2566071092259652
0.5955461705048003
0.03137212047819293
0.45370723288493
0.10948473400442027
0.14025633839324392
0.8424486561561336
0.9048702138629283
0.5599198781041549
0.9045555212899715
0.4006887182246103
0.05102993576962589
0.39959662464495904
0.19689261475058129
0.6349277827196353
0.4489650723295744
0.6979826658422745
0.9341607792716069
0.38325533327215555
0.6895953429540622
0.2561922670074628
0.15616552418351248
0.34503249009206716
0.3811779921832862
0.03994266128239288
0.4770897423976277
0.7491804703698834
0.7384170139441837
0.10994641938045291
0.44561897378614057
0.38891501836145626
0.5289695822430701
0.14272269045843777
0.5297032283885608
0.38443450463428674
0.7791029462640725
0.08633525368601114
0.07926719739327481
0.1748953404652578
0.18953424506010497
0.09623204886622905
0.35428672022841434
0.1755922269511785
0.5886527121189172
0.7657251936794589
0.2265335029494846
0.6217759917447548
0.05028462764395236
0.46439319099749954
0.9147305965901827
0.5833035899460303
0.6189111297087845
0.9379584984146695
0.17216963455397538
0.6397951740869817
0.09033655109565009
0.8688195961029829
0.32862535523587943
0.40835934705109944
0.6605164545098993
0.14346282572401614
0.638108085159802
0.33676469844552215
0.7998635607637973
0.7690047190381649
0.6209434546450375
0.8655515538340259
0.4032549248863513
0.7471440448111928
0.8797976011505425
0.01342159731244752
0.7351089961865096
0.6209995975114281
0.4898123936454205
0.9211267574521417
0.9771864963760166
0.6652408239378053
0.5290092903598376
0.2843886005076275
0.7772596522291788
0.17063600331095485
0.6428152780205003
0.08272233378171223
0.452598267079513
0.5277853909848442
0.6009081542448826
0.7756079873028422
0.04166987734490746
0.24358761507648785
0.8264647257973874
0.679111483341798
0.6922499354058153
0.04785051417108466
0.48159974606827494
0.034145792825325594
0.36125638122275183
0.8397675928226744
0.5264089932356814
0.5480109621497582
0.9310448525555366
0.4901704449264498
0.15594393268026885
0.9788910302717284
0.7539122277612943
0.9687558561607028
0.43419170867928725
0.92309230847768
0.3455804477108506
0.49888972660758746
0.6744666323769427
0.8237321819465985
0.9702620951009262
0.07463812007371895
0.5467366185655634
0.5821163245654682
0.8853479293815775
0.4472324247282051
0.40106123872878574
0.26156016670480753
0.7990820135108488
0.8236380094684971
0.10224889632322709
0.7668566468665946
0.13776190031660684
0.9923636490148685
0.266768949361917
0.3204803303784487
0.9640275685716908
0.08685969188320741
0.30899332372314203
0.9514900091506361
0.8980291564038091
0.039723719448235606
0.02790727798750281
0.4432266733593724
0.3338907862785092
0.9335096442619367
0.16566300235914344
0.9557366381324482
0.20716950931775835
0.043013513837036554
0.2159318334850029
0.8025656195524822
0.018274392997428945
0.297726777679557
0.10291670254388374
0.7935071206271102
0.6120808135061393
0.11616881196074524
0.13087447727038637
0.7266591041011992
0.4812184961438547
0.13247235800182688
0.1493316562485847
0.3238103067774347
0.964999063567414
0.16930568960339232
0.23115008822150807
0.25141119353650343
0.9365824122568198
0.18758301152358092
0.2228591253501001
0.5064792744455279
0.8980366232579391
0.7548292642178075
0.15686794898507483
0.8087838968507779
0.1088887121433797
0.8886371089428873
0.32540039012231026
0.7852380861260639
0.9177223038756339
0.8776872042116348
0.8017906742169386
0.6922309665649921
0.8680561224032003
0.8554662883243894
0.7529004418352081
0.34437203086411294
0.8453554487941737
0.8288353089016406
0.9944284460711027
0.35028183800377355
0.8543040361516802
0.4220805060453692
0.001177536628343634
0.7404189815426527
0.19564742824486514
0.12784450300697747
0.6221846881166234
0.3479345266191083
0.959371421507974
0.890644114686846
0.9997648474263293
0.02247664610381206
0.16336209791470668
0.8209879617218773
0.6297870423429252
0.6263005872177152
0.3546808131984691
0.7103598474919225
0.942686627781038
0.1190672078164059
0.8455186691847384
0.2713823387079838
0.18060851910054054
0.08818426950892821
0.5839917689881762
0.3820213131834259
0.651657953191387
0.18763393291394526
0.11125986242739128
0.6599819491146075
0.2797147166449744
0.599010830698001
0.9086170593949565
0.41232857418361324
0.4973682481893099
0.3839613277531213
0.8516621888108259
0.8914165390753584
0.5499889258372455
0.1534246203150912
0.9864175476170923
0.9037675218593783
0.8336447577683442
0.6757231925403263
0.16614123364121414
0.4409054257610303
0.9849159659225744
0.6242354246083157
0.723662941765177
0.7842931987710439
0.8438910044611094
0.9100419269231893
0.6407576004122589
0.3873893476819835
0.8950670908216439
0.10867075468275655
0.5406765550140605
0.715159646574692
0.5499268725703319
0.7185246100061877
0.3104169084573811
0.6943104427655986
0.2682190345325096
0.05317368760989294
0.062411798904125626
0.315345909075198
0.29720737247701534
0.7142826141832751
0.8539984391964838
0.5685201491945285
0.8504843519198596
0.7896667120624987
0.6330523402479894
0.7276909894604918
0.7162951651093665
0.4072907902710097
0.34929111575212035
0.2192192705259255
0.4254592301550001
0.11929165110838247
0.8163513268377769
0.6358052144400893
0.2993584697829068
0.4095439745942815
0.715691411457663
0.5891441068375778
0.6597857696912415
0.34404040718819284
0.1765385579207266
0.8461693965024913
0.16038970001034303
0.7275093338994048
0.6953734149098978
0.02605157694355631
0.6109362316807788
0.9170982312439874
0.8635223927848723
0.8467944407082867
0.15810652718563067
0.022523731947185377
0.8613880772205336
0.7362788176601789
