0.05133038367188503
0.08057166621679424
0.0827608502494096
0.7933318974830735
0.19896293414230948
0.18019041253971968
0.9732458346145084
0.17240491022633486
0.293908983341323
0.6840931066998134
0.847142777704166
0.8556128792118496
0.1330948819096115
0.6329252101579014
0.7806442401187237
0.7144517889605526
0.15014213860583348
0.19877379111155968
0.3725637575079377
0.9061482712386931
0.3634627823207145
0.7644541053234089
0.760098883888806
0.7637146505681699
0.6811739183640264
0.1425100222520682
0.8404926139589365
0.8684196116369919
0.21828724021155732
0.49002317968784703
0.1036772613718644
0.0796720465716656
0.09378796460475558
0.7561568511653
0.9116186439624804
0.45184089600774446
0.6974986017398974
0.8048416300152094
0.6534126807126176
0.7167366861164635
0.5029172936645954
0.8748594447344923
0.9051199513169444
0.7076074800487847
0.9501568703845225
0.6467087185022197
0.9051741292982938
0.9504869632982843
0.12751495857628714
0.6234915582516933
0.6000410639341907
0.391606111942542
0.2702730297567203
0.6023974656578225
0.5416313610209332
0.19215756730513078
0.05582268366320675
0.2849804541169151
0.30344366970240766
0.0924352665936321
0.7757541255173406
0.6376083782089002
0.0630622629521993
0.028298444744596307
0.2643447816658303
0.16810823710646505
0.005031053782693973
0.25555356526614637
0.8683916821163193
0.9244167585010427
0.8550129658297411
0.9463318661928111
0.1944084315472806
0.7434909683812837
0.8687546973300626
0.7865341709676911
0.7784061955221216
0.6501711796173062
0.7484815350661366
0.5493536565137856
0.833714269102049
0.06855873563921489
0.21306117451294482
0.5406856158154592
0.7943086120434059
0.7390818504462493
0.727279532714578
0.28439504253725234
0.2890177134174483
0.013120582553579507
0.010724786746384884
0.6054075034866719
0.24214656782845545
0.9193385524156501
0.4248422988481121
0.07455129284965256
0.27346544967660835
0.7141214060693627
0.8577712269592106
0.9986270478777974
0.9992105460126545
0.04663703744666425
0.9375909234399175
0.3302449797553837
0.5624665682458356
0.6691823030267807
0.27653627073692366
0.5737724138461265
0.3380268127426377
0.6589739354400843
0.07707290636086783
0.5432781270555228
0.8263515371100313
0.8658657144791595
0.7228232303545898
0.221222720908419
0.003129303483836554
0.4220518009183962
0.23478329807303688
0.10695723081695263
0.9490682080001088
0.280426192745566
0.0033485320755508585
0.24874074409080438
0.7839926071431312
0.5750646946860979
0.4909016773282532
0.05841911080884865
0.2995680892536646
0.8621118549333606
0.8856796061942355
0.3780504355650516
0.015985225384452018
0.20076102267510465
0.7278406408958833
0.9907578039254153
0.058389178892547244
0.3640123148920089
0.21580393141090848
0.45498947249337673
0.597633618426282
0.06789944570905226
0.6939704983351824
0.22851021486505996
0.43247202296653486
0.7903936818945299
0.9771840147795399
0.396506969611219
0.34787823041163624
0.06035642224227156
0.36020949956173554
0.9939569869394472
0.5946496869987448
0.006790890304340547
0.8869783036488722
0.9183849394479282
0.6478144948601018
0.6889277746309005
0.3570926255429804
0.3369479546045995
0.15914829481877402
0.5566657214829028
0.7603228100735949
0.9384459517595195
0.583359160421762
0.9692159449402038
0.4886000989424021
0.5400503639843891
0.5765774056608898
0.13737313915605376
0.9856160331651385
0.21478195880849316
0.7258619016707644
0.48121820098627777
0.15737016058236952
0.3913877492221063
0.8396820667265185
0.6653625494087518
0.7039457239378836
0.3343783951676602
0.2834612191050765
0.8816083404690798
0.49321162165180676
0.6837178474323566
0.6135809500474741
0.35643226943499506
0.37894170860910137
0.05805406139133851
0.432828972925985
0.27335061920575277
0.9381239313458334
0.03585844655216508
0.0783333309143529
0.4427093986537253
0.9978412892999384
0.47790846068065973
0.8044053473645925
0.9258865466147482
0.8501758969931215
0.09943078059960975
0.43033555208337126
0.794144915507807
0.7680736959230354
0.5451237014480254
0.7587229109736445
0.4842099913872111
0.3774173998386017
0.8656485454711659
0.44972743519346026
0.7787891448253826
0.5543757084211433
0.4266153325468689
0.9208445129699048
0.9249668998577045
0.15039312421872741
0.49942891763761266
0.99766421034048
0.9988152102904878
0.5253775604939975
0.41648865444433636
0.9712577245059435
0.20464844247673086
0.09589654753373122
0.09138967181239133
0.8743456481226989
0.48126458978713416
0.19717663089311377
0.555485596745272
0.7215403392584037
0.44716149566909513
0.3310240222619184
0.11934482674906688
0.19072208551735992
0.7106565943836183
0.7237671542569247
0.022291612353239953
0.28377701486586526
0.011602100171500429
0.9145294820959581
0.3470242882226051
0.3963289954553998
0.38112470652982167
0.9219492290335459
0.568980867944943
0.24837138314243212
0.7971953566054896
0.5824226382889808
0.610487594579582
0.024366924362405173
0.887337018106705
0.14174298815136444
0.7601293335467146
0.02108803490157196
0.6278420518907518
0.341584720280412
0.3634952838648907
0.8215082279109756
0.6794358382655168
0.5875860901815164
0.10634118015889815
0.6348020564327811
0.0007155452350771085
0.03176335701889699
0.4881526950780567
0.2393168739135051
0.847563328462822
0.8000772224758963
0.5007468083217317
0.7345919586447014
0.06452565446351455
0.5006163824772812
0.186188250126209
0.7258435085614547
0.5517402501380906
0.5973256998026335
0.31054379093344886
0.22941366318883138
0.42084875245632547
0.23743811963295725
0.26459097063828974
0.39308542986390793
0.7154344415094064
0.24578780987608528
0.21071872788774382
0.6008335262462716
0.45233130797218146
0.1904716430167207
0.970043377976207
0.4191857717845545
0.3193858110669172
0.1923074222312463
0.08789997225381485
0.16154368482899084
0.9862222936641503
0.8097829816641042
0.8594248335037247
0.2724449574565715
0.019784176053846414
0.8743150981296502
0.4753337165892635
0.10497419647052231
0.8699879147394476
0.5844023049153905
0.12399157170325847
0.7226706341808306
0.8614119703256304
0.7453748873082217
0.5952116428069026
0.6034705443774399
0.9500135041860372
0.759149933642772
0.10468892984469991
0.04083433474831777
0.2581169924571646
0.27025882879818686
0.7162157869512527
0.17993632976484697
0.9151130038869008
0.7513650939290556
0.9408219079438518
0.4346795495992507
0.7810452152951678
0.5220425566200192
0.3690347394403314
0.46693147062499585
0.8558059975733046
0.6560317392276491
0.7732478154996184
0.27709307954843987
0.06775109655683442
0.9709150295013607
0.18971553699930732
0.8683157915615818
0.2639304135736652
0.34656847899328647
0.5034331566566678
0.5095024527000237
0.7681155186378559
0.858554088556229
0.7537787802752497
0.7125440754670966
0.031648184154046466
0.2523053384648257
0.36800344026007714
0.06924168402215802
0.01549032597208544
0.9735112802425943
0.9610876402153289
0.46782678474526074
0.058379192272528524
0.172674570427364
0.5175171443852093
0.8113643972492118
0.04581677058917433
0.8729815224518719
0.12756007717487616
0.5302719685342704
0.5209235146563506
0.8488428642599446
0.0174542521759552
0.731941917752704
0.4646812543895884
0.9716384615975514
0.3757707256664352
0.9500998506649126
0.4742968119339739
0.7775802658114243
0.41505918614642134
0.5372770193650789
0.11770756712160702
0.34975257887366806
0.12182870472604168
0.6004440996578717
0.7461738691045685
0.22177381528952111
0.14974116150349415
0.09887812450337796
0.15711827415626456
0.22135715131690947
0.5507458022621878
0.09188202274381752
0.3396361149146232
0.4546278152899428
0.9683329009994835
0.16008151643554502
0.33934859242329507
0.9091755311717841
0.4179344794957567
0.46273452066333465
0.5472092665819008
0.815816683574555
0.11340012596816973
0.5242118281638078
0.27474562198138164
0.018753979184465197
0.6763973305526609
0.08974162605700631
0.9545116758156653
0.33687409127454093
0.7400770140520875
0.9340510925980031
0.8590014246310933
0.7870751488995599
0.9192481426542464
0.31238090136993313
0.19161436646914887
0.9062766461714032
0.737670655084508
0.6081352458698005
0.980937788310463
0.11226694452053532
0.41114355090450116
0.9344594637475281
0.9950288263497792
0.7498678817383879
0.29997087266990585
0.7645181003109528
0.03943927155172977
0.6141508454560705
0.6765216878261481
0.9866862204499575
0.5404043092624582
0.4337414539639953
0.22362734307697074
0.41539474984213187
0.9365436947653223
0.16135874600983802
0.14482849979280343
0.32658250348694384
0.8729595859180495
0.7418405656450024
0.4554243120810839
0.49316157318035414
0.37085976460092573
0.12191996252125925
0.31739238301124395
0.24547551341498708
0.7871822229485547
0.17199620022929174
0.077371992731195
0.3591771661525136
0.8581460773123722
0.43028626659982483
0.7744884571178263
0.9114206099489787
0.4314309874270382
0.8408423437792806
0.9695210249917819
0.1294568328263671
0.5656495494961724
0.23760781496745798
0.40110946437319506
0.16680072594513518
0.8840059733582385
0.3290481938723515
0.977198031159374
0.8153232817529976
0.44575230648171593
0.3681430639811264
0.38685057201797224
0.7935349881448328
0.5927619514353166
0.9902154907197263
0.1726685411807617
0.0794345212411095
0.8840594700062744
0.5893165846713195
0.12636033839647587
0.11166915575142311
0.12271052962727724
0.26371453754066876
0.07045740064364625
0.23265430088906036
0.6644665058320424
0.9858071214357249
0.08819081321959721
0.07365284472615974
0.43177546993887816
0.2998762487951181
0.1321843402953934
0.3409448388328217
0.055986294397529335
0.4210282179057877
0.14333549836852322
0.5752108988279179
0.045300413711242715
0.9174686620407507
0.7486487202069916
0.8074834713369692
0.7455051117717536
0.5286242937691525
0.5667602085961393
0.3676186710179453
0.4675261028968175
0.9222163744792417
0.826237718967613
0.8491583125890314
0.5985037956291724
0.14357804661291418
0.9897896627677091
0.7806186744005071
0.9658199705773072
0.989187351344636
0.5366895168544464
0.33599601684373803
0.0004934594002522497
0.9017029581832554
0.8170423217893273
0.4704827943175459
0.3588967314367334
0.28740488932393204
0.6287560209372202
0.9625663927220258
0.7101305180412625
0.7210232951131448
0.6203973216759294
0.6274936169933011
0.6408517993079044
0.5596451228607623
0.5504363743446142
0.9664176944381169
0.09691084015937468
0.6851369132356206
0.8804424196358942
0.6874124442765716
0.2945446427390468
0.12564109605467566
0.11098626645674625
0.39428244919824207
0.30701622716477195
0.6514674997788712
0.512846296081507
0.4514531385644416
0.9225954573817644
0.785004260347579
0.7205451213194675
0.5903937337121805
0.9721553595952992
0.9162834195035068
0.2737729637197781
0.48647761380503063
0.7404498939156651
0.09063803032415374
0.4289926183174324
0.05482697878343146
0.18002258902016588
0.8874830718376611
0.8620528649870352
0.9129029333756385
0.21211224807349938
0.41157516020939944
0.4852864766666114
0.4656469113804784
0.7731869032650575
0.8733622896815895
0.029120951222596947
0.04290008565440839
0.8315402102514751
0.13856229008982424
0.48327077665666907
0.01506483757360022
0.4863597431890597
0.25523395260344417
0.9535681425642816
0.05198906624232891
0.9758815078315479
0.22973689636815675
0.06014311511573234
0.7559992231143383
0.5577772545516048
0.880352394265571
0.9002783899885826
0.2759423916868522
0.05648899383130512
0.6065984742782755
0.8117933397253
0.691436951229948
0.8589802426949211
0.2386046245880611
0.1259626684453219
0.671088588599956
0.06961518768705821
0.746244385811855
0.39586871872859397
0.12919229685849176
0.5550390404603206
0.4162625243099124
0.7074263707605225
0.10699518206205749
0.018989357330923662
0.1995428230883749
0.2814996927574184
0.49007043439996434
0.7101733287678483
0.15116252438677258
0.9493217951536748
0.8762268067615198
0.5571548962383215
0.6971651413625712
0.8628413137533675
0.3825973908442273
0.7451219913833793
0.49058747956323123
0.27474779612645117
0.7036246646640542
0.3347045721244205
0.6351513851469602
0.09945624153853394
0.38123315339578046
0.3337694593259407
0.37181340702775156
0.8283585269926321
0.6232056242138172
0.9420166779498479
0.23212319760683775
0.6377586791744086
0.738647012034364
0.8830359982083958
0.18805523560869963
0.05762777425572685
0.5492879731651621
0.30651461771938826
0.7642598536368755
0.13720230029904823
0.9387810760540554
0.12792008292074175
0.22294522851811038
0.9135852430202233
0.40701432268736204
0.6258422959817674
0.3561333846300949
0.611269566919964
0.7073813285187098
0.16576921190322436
0.0980384358693247
0.3306395412779365
0.803935031606144
0.004887279734911321
0.27944807200417043
0.538282169670592
0.38175453360489975
0.06458174185661936
0.09714873356042131
0.9656721630018006
0.530976817556385
0.4133900285347387
0.4474411901397023
0.1477983986010778
0.8502517959146909
0.6764929900818617
0.7239263624540505
0.9686241425125798
0.8838618755629475
0.7492150888652866
0.07371734744724434
0.5993403183148049
0.5645502246892414
0.5792036721281462
0.3950213577543873
0.8599578051425354
0.5768512995887305
0.01639552167849978
0.6836326860576861
0.8403479665842116
0.8054034722960364
0.8877396601528407
0.48638983328321306
0.862048861718982
0.7473494184412807
0.4793929970247133
0.17735721546716876
0.6278912800463492
0.7070408784067231
0.5812409422233906
0.5953074109218709
0.6431939447002029
0.3400636161033078
0.11174816183509717
0.7812146127882469
0.19833582036055308
0.7367776639531
0.0062538751868160825
0.40609622738476314
0.589812592251668
0.7540777858261741
0.01808470220776137
0.8840057001313782
0.6291856521810887
0.4369792722983936
0.44408875268838355
0.29527946578159425
0.7038666076315834
0.91845114705647
0.49712529290870333
0.6721339299110384
0.6153689065949415
0.8164306243586633
0.7697721040285219
0.5909439546144631
0.7217051124665903
0.35601658539220726
0.15276219561127335
0.8648692781337277
0.39088659433952555
0.9131682435943408
0.025539234309478798
0.9277490314230402
0.13790574325143568
0.31057890867496085
0.7282919720295008
0.26755787298353584
0.33603230271727225
0.20754187741192742
0.0020282586571658268
0.35913085031023895
0.13169887854679407
0.9756978168020853
0.7707364343090037
0.8974505153757962
0.18699532462344515
0.7218032788068811
0.7716619925631755
0.2743596531641216
0.46258333042284283
0.05981797216460405
0.860577267652973
0.7813897802226482
0.8442431372679156
0.9285286393210356
0.020669798421357077
0.7907501839982419
0.17524547318463224
0.4680552341113716
0.45640414238227234
0.027917282178546388
0.5054635215169024
0.162119665085814
0.8629241620721477
0.6811139684110792
0.5195550754318916
0.5673748124134426
0.8318072483270148
0.6018975950949029
0.6908033618885621
0.8617862319814567
0.36874925539612313
0.3709039634153073
0.6741526254395791
0.2670656285225218
0.6924069358913622
0.45953993583897934
0.29814028944992665
0.4225822514826416
0.4073817126013497
0.4600180091128353
0.7451092144941488
0.07452864694200201
0.7651169255563803
0.3826295273777335
0.9806586562562946
0.9201130906522945
0.6449873999960167
0.2979739443497377
0.8542848928204019
0.5999757042217835
0.2679731157133133
0.0665943873916921
0.10885389758645814
0.7956207453317987
0.7494518088252445
0.3740305675382215
0.5343953420780072
0.5985253694389443
0.6032062428604228
0.30982194762163384
0.2249465251526378
0.1266805209580727
0.15695505779254648
0.7557653617627171
0.538984229472616
0.781905280211191
0.15952369892243934
0.8106653102907723
0.6996204625982408
0.3817530809912413
0.9840938784481635
0.03929671768431664
0.18794340455483116
0.7499252055178587
0.4454596687500739
0.48001950121459813
0.8520568057412331
0.9981642155407929
0.418529896589077
0.731381408276132
0.8402893787169998
0.2235240823825343
0.9236804511439068
0.08320196045289285
0.6033800105073979
0.5499417466089153
0.7449710716836092
0.6218911780644484
0.9980046114584823
0.2883538553126058
0.41711412897783984
0.33939093175474533
0.6822861657466148
0.36335867099554375
0.69405380863957
0.6957048773683889
0.10925418032175438
0.9213534712405291
0.852553206288416
0.5061643695540706
0.6908396769748675
0.8670060378999367
0.025494092093749865
0.23353985445383707
0.7815068303186127
0.8648463073710564
0.5721194561525546
0.6381954863445356
0.6910818104041121
0.9377805042819738
0.1404284049845832
0.2616660424670374
0.3067212970869163
0.6672440257767072
0.8628863440517229
0.6268570431296177
0.5217801479714796
0.0011258179485417186
0.7143549992890165
0.8876067754356576
0.9389964417927474
0.2808162415017418
0.5147984597414723
0.33433239505944057
0.7200791576832475
0.46169164781372174
0.6236469152049972
0.9017402434732443
0.773218781394509
0.5313304780375435
0.24153544357711454
0.14832512366484008
0.394726875086881
0.7213289578233251
0.0038673199932943714
0.026241043012736553
0.3843455436042237
0.5910642817581735
0.5959696386992498
0.02129054628021998
0.3624118704392185
0.021586198809733004
0.936471459280312
0.36954329837226385
0.3889449991206618
0.692652375895163
0.16518399581585752
0.8499691140749298
0.6689419195685784
0.5920434842977321
0.7978736627002116
0.4765630930062774
0.9978647563892002
0.5767313331770648
0.7560500841701394
0.7640783381972049
0.11562530342467314
0.24714297298770116
0.8152230515684665
0.12130227977320707
0.04800698534637837
0.18818750406987927
0.5733173262452098
0.5136389503065112
0.4950581437474372
0.20473288189577288
0.9308326799934542
0.26312950299046156
0.9156663930307813
0.3434518841322348
0.6219225201092178
0.08812993630568922
0.6144397131440564
0.5706744903390819
0.4849447288141526
0.8069294812683713
0.7022701423101214
0.17182792110606437
0.41318539211931793
0.23425316661797368
0.7067940960886094
0.20576886672746408
0.3382993693623274
0.5547681023463832
0.3472927780263477
0.23313720755099754
0.40202342026418514
0.5491843122081095
0.49923181793283633
0.15316363062217309
0.4066183236734121
0.5080824323394352
0.5299139339492465
0.14913397167575426
0.48093217772479036
0.00784576921534974
0.45791933882117697
0.10340810813234647
0.5124953717567933
0.6894372363459864
0.1696504631877762
0.330002745061276
0.6228329569807184
0.6573265996688609
0.0446822394258527
0.4282932649195885
0.5767508095172335
0.19937718922440362
0.741491792611284
0.6111666172867394
0.6993191575972177
0.9209680977438259
0.318985621166076
0.7209206230665073
0.08549930486747892
0.149799515619228
0.20882042854349925
0.07691414454939238
0.1812040022353828
0.44540262613094883
0.8322894872648102
0.5136942031544873
0.48796170904793434
0.5687097634458246
0.09277156486452676
0.7197827252534063
0.35841716783733957
0.41285138339275584
0.6294937306260201
0.34859057120113124
0.13516236284651917
0.32235988376139824
0.986295735080779
0.1489810730842076
0.8829111854729629
0.24245320267409687
0.4191908972035556
0.6444064179732353
0.09472264129711472
0.19107733434974017
0.5241469806182778
0.21907794449711637
0.11884870526729785
0.07280823111848223
0.29217550938432335
0.403647830735564
0.9164984142682565
0.18634943656411607
0.03608701492720179
0.5242402760883166
0.6388731363181213
0.6523753428872114
0.8806383668398731
0.5790652373781738
0.926897674391083
0.1722356647096147
0.29122064348225474
0.3091426828110839
0.1941797002537844
0.020678200756697462
0.0805220353810755
0.5221239050756172
0.9050161214360967
0.3000430204390515
0.7786613831016831
0.906305041475557
0.6208568746696163
0.336054765048326
0.06810616512112222
0.9993931388544258
0.33854705877907953
0.34652939599954136
0.6968446152179602
0.5990295950808723
0.046439474203529896
0.23703387092620332
0.053604549457754835
0.8314030824905281
0.980941055635421
0.09860257999378375
0.7040668123782159
0.29850269213353475
0.3606298599340215
0.8095690167843802
0.07247577472466238
