0.5935285341290562
0.5669575310565954
0.5403865279841348
0.513815524911674
0.5168087199127588
0.527766147864268
0.5387235758157773
0.5276353090305866
0.5002898818809022
0.4729444547312177
0.46008858372819816
0.47262149252198987
0.4851544013157816
0.49552216442641434
0.493728258167814
0.49193435190921364
0.4901404456506133
0.4958239937039799
0.5019940884420293
0.5081641831800786
0.501719974486851
0.4905314481314175
0.479342921775984
0.48622667491265253
0.5101661418199924
0.5341056087273323
0.5440438997828468
0.5216603274357424
0.49927675508863806
0.47831705922052903
0.4717486863365511
0.4651803134525732
0.45861194056859533
0.4758323857785435
0.4963640950455217
0.5168958043125
0.5162460273780025
0.5049543443326185
0.49366266128723457
0.48684339109931507
0.485416391732452
0.4839893923655889
0.48859574975193654
0.5121870697217212
0.5357783896915059
0.5582867416267565
0.5444554995143065
0.5306242574018566
0.5167930152894066
0.5153127256125435
0.5166041063641389
0.5178954871157344
0.5181911648503731
0.5178353985898752
0.5174796323293772
0.5142966899402465
0.5067339419092174
0.49917119387818826
0.4902424757341049
0.4750937151109352
0.4599449544877653
0.44479619386459557
0.4791487039111976
0.5151457744451675
0.5511428449791375
0.5443293224286433
0.5236706719018965
0.5030120213751498
0.4982116586891873
0.5067360112303932
0.5152603637715991
0.5168123854745041
0.5042843604359858
0.4917563353974675
0.47928492063241845
0.46723272789252074
0.4551805351526228
0.4431283424127251
0.48765457667720136
0.537999159818014
0.5883437429588267
0.5872900668021799
0.5636306747508164
0.5399712826994528
0.5217887198921859
0.5094846204735828
0.49718052105497984
0.4917181336397562
0.5047446584241413
0.5177711832085263
0.5286937777907393
0.5053690640820345
0.4820443503733295
0.4587196366646247
0.45582839101400274
0.4566664475184683
0.4575045040229338
0.46132520925073284
0.46687191424736446
0.47241861924399614
0.4757060464911833
0.47588912263226346
0.47607219877334356
0.47886234227681085
0.49151923302869754
0.5041761237805845
0.5168330145324714
0.5075390276369989
0.49817423145879264
0.4888094352805867
0.4864863785429581
0.4860969141927015
0.48570744984244485
0.48531798549218824
0.4849285211419316
0.48453905679167497
0.4841495924414183
0.48376012809116165
0.48337066374090504
0.4829811993906484
0.48259173504039177
0.4822022706901351
0.4818128063398785
0.48142334198962183
0.48103387763936517
0.4806444132891085
0.4802549489388519
0.47986548458859524
0.4794760202383386
0.47908655588808197
0.4786970915378253
0.4783076271875687
0.47791816283731203
0.4775286984870554
0.47713923413679876
0.47674976978654215
0.4763603054362855
0.4759708410860289
0.4755813767357722
0.4751919123855156
0.47480244803525895
0.4744129836850023
0.4740235193347457
0.473634054984489
0.4732445906342324
0.47285512628397575
0.47246566193371914
0.4720761975834625
0.47168673323320587
0.4712972688829492
0.4709078045326926
0.47051834018243593
0.47012887583217927
0.46973941148192266
0.469349947131666
0.4689604827814094
0.46857101843115273
0.46818155408089607
0.4677920897306394
0.4674026253803828
0.46701316103012613
0.46662369667986947
0.46623423232961286
0.4658447679793562
0.4654553036290996
0.46506583927884293
0.4646763749285863
0.46428691057832966
0.46389744622807305
0.4635079818778164
0.4631185175275598
0.4627290531773031
0.4623395888270465
0.46195012447678985
0.4615606601265332
0.4611711957762766
0.4607817314260199
0.4603922670757633
0.46000280272550664
0.45961333837525004
0.4592238740249934
0.4588344096747367
0.4584449453244801
0.45805548097422344
0.4576660166239668
0.45727655227371017
0.4568870879234535
0.45649762357319684
0.45610815922294023
0.45571869487268357
0.45532923052242696
0.4549397661721703
0.4545503018219137
0.45416083747165703
0.4537713731214004
0.45338190877114376
0.45300678173273895
0.45287960585224235
0.45275242997174575
0.4526252540912491
0.4651562527329082
0.4800546198920703
0.4949529870512325
0.4977249174577815
0.4933818467084604
0.4890387759591394
0.48692092064182974
0.4879012498875515
0.4888815791332733
0.4867979176671264
0.4728891670473592
0.45898041642759213
0.445071665807825
0.4517388495223497
0.4585392108053815
0.46533957208841326
0.47391167135092604
0.4829795656035817
0.4920474598562369
0.5060689211758912
0.5238405406140647
0.5416121600522381
0.556799270169166
0.5673296067343011
0.5778599432994364
0.5835904854292907
0.560948909341705
0.5383073332541204
0.5156657571665346
0.4995288719855747
0.48386301614612925
0.46819716030668446
0.45968516990487096
0.4539516897399953
0.4482182095751196
0.4644396421512797
0.5019212117488211
0.5394027813463642
0.5695941582175587
0.5824317067510305
0.5952692552845024
0.6060176290828312
0.5938654336690129
0.5817132382551946
0.5695610428413763
0.5772923233814372
0.5879584343205951
0.5986245452597532
0.5831852340247761
0.5542475093729283
0.5253097847210819
0.5105342141905255
0.513283035810058
0.5160318574295903
0.5191086246167638
0.5232545842025482
0.5274005437883326
0.5316218615071001
0.5391158752868465
0.5466098890665925
0.5541039028463389
0.575224742826199
0.5995359905275146
0.6238472382288293
0.6217279109592425
0.6018461005102832
0.581964290061324
0.5700033457660817
0.570649780098839
0.5712962144315965
0.5696752100871788
0.5572628772236115
0.5448505443600447
0.5324382114964774
0.5291694617813657
0.5262676786140184
0.5233658954466711
0.5181291371159207
0.5121107132798246
0.5060922894437285
0.541593188311911
0.6128951798113293
0.6841971713107446
0.718639951023196
0.676444765634023
0.63424958024485
0.596663240130298
0.5954209370384695
0.5941786339466409
0.5929363308548125
0.6024598067862456
0.6131752082523966
0.623890609718548
0.6101561778771483
0.585339344957091
0.5605225120370347
0.5478236392560487
0.5484708982498528
0.549118157243657
0.5569080911466994
0.5846452513206621
0.6123824114946261
0.6383664485163139
0.6320272774178928
0.6256881063194718
0.6193489352210511
0.6066488649209609
0.5927302315554167
0.5788115981898724
0.5576236758438461
0.5321114585145568
0.5065992411852673
0.5060379416591532
0.5406787122119394
0.5753194827647241
0.6020571940372363
0.5976844497302515
0.5933117054232666
0.588938961116282
0.6082058004446096
0.6277028954576978
0.647199990470786
0.6321828813825933
0.6073249455051928
0.5824670096277913
0.5778808990614545
0.5888441999553108
0.5998075008491666
0.6016099445102467
0.5866730035914332
0.5717360626726196
0.5608431607762216
0.5744902229476645
0.5881372851191079
0.6017843472905514
0.6015906616744311
0.600343355119465
0.5990960485644987
0.617683745643026
0.6440987087293906
0.6705136718157552
0.6793014000612227
0.6707987196092492
0.6622960391572755
0.6514458376131096
0.6349203103515549
0.6183947830900012
0.6022741780290556
0.5907858829430795
0.5792975878571034
0.5678092927711278
0.5688279447074274
0.5717457997100733
0.5746636547127192
0.5973291158963611
0.6303523901259166
0.6633756643554736
0.6626794771483248
0.6197117911835622
0.5767441052188017
0.5473586833998276
0.5630588328425775
0.5787589822853275
0.594069377436153
0.5895672627474726
0.5850651480587921
0.5805630333701116
0.5747306163017716
0.5685801986645888
0.5624297810274062
0.5676580393016873
0.580636098467021
0.5936141576323546
0.5892440172306678
0.5568835044183221
0.5245229916059764
0.5014323688080162
0.5234668709857498
0.5455013731634824
0.567535875341216
0.5653329050341579
0.5620725953233999
0.5588122856126422
0.5735621236919138
0.5944447276134814
0.615327331535049
0.6145728369400952
0.5949184671349269
0.5752640973297577
0.549744762517066
0.5118503515385006
0.4739559405599369
0.4462904404435047
0.5019604788215445
0.5576305171995845
0.6133005555776243
0.6183667050812701
0.6176288243197521
0.6168909435582339
0.6242279697234899
0.6352802112822852
0.6463324528410809
0.6500866875354779
0.6456989281770753
0.6413111688186728
0.6369562729815155
0.6326946933157944
0.6284331136500734
0.624962530760516
0.6371009509205953
0.6492393710806739
0.6613777912407531
0.6392876917619358
0.6104835365077962
0.581679381253654
0.577603703252609
0.5884415914299778
0.5992794796073474
0.6101173677847161
0.6209552559620859
0.6317931441394545
0.6426310323168233
0.653468920494193
0.6643068086715618
0.6751446968489314
0.6609323358551756
0.6463935872500699
0.6318548386449627
0.6350673501777043
0.6434358293853406
0.6518043085929761
0.6550275292986691
0.6542521491114233
0.6534767689241775
0.6528960652328462
0.6526761381669711
0.6524562111010961
0.6531041243705382
0.6591609029856782
0.6652176816008181
0.6712744602159586
0.6500771565973209
0.6267033116891773
0.6033294667810358
0.5894316513068322
0.5793327845696578
0.5692339178324842
0.5637145870849675
0.5627454363271751
0.5617762855693827
0.5569323885435805
0.5425738367929991
0.5282152850424162
0.5166112328160694
0.5379464040670393
0.5592815753180113
0.5806167465689813
0.5847548045122029
0.5862078113070014
0.5876608181018
0.5668736836822156
0.5342543559071966
0.5016350281321775
0.4916001270339473
0.5102490963135433
0.5288980655931411
0.5431703769863331
0.5426483518621
0.542126326737867
0.5415590516181521
0.5382224767749386
0.5348859019317255
0.5315493270885123
0.5562745925084296
0.5878469469525502
0.6194193013966738
0.6237411535400288
0.6092542350736155
0.5947673166072011
0.5806692197322717
0.5672070768162936
0.5537449339003166
0.5394108987565948
0.5207341696323708
0.5020574405081487
0.48338071138392646
0.4841889332112713
0.48591563757505507
0.48764234193883904
0.5032395346805344
0.5236403597609007
0.544041184841269
0.5526707826529939
0.5508846278512527
0.5490984730495116
0.5438799855046885
0.5313114520857875
0.5187429186668875
0.50896919169266
0.5227395917371956
0.5365099917817312
0.5502803918262681
0.5503487776281807
0.5487906653365442
0.5472325530449076
0.5503637034361021
0.5556846510235249
0.5610055986109473
0.55375567361273
0.532298940555394
0.5108422074980599
0.4980682255597303
0.5103656874775327
0.5226631493953352
0.5346393775682119
0.5398008612951384
0.5449623450220652
0.5501238287489917
0.536105276885485
0.5182359070655953
0.5003665372457072
0.49133368477767636
0.4877034698615601
0.4840732549454439
0.4891900858790486
0.5069798021382337
0.5247695183974187
0.5309283973226667
0.48941991012520825
0.447911422927746
0.4064029357302876
0.4280960506594021
0.4508218715056222
0.4735476923518402
0.48312462103500775
0.4888116691199374
0.4944987172048671
0.5058254072647174
0.5215925050864294
0.5373596029081429
0.5391404395149357
0.5146322851344242
0.49012413075391037
0.47153139264186067
0.4908254872968783
0.5101195819518977
0.5294136766069153
0.5287375128231273
0.5263913622709362
0.524045211718745
0.5080073354155251
0.4863936431955971
0.46477995097566704
0.448713573466375
0.438230299794885
0.42774702612339394
0.4243567739215981
0.43865922695882
0.45296167999604053
0.46656086082940257
0.47135385058835294
0.4761468403473029
0.48093983010625335
0.4913029873248253
0.5025598654417694
0.5138167435587147
0.5049329884289454
0.4851812678343643
0.4654295472397815
0.45628250244977936
0.46078118020243697
0.46527985795509413
0.468836720659328
0.46915104869684615
0.46946537673436417
0.4697797047718823
0.4700940328094004
0.47040836084691845
0.4707226888844365
0.4710370169219546
0.47135134495947273
0.4716656729969908
0.4719800010345089
0.47229432907202695
0.472608657109545
0.4729229851470631
0.4732373131845812
0.47355164122209925
0.4738659692596173
0.4741802972971354
0.4744946253346535
0.47480895337217155
0.4751232814096896
0.47543760944720775
0.47575193748472583
0.4760662655222439
0.47638059355976203
0.47669492159728005
0.4770092496347982
0.47732357767231626
0.4776379057098343
0.4779522337473524
0.4782665617848705
0.47858088982238856
0.47889521785990663
0.4792095458974247
0.47952387393494283
0.4798382019724609
0.480152530009979
0.48046685804749706
0.48078118608501513
0.4810955141225332
0.4814098421600513
0.48172417019756936
0.48203849823508743
0.4823528262726055
0.4826671543101236
0.48298148234764166
0.48329581038515973
0.48361013842267786
0.48392446646019593
0.48423879449771406
0.4845531225352321
0.48486745057275016
0.4851817786102683
0.4854961066477863
0.48581043468530444
0.4861247627228225
0.48643909076034053
0.48675341879785866
0.48706774683537674
0.4873820748728948
0.48769640291041294
0.488010730947931
0.4883250589854491
0.48863938702296716
0.48895371506048524
0.4892680430980033
0.4895823711355214
0.48989669917303946
0.49021102721055754
0.4905253552480756
0.4908396832855937
0.49115401132311176
0.4914683393606299
0.49178266739814797
0.49209699543566604
0.4924113234731841
0.4927256515107022
0.4930399795482203
0.4933543075857384
0.4936686356232564
0.49398296366077454
0.4942972916982926
0.49461161973581064
0.49492594777332877
0.49524027581084684
0.4955546038483649
0.49586893188588305
0.4961832599234011
0.4964975879609192
0.49681191599843727
0.49712624403595534
0.4974405720734734
0.4977549001109915
0.49806922814850957
0.49838355618602764
0.4986978842235457
0.4990122122610638
0.49932654029858187
0.49964086833609994
0.499955196373618
0.5002695244111361
0.5005838524486542
0.5008981804861723
0.5012125085236904
0.5015268365612084
0.5018411645987265
0.5021554926362447
0.5024698206737628
0.5027841487112809
0.5030984767487989
0.503412804786317
0.5037271328238351
0.5040414608613532
0.5043557888988712
0.5046701169363893
0.5049844449739074
0.5052987730114255
0.5056131010489435
0.5059274290864616
0.5062417571239797
0.5065560851614977
0.5068704131990158
0.5071847412365339
0.507499069274052
0.50781339731157
0.5081277253490881
0.5084420533866062
0.5087563814241243
0.5090707094616423
0.5093850374991604
0.5096993655366785
0.5100136935741966
0.5103280216117146
0.5106423496492328
0.5109566776867509
0.511271005724269
0.511585333761787
0.5118996617993051
0.5122139898368232
0.5125283178743413
0.5128426459118594
0.5131569739493775
0.5134713019868955
0.5137856300244136
0.5140999580619318
0.5144142860994497
0.5147286141369678
0.515042942174486
0.515357270212004
0.5156715982495221
0.5159859262870402
0.5163002543245582
0.5166145823620764
0.5169289103995944
0.5172432384371125
0.5175575664746306
0.5178718945121487
0.5181862225496667
0.5185005505871848
0.5188148786247029
0.5191292066622211
0.5194435346997391
0.5197578627372572
0.5200721907747753
0.5203865188122934
0.5207008468498114
0.5210151748873295
0.5213295029248476
0.5216438309623657
0.5219581589998837
0.5222724870374018
0.5225868150749199
0.522901143112438
0.523215471149956
0.5235297991874741
0.5238441272249922
0.5241584552625103
0.5244727833000283
0.5247871113375464
0.5251014393750645
0.5254157674125826
0.5257300954501006
0.5260444234876187
0.5263587515251368
0.5266730795626549
0.5269874076001729
0.527301735637691
0.5276160636752091
0.5279303917127273
0.5282447197502453
0.5285590477877634
0.5288733758252815
0.5291877038627996
0.5295020319003176
0.5298163599378357
0.5301306879753539
0.5304450160128719
0.5307593440503899
0.5310736720879081
0.5313880001254261
0.5317023281629443
0.5320166562004623
0.5323309842379803
0.5326453122754985
0.5329596403130166
0.5332739683505346
0.5335882963880527
0.5339026244255708
0.5342169524630889
0.5345312805006069
0.534845608538125
0.5351599365756432
0.5354742646131613
0.5357885926506794
0.5361029206881974
0.5364172487257155
0.5367315767632336
0.5370459048007517
0.5373602328382697
0.5376745608757878
0.5379888889133059
0.538303216950824
0.538617544988342
0.5389318730258601
0.5392462010633782
0.5347707541876013
0.5221318648509008
0.5094929755142014
0.49715333105321896
0.4864137306215806
0.47567413018994326
0.4649345297583049
0.4891657493894185
0.5154190912690596
0.5416724331487032
0.5318707738402889
0.508943829011656
0.48601688418302513
0.4841433537916092
0.5016337663085034
0.519124178825396
0.52767008035253
0.5161840041421781
0.5046979279318263
0.49447842664251185
0.4961225104469299
0.4977665942513481
0.49941067805576617
0.5073114089573879
0.5160311918426447
0.5247509747279008
0.5457039963397627
0.5726273067081548
0.5995506170765468
0.6176067569590983
0.625245521725422
0.6328842864917459
0.6278594628681252
0.5843504875139989
0.5408415121598726
0.49917485538306083
0.5077532507148235
0.5163316460465861
0.5249100413783487
0.5186709562469967
0.5092484280473959
0.499825899847795
0.49315163180493243
0.48822757154609636
0.4833035112872603
0.4820571298357289
0.48635692529521496
0.49065672075470107
0.4948987707742615
0.49888893120242095
0.5028790916305812
0.5068692520587414
0.5143474153223122
0.5219176710699875
0.529487926817663
0.5361250926515647
0.5424709139554289
0.5488167352592932
0.5694164918789635
0.6016861370612927
0.6339557822436218
0.6439759626455569
0.61034481214501
0.5767136616444571
0.5455696944686101
0.5317722366343063
0.5179747787999998
0.5041773209656932
0.5103675150717382
0.5184579436932409
0.5265483723147437
0.5325749859211778
0.537721164681733
0.5428673434422893
0.5514109160585693
0.5635083414581374
0.5756057668577078
0.581769786134987
0.5724103591620857
0.5630509321891828
0.5537146137249384
0.5447145240616782
0.5357144343984163
0.5267143447351544
0.5333726102468993
0.5427489298644934
0.5521252494820893
0.5631154016100636
0.5750138413820679
0.5869122811540743
0.5917288783626973
0.5870675208624305
0.5824061633621628
0.579664107868263
0.583911749233376
0.5881593905984883
0.5923915600586407
0.5918274389809053
0.59126331790317
0.5906991968254346
0.5800940482727047
0.5668357827042259
0.5535775171357447
0.5498096708785676
0.5529487408979519
0.5560878109173368
0.5563197888431194
0.551528107624693
0.5467364264062675
0.5459694323414949
0.5672543699727937
0.5885393076040886
0.6098242452353874
0.5768544969065662
0.540551696197945
0.5042488954893171
0.4949749853849172
0.4957029555041119
0.4964309256233065
0.4971023414198116
0.4977210668535623
0.498339792287313
0.5012169089483043
0.5092288940838653
0.517240879219425
0.5240485821181851
0.5191456784383873
0.5142427747585905
0.5093398710787927
0.518030764086399
0.528557315770773
0.5390838674551451
0.524497536215358
0.4974754985275436
0.47045346083973405
0.46171856880384676
0.4747479557480783
0.48777734269230755
0.4989235546649397
0.504246791396439
0.5095700281279384
0.515341429396562
0.534602583232704
0.5538637370688462
0.5731248909049846
0.5729417104043241
0.5684884015787154
0.5640350927531075
0.5623601852816371
0.562478743234532
0.5625973011874268
0.5695729167310495
0.5870292381857084
0.6044855596403673
0.6134519424848125
0.5845859673118002
0.555719992138788
0.5268540169657809
0.5286714144129198
0.5314032170043718
0.5341350195958233
0.5167446737048631
0.4929595772368607
0.46917448076885815
0.4579566487426581
0.4571622536946565
0.45636785864665497
0.4612583174327242
0.47746382183084496
0.49366932622896564
0.5086180042384351
0.5145373768768167
0.5204567495151983
0.5263761221535788
0.5044690481972453
0.4798088275813591
0.455148606965473
0.45995715335858295
0.4775309720966063
0.4951047908346296
0.5009659986944166
0.4944164930408395
0.4878669873872624
0.48539524120740213
0.493765537863546
0.5021358345196899
0.5096186492595667
0.5034622682336415
0.4973058872077164
0.4911495061817912
0.484995232194522
0.4788413333239819
0.47268743445344175
0.48634583100319045
0.5113112446362418
0.5362766582692933
0.5332231788876359
0.49217438246328904
0.45112558603894226
0.4192906952003009
0.42165893873283783
0.42402718226537517
0.4263954257979125