0.502244779732499
0.9797434503451969
0.07846135070063154
0.9878514297268686
0.9781642156032446
0.19290956777348
0.5015886615166778
0.08886507221554818
0.6373769413383413
0.313199362771581
0.47279767897715974
0.0006300690733406222
0.6222033352227092
0.674832372542411
0.34026990240160704
0.42548071013867994
0.9482170277518632
0.6773837253805427
0.998271000181161
0.24208603229461978
0.2663183818055863
0.9839987600243059
0.9704336862108367
0.3180188482620927
0.8437028201538471
0.26889638028798324
0.3582483172452031
0.5736856797554654
0.1686349963944337
0.9511938490310694
0.9576502701065047
0.48769458783198727
0.18880090524343385
0.1352408175596802
0.0138423384003038
0.9754967104939505
0.6341686363810569
0.3450174093180115
0.9789466460155266
0.609519290650091
0.562914022638763
0.22124644813531902
0.4633144915520835
0.3326667876173075
0.023981744252785986
0.6384911124032626
0.3117545114302057
0.9112755953511992
0.9193983301958104
0.003801863920238291
0.5543127579841336
0.7175179712251847
0.8267650070699575
0.4930746344140061
0.12262396713493462
0.3110325745707204
0.6193917651146881
0.8329055139567442
0.14600552251007715
0.8348176154160722
0.5064525738068185
0.7728675016437926
0.4474973944063465
0.6796700867276948
0.5353996573963278
0.8277062632442755
0.26013453866180514
0.17781727375962963
0.9842940173995522
0.17183989311324566
0.359373424166745
0.7819904708272578
0.6895883886685819
0.7462056959980162
0.9518234701878437
0.6092281725757841
0.9205662174271775
0.9779341289398302
0.6664271638197529
0.7512420154796541
0.3812831192588578
0.11235951117188447
0.3214235560617593
0.5930670225511959
0.9358804568349405
0.4078822442176727
0.6228046115568897
0.5750943836121274
0.10315865921221012
0.6708144432265986
0.7991034013383841
0.668081465632989
0.04786198846658929
0.34808001665637234
0.3831145969208247
0.8510796584279778
0.24227812853924346
0.2900800412034593
0.13989298441455833
0.34691939218271683
0.9839012765069339
0.3640123144234547
0.3040773868663237
0.935426766290384
0.7296213601938466
0.7332595701966284
0.16836310970694723
0.8157762796784378
0.4457545868389434
0.34531081509205575
0.7254437457841404
0.6415725804768259
0.4566457476868988
0.9963614160960831
0.503951380876853
0.02551167743370031
0.39839366975349777
0.4195898492298279
0.8688905101506018
0.36292675980101907
0.7932641306025984
0.6636012380791397
0.7593973256792637
0.2858000879410002
0.43281019091691164
0.5427785160400584
0.7322589090504299
0.6533094221406814
0.9605632677602958
0.6424936456059981
0.8350814245732191
0.714040891515202
0.20061491586829494
0.8572993219390121
0.9964570733759643
0.2598419702658078
0.035906574216395204
0.9038521087310737
0.4441254148670466
0.9811776022932394
0.5475479268057118
0.331819209438146
0.23382684795272113
0.04405369868793685
0.00900021766614889
0.7816466710698812
0.7441282736301676
0.4684212456170228
0.35954673545302795
0.05012899730989884
0.7510579506335199
0.9187866754835886
0.38310927192787847
0.43686125612516946
0.6375148601239302
0.4862950381038119
0.18409436130350998
0.9009533156385929
0.9521697887042679
0.30110727482555877
0.8489524789994342
0.04511525187950538
0.7168966579688996
0.24220050374044133
0.8473360541868996
0.3408972483400883
0.9938951368311454
0.44524400912049233
0.8130858380914954
0.36784558052941496
0.382304038959035
0.700604026421252
0.08126606487339616
0.39988819211437177
0.23148094492353555
0.35938927626428907
0.6980417884500615
0.15072602169841953
0.4693161462577059
0.4086595825774264
0.04742288325391664
0.21190234173996192
0.06103168397913139
0.9913715011338855
0.5922470879452925
0.3183019813902024
0.061128420129992644
0.3077533589975573
0.395296689436179
0.049183651614395085
0.8933320403500247
0.13469898161641702
0.5344146688597283
0.08112715034049511
0.5312799817048808
0.22332644997653006
0.847957652458023
0.5473558408185102
0.14214549295923395
0.640022235486424
0.7736919411080876
0.9588575149159438
0.618224626454408
0.270225541320815
0.7004508356569725
0.30078880161095056
0.8033267011728127
0.279102425974325
0.18007252512276728
0.4437776527981987
0.21023900744499768
0.03165755717902563
0.181658573522393
0.7371834506484608
0.11560467089595972
0.12565198373265707
0.29320455728210293
0.6756252867769578
0.9873909002224038
0.9874156739180977
0.07143394163995609
0.057892872099342685
0.016163518539379806
0.4840698683417466
0.19274968062940834
0.28957986871529573
0.31351061663054736
0.6555578017050471
0.8057778455112616
0.4379107195364613
0.4716887269819775
0.9229100323969988
0.06767962498418445
0.5411597090462664
0.9830512310254544
0.8088161859780066
0.15399490580322694
0.8414576879077478
0.3566336575447784
0.27003085128282867
0.0693814955582952
0.027941608330435352
0.7930217044438039
0.052542192768908924
0.8896942654136417
0.8316607902288643
0.3172011800517035
0.931408984162134
0.717175835330034
0.3541731612347059
0.2261118921174612
0.03341818177180089
0.12780697919956385
0.4882862873037601
0.1096314841667071
0.18865994497493788
0.21159089135684284
0.39638385439340973
0.8801977083933998
0.21814338207096728
0.39578118433150444
0.2877196855555165
0.4167560605287739
0.6469588583871746
0.5389289634366197
0.07592736084518714
0.43685513479338856
0.7889242399777991
0.3060293684652875
0.6589382166900519
0.09217070438651676
0.1390564992145913
0.6434263269248571
0.8634370622533974
0.30555395795645146
0.7966054060093473
0.15287758531629525
0.04461540494386462
0.9757642150580519
0.6529646485731073
0.5887217464870506
0.8811027405641354
0.9740975650944138
0.6684684542913012
0.35463203756517214
0.6339103945114567
0.1357608377180457
0.2958620334290364
0.39819979858390975
0.6709233904437321
0.8081222268464687
0.6678296999870379
0.45141723517569765
0.13704053988186082
0.14526790167687276
0.7223112885404901
0.9430710118219279
0.5458699328831272
0.912613945967504
0.23193203676166596
0.6326415514583437
0.3968525027288936
0.8915199699822758
0.3340472939319087
0.82439158694691
0.24206389246389903
0.45579827792773275
0.8110553775612518
0.8909850654774853
0.525400044023509
0.7329098356724711
0.23944071720192506
0.9121135111138493
0.6988373115689527
0.2438552174671944
0.670775933299556
0.3951286027065031
0.08624666565992711
0.6098201055496153
0.09292500339931853
0.14217011875984553
0.3048513239409345
0.17481095355959542
0.6543488358667761
0.35273064463504045
0.03758334234269389
0.1984063224416578
0.12766388664966455
0.1705190010488914
0.32710980026168635
0.005259109148069374
0.9614772053480666
0.3810100452510945
0.04474760156198032
0.769948689963147
0.6430940116199051
0.22510122986232162
0.5150166255469459
0.9520265359561312
0.29798081648865393
0.06781710138114228
0.5186883008045537
0.9039773487531593
0.11786135236964423
0.7493991176588056
0.47241844778337483
0.787545328152873
0.6672364994903539
0.9205633292376983
0.8568847246067833
0.7054510064139018
0.1006828459654775
0.428733553471053
0.6239528850572903
0.9911773081680268
0.598274066575966
0.815723519682619
0.811877969658226
0.015177844450067757
0.9460795400117533
0.5264530210242134
0.07283091353802862
0.9815797218393054
0.8539274561473504
0.3051371313345286
0.5338789463154852
0.9422982456812666
0.3737156771860517
0.30630780269570945
0.7499626958128733
0.6288830450097191
0.190075771656654
0.8185395975539517
0.2546130452301123
0.867901144770773
0.9248713199529264
0.4773324554776929
0.21839166701879664
0.5177365777367468
0.4143463518974575
0.5402456800310826
0.39253373807270586
0.16405558097983375
0.3579818511754458
0.30989009793822686
0.9303067698949293
0.2794482235247876
0.8355547965113376
0.0025331740938897562
0.021775532302352296
0.14628756122398612
0.7247271328711816
0.5198745438051011
0.1651847167185092
0.903774237016984
0.07579397618008199
0.255954138792056
0.8671303717656834
0.669840550378653
0.45989256389875954
0.8299285822566224
0.4354164125742547
0.2959862673789403
0.018781428648487086
0.721173686351718
0.23119470434940526
0.03324531125581498
0.6372244723228281
0.3543590316892672
0.43498415088267917
0.5398062351613726
0.9628899821123609
0.10985037853024959
0.22850386241071174
0.12050433198991395
0.6193855420549496
0.5984462236546833
0.8988942485842395
0.7166158807596629
0.7633446594721303
0.17109843607654862
0.49923096575160686
0.200384536603599
0.893935496236975
0.2986215415927175
0.55392392286588
0.3747474624994307
0.42875709319749855
0.8216428526452022
0.42319025956351486
0.9659232809693431
0.7397237366844638
0.9332137361937284
0.26843004840740936
0.7243786299069586
0.7525097780127642
0.6231492042854344
0.4994046470722674
0.48057745632748494
0.22553074761440528
0.01806940490167608
0.6123151088593483
0.30248969262646563
0.3294117242682534
0.15095899808474678
0.8403573964738797
0.9077968773114979
0.5499528233298395
0.6823220652034934
0.27968181664366953
0.612313722116116
0.5686297204757831
0.44872382471148775
0.30833439553666964
0.007029546527214214
0.5610581069605451
0.4276166784774982
0.6511636406039009
0.7802080551401591
0.7321427152146233
0.17186852305059752
0.3506065930503264
0.053007370454222325
0.917901612125624
0.6695993730441517
0.7580664906583372
0.6354983791497786
0.9571398039135937
0.11155027169164211
0.7233225053804724
0.8920260251397362
0.5882407519283501
0.5223922965209377
0.8187948861819256
0.6304999864000853
0.15221095494557457
0.05867713870225022
0.0772718793420244
0.796159054840103
0.27370049534132534
0.21844112565238005
0.3335059714286396
0.6592025985465461
0.7283695435011118
0.4309993539795798
0.41025014343058475
0.4896023356321746
0.3496885154172725
0.6551071458634093
0.5288430189224395
0.4450304721794178
0.009514983701167767
0.014255200292593972
0.9426557650870533
0.10979195450232937
0.48852642976149285
0.6292868256522487
0.19376620569092218
0.7177988763707479
0.09151859646943927
0.8677391469402517
0.8827005928186398
0.9522432323729596
0.8911366716743687
0.904680298674537
0.7865792975770743
0.12908669672849826
0.159256508327271
0.848416463371209
0.39875948163423103
0.8969289624936753
0.9547206171709264
0.046121297182105114
0.27052286199666153
0.2561971868652797
0.18491715586032742
0.07558254729891012
0.6013470970739917
0.3177315997196388
0.32862946453853215
0.7673783413576932
0.7887743177870229
0.4958395331012979
0.8030360879451961
0.03176826047318859
0.24624444729526396
0.26802159165680695
0.7129650580723108
0.6047197855681474
0.34261568190374614
0.23152180911440268
0.5783041394692633
0.3247134591653432
0.634639523797893
0.1506992157152972
0.9480250341366515
0.7390669989705395
0.08128894071238901
0.10246280146427211
0.5734360380965055
0.47520948684015096
0.40035437834605037
0.4347734183799744
0.45009692722823635
0.36716718551551153
0.13767196102692214
0.4306980627466759
0.7572064395804915
0.0672471731908616
0.19684678561006785
0.009778479153233044
0.09495099097962167
0.411430789320279
0.8473930124096672
0.776534052219517
0.591704591235759
0.46415407101960304
0.13631260451166272
0.031949622073033535
0.06731655501902711
0.9661926105580505
0.36721323270686246
0.12899400483787804
0.3438579105932018
0.6933308596473006
0.5362368089838327
0.050714853639187374
0.6146441733397573
0.20097915518999787
0.8095575524051419
0.6473027546602372
0.060018422909934754
0.4949360386407108
0.6730217450231931
0.33209029753010233
0.9040513139933469
0.3179963604700341
0.2566532987903458
0.48151630073777063
0.1598110321633066
0.8125431648653745
0.5798393714942022
0.006850049881471421
0.5545859331378494
0.9673060414599477
0.7847374164495872
0.07184744430270795
0.736623353190717
0.902945270940047
0.6534380833857121
0.3226577762227524
0.6084198232673598
0.7387149331426391
0.06668731709529008
0.6726029193252467
0.6626896821998172
0.07529187429270057
0.3989611013862038
0.43372130245612617
0.23180372023203855
0.15074527201081067
0.5454412701923986
0.7669041557976884
0.8772536879584384
0.5487210369743621
0.6057196244604137
0.7237587906890478
0.7211309340344929
0.6793977870413153
0.3836510422355748
0.765405857703388
0.5971608673703067
0.8899194842669824
0.27350455842069943
0.3192095818827303
0.5519847912755956
0.08777385848738417
0.9981184485761749
0.22764406082397914
0.8361405405676665
0.41414485811731006
0.6980574141717759
0.11436613676659413
0.47046110455546375
0.48392766942058874
0.786452022714889
0.7473611537469736
0.8568589514464598
0.7079264194269312
0.0533263120139682
0.21312691263054417
0.8191879557073422
0.5848864214591413
0.7515288640233924
0.32883479962555284
0.875150165282234
0.9868433550416182
0.6984154933305716
0.11359180691948845
0.6381160059810935
0.02387860327224134
0.49075680088731144
0.7385104328194193
0.20032699471202253
0.31853118818639903
0.47242832321750505
0.361172255676219
0.6782583874710746
0.678725381575797
0.19016875094482
0.24865852339612227
0.5156087360766177
0.018665743567691462
0.4262062325775633
0.012366758494145591
0.7027422323769004
0.12030255637473963
0.9497216586785345
0.9985706014869504
0.5675724947098326
0.9830348024085208
0.7128327134939608
0.14373930195697038
0.8620133121419985
0.6080467548508047
0.424563727219875
0.6053878262166605
0.8591991800148218
0.7371092000521523
0.05147013651945331
0.3203741502797186
0.17063168934912087
0.39608854213921874
0.5789892786764915
0.3126465855821442
0.7187630206861227
0.8733110432034452
0.4045659513120189
0.18412778077352743
0.08282146972444482
0.2959295744872006
0.25178556103223737
0.7212104030365627
0.21799055182666927
0.7247931905682822
0.9025562864075132
0.7023473646345523
0.7313131386508013
0.007213280859474258
0.08906833582949414
0.7161828810705319
0.2749027496440044
0.1451400294053199
0.2916695912320516
0.5176767591478006
0.39574325857806203
0.16986942699689
0.4474794430686114
0.06773841112384849
0.27539370654506146
0.8878782444003748
0.3515844025170566
0.9987369439500985
0.4822774669805133
0.3287617023994214
0.05698913573128661
0.7246211607322811
0.7556234621014432
0.7512545443383016
0.21677995309490183
0.4695904801667464
0.41404521224202684
0.3282456260226526
0.30316290015816105
0.061892101030709745
0.8546177340276255
0.6023588232949298
0.700181494610432
0.9704660885207393
0.6439774285152989
0.31528771479660367
0.039639732008610706
0.01867922423332513
0.12501410453319384
0.6777457157357816
0.3129936624406713
0.3266080997190446
0.7052832954865224
0.35728047022652676
0.40231160214701356
0.9105604764772411
0.7888418768811698
0.4663297836405581
0.9509327210315295
0.4325989821898226
0.2787906012670517
0.5182649847479575
0.9991433993268659
0.7499155162717174
0.43354569098150597
0.8895700119748722
0.06059657534696872
0.19881082319134158
0.08632615873075988
0.33522026152639095
0.7197799818268829
0.7702548825247243
0.5631373635857883
0.3437426842798078
0.5665281572257528
0.3290853387188013
0.411880467219337
0.8705675230440479
0.6002585060092253
0.004380431133091278
0.821360644843865
0.5652427493664013
0.0521161830668867
0.8298254989829325
0.702636754773392
0.856243264129637
0.2973471345460923
0.5511676259965637
0.8258958770573124
0.11551379330421263
0.6222913439079585
0.5624028648457118
0.6026963736098093
0.09266972195397838
0.5007094767736503
0.8175573976946103
0.4363161290775447
0.6061289615845483
0.38853809944196793
0.8232482501977687
0.9276950902626722
0.17647220934827823
0.9233658824355655
0.3567544868635054
0.11392951992637845
0.1112477094687867
0.31715890168220684
0.08035407675843864
0.45835412088372784
0.8021230895742801
0.8887409582244155
0.032662287031879234
0.40369957616177665
0.46179537207664767
0.794995580262254
0.601006672147569
0.8235914702574026
0.2951116392972054
0.16479133661800127
0.5760332322064925
0.5795224280017183
0.9111781411582396
0.3370443618552069
0.8785249644121281
0.1291819016114394
0.795330181886758
0.17112879580286677
0.23305333178007315
0.8123389355265728
0.4863133868553273
0.10263146235177845
0.9469892237961038
0.5186690265264843
0.5058304623503936
0.11663791184185679
0.738745423702565
0.14781934822925535
0.36776292157942325
0.49925246163363246
0.7470809032373681
0.8901585651474223
0.7754570209932774
0.9160344726417419
0.26814529430869083
0.19344601251714966
0.1414078993388005
0.19387631310155473
0.39963115534611005
0.38091969556952743
0.9243858054076308
0.40837370586615274
0.8347118189600057
0.04042853402545876
0.14578591571878363
0.4936829046065577
0.8968646176531982
0.8812625538551245
0.5347505971780437
0.4557177181369012
0.9150069551898241
0.7443937623908067
0.21485386473833845
0.9301906743424317
0.24971020941363886
0.5105794610547085
0.406060142472781
0.8278105863487983
0.5046221678072461
0.6035712547173974
0.9191309535556613
0.11204459305910652
0.21092528364701202
0.5275163959118871
0.6551104436632335
0.41507726683579294
0.5553016530377152
0.915273130810398
0.3144301882563043
0.5586579768459606
0.3772821130513412
0.27971386207218574
0.24089618036604754
0.6545724349286416
0.8271316765608289
0.6890733090600906
0.8979930034555461
0.24732290668184898
0.945418277219799
0.566360055636169
0.9367793921421445
0.110817320871335
0.9688577920094702
0.10084866406958903
0.34591810661415645
0.2601162657345042
0.3382417395029863
0.4797238526725902
0.2917864347640263
0.9452009582777477
0.020014685297459422
0.5473258384966977
0.17724986220988537
0.8110824814460567
0.5599931978767615
0.8923994870792984
0.4485908171559654
0.8122510158383103
0.06720807580037103
0.2865875924488839
0.7076763095776513
0.20418269260392108
0.5888425664462219
0.3914073136703755
0.6090203746801057
0.004840480481107079
0.9971928946341776
0.4022286578297083
0.8653618427939617
0.7865176218914757
0.12466533518828082
0.26559410621016133
0.4383120002976786
0.8464589325344288
0.753336240576248
0.644825061297757
0.5135002817869481
0.2833398290670478
0.30655042840003643
0.7174612189099041
0.17431381344768904
0.5656293626285506
0.6058053037782335
0.9506797232158939
0.14421721123689202
0.9512776642172712
0.22800456175192652
0.9385958756726666
0.3686704042761191
0.4192640551115848
0.4050762061763149
0.027494460785635777
0.5092049663344065
0.14666649582537417
0.8860884856776075
0.31818633703599664
0.3343287784333472
0.3777361807907874
0.7495336408099034
0.06119087942070478
0.2980347577737692
0.8684440586658103
0.4158550022844085
0.47345058701875076
0.31398784932750246
0.4043783270644479
0.5603329827247314
0.22609879867126392
0.9507922088847182
0.8286352194357817
0.1864899555510815
0.749800507033892
0.4043638082324469
0.8531183909390286
0.3925690710059653
0.7457583589521478
0.6035109354244226
0.02546605524978529
0.8629774009960718
0.9849994813252464
0.6051399795537192
0.8358712453578718
0.35042574223954126
0.3406157444565735
0.011544097454621483
0.8129834548466404
0.8827128949931201
0.7279159734429151
0.13694174951646998
0.5092166700384136
0.3648305711547699
0.8982225291143261
0.9072713345723292
0.8749414535020987
0.48263264017339513
0.9302310235771027
0.19074969911717632
0.23388832073961519
0.35695419705447484
0.08361316139186525
0.0207569982006629
0.9888403477304809
0.3980036885030207
0.716413937695081
0.5595472968574916
0.6161618416291551
0.2653602312468467
0.9144420357412628
0.38613679056206085
0.21756520189446216
0.9139420898681966
0.4415367860547108
0.4049000378207641
0.0035784778430645314
0.23325950327459677
0.551701187651141
0.4063752420089959
0.5306937036141556
0.09324705489367158
0.4922515248320892
0.6600545025208818
0.5621605462949006
0.39085817354567876
0.8173913318361966
0.5181739535339782
0.7748761917252274
0.0398580762984142
0.3779461966940233
0.5279246049015942
0.16602384866945752
0.8253854596139324
0.12075928456216622
0.8099052770670871
0.5083251073149677
0.8958865394232651
0.1591337371972723
