0.0015729529209428383
0.3474009996990898
0.9024956934658224
0.03954941978046822
0.06767414685578133
0.35835520767298445
0.6555839634674814
0.45009581394246523
0.24861598859247303
0.5390961095149253
0.17291973205107192
0.980502671896139
0.9876243249640669
0.6636665036407248
0.46727290264573673
0.6251641255270831
0.5455859518520869
0.9477229736067447
0.4049610669918504
0.01563137872447473
0.2625659129324798
0.21311068193854876
0.3634327027768438
0.9903328367851875
0.951529129808231
0.017575755592760034
0.5185778848640813
0.33620714901452264
0.69191083048779
0.5419017782027783
0.06284888577828296
0.3923496587091989
0.46099646201117006
0.5766725361096229
0.7883125792913613
0.9242088706934086
0.005040270417074666
0.27061193667779504
0.22225631189307327
0.7386238984043002
0.7933091825087001
0.420102271015515
0.26825877022162803
0.39705645372296183
0.24731481676847344
0.06431890115511041
0.18314863263610737
0.9596080187581095
0.3218084046251162
0.21528285664431046
0.9191355804844785
0.8489485755410138
0.45799437602256976
0.057344827948726085
0.6004624423237703
0.4897000483360504
0.2641773661307163
0.3582726122532164
0.6944525212038549
0.4041083504558125
0.20521202859672227
0.6316269677681938
0.7538459467221438
0.9756643727095464
0.40521770052554285
0.11977242977714209
0.3145471717753774
0.10622066229736171
0.9287592243541654
0.26904651026482307
0.7231162097214168
0.6921445567495489
0.24356005669836112
0.9181894687815525
0.6394397259644083
0.5059053880196257
0.24981116997429798
0.6914189063356335
0.8455596537949905
0.9475789422832908
0.7128913184374097
0.649160220720165
0.3843733813364828
0.21439155400103582
0.486475758311146
0.9869794560998745
0.6114033404501041
0.8139865100565076
0.3320439644948775
0.4611751455207985
0.24811588091521564
0.29163543170147654
0.707352808205924
0.5435486040790357
0.6963599916377797
0.24873773330438653
0.45427857042168496
0.15078593323147604
0.2733039871965677
0.08885905862071086
0.390815796885321
0.7241264659087836
0.8733659929469113
0.16695453810405303
0.8114900165600792
0.4194736115804225
0.4802256472589421
0.7440447461523189
0.6722144311702822
0.7666691457358333
0.2503939881062923
0.9833498073400566
0.17392315928485358
0.9017751074281565
0.7792867200565322
0.6138156035689785
0.2864394745345422
0.1565710345081387
0.22442944137115994
0.05856253213051521
0.45859536108778354
0.5020242064707015
0.45468435344834846
0.7730425889100503
0.639095586770358
0.7174487600927482
0.5451083400907442
0.9588470372116871
0.35763068127837094
0.26857631630545753
0.5800617149358341
0.1622779085175715
0.44981614440826223
0.5271384036301033
0.7519284652093514
0.364824963118358
0.050539269571187484
0.06449915524472494
0.3512608083259159
0.4881574600251557
0.15295163768192477
0.626078353042604
0.1274717800892038
0.34721796423477125
0.6481454939196155
0.377896651431364
0.22308911350692828
0.9793348456030223
0.1920833337983291
0.12322375564336752
0.24747912942245576
0.30223548273359013
0.6013488230212368
0.8162070929238477
0.4264228294115806
0.7347156587628636
0.5843317351805734
0.4733203487974619
0.13268121867558536
0.13871369184536375
0.6977322532096877
0.9138989888444362
0.40735931211832244
0.996180198700148
0.31083432016624724
0.9344897441324695
0.6625967332352501
0.6386281870380758
0.8512579472956167
0.5328485783233411
0.6503964886680387
0.2702965518346492
0.1665992005294843
0.7745191618627691
0.08013193391599693
0.08554113856537204
0.30120848210575724
0.6214047235011544
0.3646844094062317
0.8321388143556496
0.327729287773477
0.5924059116210382
0.27276301265758296
0.436338738687433
0.6428088365680171
0.8121898103995966
0.7701773842646804
0.6699388065237235
0.5108527099031765
0.26269320799703855
0.7972081042356367
0.06682294832208202
0.5879913336712514
0.9125118554434891
0.7305088030043113
0.2515491575396076
0.6872993755050422
0.8072251920111841
0.4913137324254935
0.6432086483950824
0.8723563810424045
0.06292461014926587
0.4550238985879931
0.7088544260513268
0.3104945975621194
0.6086810786705542
0.22414808488734428
0.859530205683605
0.28618725433527403
0.994559781012272
0.6361682122766733
0.6209380176060237
0.7610944040248051
0.5275874295930324
0.9390370408044458
0.4520668365273508
0.8225467700201043
0.7648383172355563
0.5590522021093451
0.3622876439695273
0.8690733067740463
0.1499302588511281
0.5027203612750019
0.2572758321848416
0.6412834861417018
0.9592131016560665
0.12211445938656185
0.7890539382408408
0.8604848660314358
0.935063129129877
0.3182463890284172
0.7969152717377066
0.4870796256882055
0.8899077252891844
0.5401956573444038
0.4353610299337267
0.3904190471516512
0.2530957801331585
0.9777669879115697
0.5964199787876797
0.2529932941555406
0.3339203157746061
0.26866036390234316
0.31412832264952883
0.42275181004582063
0.9832365705134203
0.5678183664056687
0.31162085763487835
0.21180954858577294
0.9062255827174689
0.13167196324926056
0.6806968963704582
0.4524536770997596
0.5321942363091449
0.5268485953391473
0.37652339187611195
0.044583665036453723
0.829446518690898
0.24501258288325722
0.11631458836705444
0.18341400752123382
0.6350281985643562
0.6443012061797165
0.04039322903456921
0.706151387618262
0.927032812059212
0.8877980469619823
0.5822715444343954
0.7849417518356463
0.45328416910907776
0.4304668470483235
0.6148017187982017
0.39365302001394353
0.029650054551638605
0.5963266170215811
0.691250216827112
0.26582788851499084
0.8563793500944289
0.9102976919736083
0.6625794067286843
0.536287002826255
0.8268785716589466
0.5771770129848454
0.5357214380607734
0.7919444397531269
0.259043158452658
0.5548737287158544
0.22512190763787998
0.8554741201572954
0.07820812963120449
0.5109546139686908
0.08882880615357869
0.7254897810514268
0.4587830760235404
0.2708855862910369
0.7832292708421769
0.5647555895719201
0.5748121325532516
0.8731825584106325
0.38654682479546476
0.9252679507010004
0.7778862517326846
0.9435170545160578
0.5815887096368059
0.41763559288115926
0.7123353127218371
0.9881189526080288
0.5020106457065135
0.13904066774624413
0.5752466886688083
0.8146573516774416
0.6484490626465446
0.6027083581269185
0.040554589572205035
0.07907856274240954
0.4466230972214382
0.4453579160468897
0.03485981504097946
0.6566089953872566
0.4688569980947046
0.09510423204613627
0.5362566354993202
0.8105110058312729
0.25660174662061497
0.025829733795167398
0.6539893374327717
0.10061893965858237
0.9722512882134237
0.45156208865771175
0.2131025868388049
0.06776884097944158
0.05798830514829545
0.35374560527023224
0.27111326999724783
0.7054085854255178
0.5904072766108479
0.5693291787933564
0.009768646230914002
0.5316980432827683
0.4442204670707288
0.8032791015368904
0.25076495361775497
0.6614038334152381
0.0576806576039679
0.08829168260108278
0.19980321143170487
0.7638911783102964
0.9935762710886247
0.5838535910031462
0.7292863055954965
0.019102437862033028
0.8334192752227308
0.6485873502115103
0.6410384042792773
0.49891226055826843
0.14597942093014893
0.8267935701452677
0.9618406013575768
0.9049301812360646
0.7522171149395395
0.9434444448318422
0.052472901718592646
0.648452353483179
0.11133889004945208
0.2304214088970412
0.7326771549750454
0.04753089335966976
0.7269484186119641
0.5917436881328959
0.5165868238486352
0.5235479146834563
0.1382302211843428
0.7287899451999065
0.36958829944342286
0.8972833304743435
0.05577196083884295
0.7682326628741633
0.48739258434818233
0.345224997322627
0.7858380028912479
0.12478898745012834
0.6980727985647814
0.02651088956822123
0.11951705435488746
0.9946586824958037
0.2709840442312694
0.9665733967041279
0.547907193435524
0.2609241329437637
0.7506155490254691
0.22784435428537797
0.4569870231504567
0.8431085828484928
0.02965209040331962
0.8191560047988884
0.30033558506844094
0.7590158328893871
0.5657240390495701
0.9418287621040801
0.4080676030196905
0.9070093514951131
0.5935513001599969
0.48176890465093036
0.23196671083724674
0.927996056607126
0.7071001110013614
0.938963937213326
0.7869102340087102
0.6019503198722124
0.25166626376936474
0.47781988967287115
0.9299324576482587
0.6858542485070536
0.5861366795640787
0.3480954389663875
0.09803295417320179
0.07952225583162931
0.20519300544280716
0.06114710423270031
0.3399844401314036
0.8116041702192115
0.496574964866102
0.09674323033299115
0.40848430323250395
0.5490096599781296
0.44763686316510065
0.7835260981333043
0.4720217898996564
0.1765399824536873
0.06094022582527381
0.9023251849159931
0.6732851044307517
0.6185008058699047
0.48572569949625033
0.9205405848476116
0.6811071612702971
0.7137819735229916
0.7290060154461897
0.3455783571648101
0.3128862811239186
0.06086789196600029
0.6318031832766526
0.03721124203515713
0.8379448955995561
0.5492564364979426
0.9839073702381566
0.7882869486157772
0.7920444444676795
0.3724195180657769
0.2518953914131643
0.3612121588529552
0.5270190973718818
0.7397256042610871
0.10704101105305086
0.5587287318680422
0.04891774798809767
0.21095011497792704
0.10801609859486494
0.1784755487139471
0.4761093858669343
0.5360865166204613
0.5498127309826495
0.44116018741375007
0.3686635337408469
0.08687876977415321
0.5441710446376574
0.5924311517032071
0.7239512406789457
0.2625224414024939
0.9263811173532007
0.10620454530307222
0.7291628238037987
0.1618298262043426
0.674207745077137
0.31287170942000764
0.6325720716115367
0.5784699254029066
0.9452213932381692
0.8473630326043652
0.4285113439574477
0.002356017005525901
0.8695648287852987
0.1784523144105099
0.03993742781553522
0.3317791919912797
0.3175436683413392
0.18803221796972058
0.43725220148811605
0.12657907986341455
0.9049583556737888
0.628870055878884
0.3808837001315578
0.38820283422907287
0.3011056487464643
0.03158337405747669
0.7561830643000391
0.6985502572146621
0.6428890962117015
0.31283015206960263
0.5916794745266075
0.8491075780324743
0.0114095512790644
0.32547670949676144
0.5893505214445739
0.25216541032909534
0.4379889507893112
0.21333196126768494
0.2574115809484079
0.2980529579173289
0.07924130833246423
0.22752946770932236
0.18924406473424527
0.5017545655395627
0.26970017901787624
0.5712318821582288
0.42549523850425963
0.6588660369596028
0.9708538379923204
0.7386830563181932
0.49712812248032756
0.594483534842066
0.3321854476838785
0.8763822814437442
0.25558981089234856
0.39564631657633353
0.8251902044533078
0.060853659297027796
0.569686795208459
0.12057011064416256
0.75787254484825
0.4021264862060855
0.33839570837563926
0.37211989234260123
0.06232567190799909
0.645761445647708
0.08200839646864788
0.6084873599811373
0.7254264474695556
0.08902215823445025
0.4170835976132369
0.2257890308759538
0.03872797506253378
0.18913034537711115
0.7472600539596329
0.3247842695339829
0.37608666809144253
0.6076656091089737
0.4665009306034942
0.5087047288093032
0.6137010221709222
0.37873253976416266
0.753437796574576
0.5891537071603763
0.1172622711211515
0.6123033015123005
0.44541225542646745
0.303788513490166
0.11501789657130801
0.44242598006269185
0.5148880871583834
0.9999070786154997
0.2605874161870061
0.8054797680768404
0.8725100386350427
0.846876123103041
0.6316322721707127
0.6212665056272318
0.7479849172688653
0.7244004566237602
0.38096579582369294
0.15615114853787737
0.6753808624985412
0.5473205199913844
0.495944587026536
0.3912662213253557
0.8306010380867258
0.3159079787783009
0.8250132028375973
0.14375822264208327
0.03580863882175822
0.7571618814114957
0.0039915250257615
0.8366825429311207
0.7003034387271426
0.36215281757259155
0.05212648625004257
0.23648720616244145
0.5945534204936662
0.6364712826032982
0.09728657878728597
0.6376408397315113
0.7963641429200996
0.9489792066616215
0.45067910887600815
0.3274001746353197
0.5542464804488346
0.6295555456243441
0.6245294895708431
0.8799295361689604
0.10478925217478141
0.9902230448442696
0.0044725590256685654
0.3135918603752196
0.42962466988565484
0.3654499252948714
0.37821102385408434
0.302095439483682
0.8023287770194037
0.09764725667208807
0.9056233985771832
0.057290935412138255
0.007940992741051978
0.28072123453073716
0.15002616766610377
0.7514444103766416
0.8943209760241778
0.3745946962488266
0.4311999228582817
0.45132147753176277
0.2142829846486245
0.30904476231417033
0.026973258619197304
0.7777466686501744
0.7165469822053754
0.5144477056040959
0.7080922402358997
0.5215113171939291
0.4974055988351853
0.08637707242577997
0.5873927534763037
0.9969720589683765
0.1667140911329038
0.3670793417084609
0.7506663960613734
0.8305379165935135
0.9456673777691538
0.8425487161839321
0.6597114917330394
0.18941235678273793
0.30807470345930443
0.18283267761780742
0.03761482749915457
0.5235458147217619
0.8128559044435619
0.9103536864450651
0.3106722429487815
0.5578433100141303
0.3123385010135724
0.05857752748082379
0.541567339711347
0.331578884232656
0.43920595549028596
0.9796444793673014
0.2905104511363068
0.03177255018264025
0.19813555507114033
0.6209680576583947
0.5296705133162672
0.8654307818194046
0.08265217941580494
0.3384157377672943
0.07676835637634938
0.1478644273114358
0.20311442837545512
0.14670826662326775
0.7179621905010072
0.916830635558335
0.4088596729488081
0.2940548625363395
0.7018879982432494
0.17101386752474268
0.21593045940224487
0.9301754035627646
0.05167772742899346
0.48353164039847785
0.6346407326113734
0.5130628439500606
0.13391541225415937
0.9018099207221564
0.5084441547665003
0.324576195520766
0.9678038137430567
0.9877206102985715
0.7743496071389319
0.5231413043281845
0.013894460691147081
0.8878468826491335
0.41228584286811976
0.6457520022763645
0.589067735273028
0.5037318170270753
0.7663424496999311
0.3987905464090914
0.4068410032315901
0.0018909078535086499
0.0880700219574696
0.5424666767749781
0.1729760692108845
0.8279478219570785
0.571364141494015
0.692203728415182
0.5572173929331633
0.8710683782384598
0.6726359364323293
0.41823068575603084
0.3140511293506536
0.9563803715716691
0.4891587270841632
0.5882142466744742
0.47612220999101995
0.7900152824442287
0.9202562232695359
0.5460863213879399
0.23312524820597702
0.026271181757194895
0.8259515539348824
0.6628954319109293
0.9819222782663393
0.29541038785534113
0.9306831745377954
0.14284784637224146
0.5918799819681767
0.9293698975913272
0.6320613754793626
0.3878068326396389
0.9825088866850634
0.15852443622230128
0.6421645637250452
0.4903984773340968
0.20512756663841247
0.17172078623414655
0.5789734659506549
0.8917943786830034
0.5426773809727502
0.29544520554784137
0.3622925411120185
0.46991906323838517
0.018559191049379087
0.05619488810134288
0.6921797068336076
0.7970607075195644
0.8466692161676944
0.6144752571890123
0.9527256705495919
0.4312888587231739
0.12377500917266138
0.09875190067747552
0.17495019287110347
0.5357029165084126
0.2713917759402228
0.564771484505935
0.5418589231379807
0.11042136533730296
0.7125751725821944
0.8385151552600483
0.5966881166205185
0.5138855933338619
0.34376914712442286
0.08845576154958723
0.5312704874314439
0.9959819942110918
0.9145587386604663
0.6271673008628509
0.9654524807621587
0.8142574126898656
0.9893788550152516
0.6720595978935249
0.37106552521477665
0.41679215308818185
0.6550940293014724
0.6845369446643114
0.3856171215134019
0.774023056404005
0.9818084029705126
0.5980549260840818
0.601742348895035
0.4320195336120468
0.8374819230547563
0.3280317251193209
0.02826020983337363
0.08802174823963049
0.3817674666073404
0.19073678498658087
0.6484963031524342
0.32837708066733295
0.2752371863487034
0.9370348700285789
0.0191147215618237
0.031616180298625784
0.44361852693550163
0.603547371630156
0.9662972440931422
0.7811603069861707
0.10871717362953115
0.6043720940077288
0.8487671996032532
0.6068404418437325
0.007681087680637799
0.7678606295316032
0.7283145426444276
0.4625497331087596
0.7129115311086927
0.8665476417052045
0.4815066833931422
0.8264575268424234
0.049661979639008313
0.6126672183897025
0.39562048050355825
0.9828841692014695
0.7827607248820699
0.47666922308572834
0.9611347109052303
0.20382329489373585
0.24922572012838728
0.5649549213744938
0.5234592060951283
0.13741035601315832
0.08662996006171209
0.45362235350591207
0.44254089184783707
0.46887886261510703
0.776388558972472
0.9808204767603014
0.7493500363739484
0.5700891268310133
0.26501693487222355
0.20748051703225934
0.6474717705294062
0.40194668010320256
0.7959137418786638
0.3035998643348118
0.4733737119996728
0.18206005134807457
0.6262801443366344
0.2151546603546165
0.8281902701972267
0.2965913348460859
0.8735014125511451
0.8876406200395209
0.2265681090895828
0.2730562533227381
0.2570802822521594
0.9806221747291589
0.5297387009444814
0.10154157073908054
0.2480097828692127
0.15967996883560276
0.043159952936893786
0.6482952534800186
0.9082763837130231
0.3689608302900934
0.23644383852112605
0.8590858123771031
0.06355411923853915
0.30856500879594184
0.8141784003685807
0.4104659393354846
0.7174573152857723
0.7115793903992176
0.8047739006202176
0.30553048731248855
0.09695684628297208
0.4006747790828703
0.7092531920703354
0.3855822950761876
0.08191117232820988
0.3317160853487807
0.2790226061184202
0.21787581798967404
0.15673450610708284
0.26453699339951076
0.9512633194128466
0.707044372484005
0.22256802573772516
0.5091370353343223
0.8092354960315604
0.26162594326231436
0.6850022807135622
0.5820293019147909
0.9584817321839648
0.0021227994448125287
0.7210886265434263
0.9966177042622808
0.6591957129955963
0.7668409839453522
0.34893561765916703
0.05200781518441844
0.9612582774462073
0.45793284327591555
0.9415167216731303
0.7219103882162208
0.8430012242982564
0.7329179876528399
0.49326399448611624
0.03820298611335127
0.4862317090331406
0.035512143961344056
0.824487481794123
0.41764191041932597
0.3400512047189288
0.6929707828559039
0.7943513548441171
0.8394044242645454
0.8542290245126606
0.17067138224516898
0.9524175251185955
0.3761153106108993
0.9032666582367296
0.7677616050734519
0.6015593891943193
0.8760824767179517
0.7470323544799711
0.6456712143977856
0.11841927463441204
0.5282587697415393
0.8930691079250808
0.7846950197765626
0.48885056528922666
0.9965391669413541
0.6622380169499058
0.3721666411562663
0.3298737219833626
0.689720256426278
0.6274126602353118
0.2161606259045461
0.191087218820844
0.022528914651503196
0.45169676609621845
0.042275872765630274
0.8796742118240706
0.024503347254939745
0.28344206332576094
0.3224213617936591
0.04314263132477569
0.24875624535884966
0.8337807669974405
0.26996358009681454
0.884913596252228
0.3682549907374507
0.2820138783845789
0.9904640376216649
0.7163110289935842
0.46971702827761097
0.19253996444467725
0.25489393865575016
0.769943873487611
0.5663292171691139
0.2079170050230742
0.3812010880527512
0.1884730109165702
0.12533152295690808
0.1542845238042806
0.18862478808512528
0.48672510598651497
0.0001412773781529486
0.33769709513970914
0.20953096090603596
0.0817997430556403
0.49129977721845863
0.03944324383877251
0.4781312208182681
0.6541433536974377
0.24862550170135977
0.2171930545983678
0.16545609620536983
0.9463088974241463
0.39832841243835104
0.18362814465226684
0.617340442984154
0.6463592784626989
0.5287592693012968
0.2857160720660874
0.7387422841928128
0.6501669031868242
0.38425309611654945
0.34342650231591676
0.8493657890350134
0.3447169446804469
0.92242045313437
0.2717854999213536
0.19872858946523075
0.8993729315342814
0.581955273219314
0.5406672423712788
0.39005239844518724
0.38952834224909827
0.9278406657682862
0.5682083649083992
0.6490351728243309
0.8834860949596534
0.5061256961045755
0.5701333217859447
0.9736816809699899
0.546112291048661
0.19959251116213117
0.5819356563742536
0.42632790849944735
0.703557396745126
0.040200971439367406
0.552033638874714
