0.7320511824464747
0.3310295397442439
0.25024595907308955
0.8839667069901842
0.876531789508084
0.5038490584340445
0.09462272740609956
0.16559497802325518
0.628426804091399
0.8067102292139477
0.2925220264455999
0.15413339520782587
0.7653216912600486
0.5622971947606751
0.3168883815605037
0.5410090705186973
0.16631535532880226
0.972690005268133
0.7713289595884764
0.4499542842482671
0.5367407241727332
0.9278171248962528
0.7062736007334097
0.5373516168103463
0.4818378718039802
0.34835459867689167
0.49147617652133957
0.5782308159086973
0.36151580634105385
0.4726814605508439
0.20541945569596587
0.2709514071537046
0.2983104198774562
0.0799203148433899
0.042461012293506184
0.9125449378959019
0.7724169865822637
0.35435397565342064
0.6568303401904847
0.5653841341058983
0.029149396925727156
0.28108871505736277
0.6332475171917236
0.4802525591322039
0.18439465640743868
0.426225196495721
0.2196579475608128
0.7982234958330172
0.09695989755101664
0.13241478457661238
0.9896069841795643
0.045204122848700345
0.7582736223625081
0.43265964577571714
0.7089851669812813
0.18496772072058865
0.42333428399970596
0.6161855103228316
0.918928671828039
0.16753855090708147
0.6637567359242799
0.9809726920767488
0.0828978924676329
0.15747746443976118
0.42176753740170514
0.6718726585934081
0.9728021845746309
0.7321236444496472
0.7360056578498316
0.35762302256222667
0.7991916798955363
0.3078335214086244
0.09728985748426788
0.7733888146404461
0.7506375845445562
0.4283666951500479
0.0004001142216797371
0.10687704998705616
0.238880945727868
0.35688425395612455
0.5728386338601547
0.01572069860617975
0.8535493501278917
0.32119283173682767
0.26843106455907517
0.48935665564519426
0.40328998785320147
0.916946455352896
0.9669052205724485
0.5632408058723025
0.8409209285206337
0.3817442928158451
0.26885449876961254
0.9136972869652416
0.7983783109873434
0.057049200777948506
0.4670510875686009
0.7614243821406838
0.5140544560263285
0.40070544487481297
0.6277302692020216
0.648659026765206
0.9487517739926683
0.6432619281015183
0.7978830227404557
0.2187201092042671
0.8124116624146801
0.9175347857979864
0.661995098015436
0.04288698524809498
0.5569098478839852
0.20724916516114067
0.10189808031821768
0.6339509772887439
0.014151386855211112
0.9582571459472208
0.6056247702340523
0.7469332221527683
0.951967058559014
0.8244935138320693
0.14398094042625031
0.4394325268141822
0.34042548689490504
0.792669555157208
0.6359800982407506
0.8366765973582033
0.37321979143331463
0.8662914846784904
0.7251322863158943
0.5608753126589795
0.0026411978259165414
0.7170178203079101
0.0010290311039343747
0.04864361503663406
0.17609338974224242
0.9934177899995272
0.04901925173821664
0.7235002841086675
0.7726855161748497
0.7754248705081278
0.08513330519144258
0.8061781325363487
0.5018184478251612
0.5022284402139582
0.5718668515412186
0.10116669009633517
0.9955835563558414
0.19326760991953362
0.15604382273221906
0.5709538066759252
0.33919851365901976
0.014407605342959928
0.022827786726753008
0.07454076113498154
0.6662130203924248
0.2515765203964905
0.21045025669766815
0.6214991814189452
0.02543709565250407
0.20055899483193673
0.2617909665579188
0.02037388841396648
0.5943745792673758
0.5979882334863373
0.18751346901777988
0.16386795912841168
0.44719075540682307
0.4713094250997977
0.12256734070518771
0.26990866698333305
0.4312528295417184
0.6451416272719959
0.27227603797117894
0.8712329069430255
0.08730009776285652
0.6378427423983847
0.6208116318289513
0.9641838007726479
0.37980987971847
0.9698832774874638
0.5292043619163425
0.3675158229469665
0.8291208115677797
0.04195536215751894
0.9106698581046495
0.9291248043830818
0.37873932576643876
0.09243676333088402
0.5455639698087855
0.8745525902710434
0.4610234108532463
0.9660290173880904
0.5392352844225736
0.6779720829742532
0.5004130211324412
0.39383988183190377
0.13029818018407868
0.9423941964776872
0.5588004962353408
0.7270346122214645
0.6364543872660804
0.1158413839622614
0.2871862768281359
0.6649001547815584
0.5443626134019642
0.1297884371401553
0.57251389741966
0.8365815457179059
0.10447916405878455
0.6280737098712041
0.13849266774092794
0.3271706200762041
0.35257668896972294
0.5727242672072771
0.28075842094622105
0.8025355124987744
0.4131938297449783
0.33655128756445674
0.3221646417929267
0.9410050744489145
0.983835830627152
0.037505526808073286
0.5212113127494951
0.9037972018466638
0.19034819945668446
0.2565798188448629
0.34066397035890283
0.26392534254856637
0.8244969558317619
0.04710383062036627
0.7210536252317294
0.5907069006455866
0.24045174332675845
0.6952931759439198
0.7807324245907306
0.29899688392476975
0.8697744350777529
0.3992536433260412
0.32001619465930264
0.5757477063073674
0.3145427613423589
0.19700260399505387
0.04926782853317646
0.1344112926530262
0.4157045936036985
0.9254908015321557
0.7132965434733372
0.10792723145769878
0.48864192066335155
0.4281121048420826
0.1762441680068041
0.40604967724768315
0.9319682277381003
0.16202953210725046
0.7911185821001712
0.05659441438632318
0.29691053195189665
0.3382622443938149
0.4066014415955491
0.20080957794839638
0.24472581327940612
0.17131480742854477
0.977772486689133
0.7316884846480773
0.7234601569149485
0.15532198296174526
0.4396375910403114
0.8213270956451711
0.3549728624415539
0.48516325425675
0.21772041047669077
0.3685906809139059
0.6178145138424029
0.5283578801360002
0.3271460795830048
0.4133092103886927
0.6116364657287141
0.13590140263805894
0.8282791573524328
0.9778759165178136
0.38294182551032074
0.2616140753222871
0.16421353198402
0.2709254805928014
0.6836683835939305
0.7731030686104277
0.8492350105103764
0.5828607427904692
0.3752007346870868
0.8703925906732138
0.7324812425461937
0.9936628074105854
0.701832978608864
0.4686851298767821
0.6056320876893276
0.8588519502172469
0.0017848219572633717
0.38266822864935823
0.06143163499172166
0.8934259163025886
0.23803168152786625
0.2009590183388884
0.8185861869687594
0.7318256271196515
0.6507240180464934
0.0800570743532435
0.16778935106722137
0.7366656258209344
0.15493210109708866
0.008508307252917291
0.8929517096128158
0.21698351780836933
0.9047129776154703
0.1983973166744173
0.8251063050632589
0.9117634845571766
0.3371929817441194
0.02436308049543312
0.04552369581565652
0.9831994503339088
0.878219125511158
0.44065559587079095
0.36560790905410734
0.043322238573642924
0.14602876136270693
0.04437904698900963
0.1854464439230431
0.16097533234701833
0.9978690498515768
0.8757178801017191
0.319159250823852
0.24793472858161492
0.46100246379473153
0.16064257978255636
0.9419307733381952
0.027906851686093304
0.8922067479568
0.4517974792074576
0.403138378009946
0.12647366207518684
0.6518372287991124
0.3105439258403495
0.2509542415854047
0.9112375795642085
0.7258398706002103
0.10051822679942513
0.22221845901330495
0.22507615899497713
0.3844540811916478
0.8378918707590298
0.006882689304514966
0.7764788746749763
0.34796931980654555
0.7959795060693968
0.3332668540718873
0.38620707673029964
0.4500239862794817
0.5265954651892225
0.5346122837803982
0.5658874017001156
0.6208998795539756
0.9244602427427911
0.21716390175292877
0.5529057321657063
0.7072990810287352
0.5283152573269443
0.2110765201835949
0.6168786590323063
0.8899331137799749
0.5720980192035987
0.6511059675807778
0.8841878868581785
0.9499268759877758
0.9056128706202072
0.24478910773620077
0.8811966515172889
0.9201275282793987
0.18178200681060364
0.8224008757862206
0.47238813696325366
0.6439076290512376
0.6389939461701444
0.7525511803160487
0.6546530654266663
0.006913248452902532
0.19996858942566542
0.8395985377855343
0.12018389981019095
0.2943881345017856
0.23614599475290432
0.15029526440536867
0.010735591271400335
0.16396969019512175
0.9340857241040866
0.9922576697069448
0.8902486975292885
0.3955322405877014
0.35341867065755883
0.7136047834555611
0.07313905003482035
0.4497259036053268
0.11306843594899296
0.6122323160001107
0.9396307162447699
0.6191584582769225
0.7177212704676802
0.5011485483344963
0.4980940225845578
0.870137250624282
0.8904772435921154
0.5076343962737022
0.7623668982377335
0.5403223660917538
0.6776379813712424
0.3437180282207001
0.9953157729848722
0.17441590014624997
0.8270015945232473
0.8161910364241404
0.6863467336227617
0.16228727463722414
0.8475068654014395
0.1013333991487837
0.4896042542053788
0.7289757050527227
0.9173653236319962
0.8285348082491881
0.6555115595517041
0.15165275883990892
0.3471872852545156
0.09386957802668305
0.46900498607799335
0.052638702594724585
0.132464619072846
0.8652232460400255
0.6558120388066458
0.16751085387706965
0.20841002671199038
0.9836554122590735
0.5615730455176142
0.08470630780922872
0.5230211036905825
0.9985745963419327
0.835444010119684
0.7692653061965125
0.6946624774554871
0.8682239210415025
0.16665812755475806
0.3867306589267536
0.8015758991916728
0.9727301768353341
0.6854107992957877
0.1667118244776965
0.2761781101915399
0.100569126179204
0.1863312284252885
0.8859974159778814
0.5147630880957799
0.4502133369935277
0.044048508580630474
0.88676026842256
0.6973276320564022
0.29180718740420764
0.38709405873120073
0.31541118141424784
0.013751251670948705
0.5501326891423424
0.7452436713183419
0.8367124078393393
0.23976333667469674
0.8457072455526715
0.3560574021877835
0.6839099185916188
0.7737863578481587
0.32684390021907284
0.5132452140626552
0.9745336273300292
0.6061661172172467
0.3541527095734005
0.9797722974629989
0.433960533528186
0.27006219102669526
0.23249589885298583
0.36423564363645666
0.11626298669009472
0.25227444521005093
0.7437364854893924
0.4167278369466435
0.18687237607259166
0.6641522658781189
0.27490075675291603
0.3797162206176279
0.5944210687633862
0.5831561384505834
0.48095004046761347
0.9631708217919877
0.20766763896381757
0.8386676781123
0.1517135941112282
0.14755406723100062
0.3166301257176586
0.1765609320152567
0.6358200551559321
0.6447367877526219
0.7184377997625967
0.9222858245692456
0.4367500952738589
0.8304754744412894
0.18982880844361372
0.48613514170527117
0.9186394425883869
0.7409225326969965
0.55824888389076
0.7602452959901645
0.9619699625706952
0.8621749462519818
0.7534002450220519
0.3890535045272241
0.6767938619466644
0.5670308683496037
0.7714608023513512
0.25376087259960634
0.7591607002814293
0.4034748699759948
0.7819933815173621
0.5314614565801252
0.17240422638962893
0.6650180442552877
0.5702234999493097
0.5798760232970216
0.20708174191987128
0.2765332526777877
0.5928074385014247
0.23817716516625864
0.4107523986605386
0.7388242880230844
0.856951715534651
0.9272009145228202
0.9304048056235199
0.646982342566571
0.690146935905296
0.8247389915392099
0.8576008458109121
0.34138902098200874
0.2071566656218552
0.7231471511408977
0.12353026518390853
0.7625804210219159
0.35157577076240565
0.9854754191854546
0.62134421603604
0.5889391713156602
0.04177281168488678
0.2971824631855712
0.8478328095092972
0.027410783213091983
0.24556237181501162
0.2140651110867675
0.8780053941081774
0.9490301187904422
0.6217460914414675
0.22780060785653344
0.0057883588889818816
0.7827730242481563
0.24001175729046986
0.8730214744485149
0.7012747326648826
0.8406457885406264
0.5909085251832965
0.5413892057720192
0.6637155744875546
0.6111244797288063
0.20158736825860513
0.6326274891262091
0.3389570176590906
0.4023503516153849
0.7218475110075527
0.8279500898365609
0.4755654668649677
0.3943466836189601
0.5166018304900926
0.660000886898729
0.33162064082752896
0.8820101220361724
0.10775246230103686
0.4955288620855429
0.7896001331387466
0.19337094278025901
0.7037193241756912
0.3366652406007784
0.22099100793764914
0.9545938266084654
0.6596340587124893
0.18237843707088996
0.9614009864416794
0.9445812814012614
0.8742796381155342
0.40742142980143636
0.5718029732211577
0.27624649360545983
0.7224726218458067
0.8831022569319025
0.7484631687704726
0.5931853890694057
0.2042500062800482
0.9340424687583849
0.7832001995792185
0.8848718294716671
0.1291014081780847
0.35319077353397044
0.6592648850036082
0.34804546351121624
0.4563898717644985
0.2893091982449153
0.4901789577703196
0.352840998868469
0.8865740131436238
0.08731517991354931
0.11850356181283073
0.48378447371351296
0.0913982915940792
0.6531233227117751
0.2546278089962054
0.7985040124990936
0.5772404914854284
0.5536729687559387
0.12096413468259681
0.32272917216477015
0.3627902227917076
0.4826961968166673
0.5357081694712771
0.9925425526801802
0.7304753424005292
0.3883827702916415
0.4419025554716456
0.2892035534284709
0.8997300739421156
0.6821918948888851
0.34184951041478484
0.23547377765737498
0.9617762646785389
0.8561618056853969
0.5341079727012567
0.513588946983241
0.6757690729846733
0.347421181878551
0.7851104862777998
0.4832573104180298
0.13110215601049757
0.9151699385802213
0.9489313089991592
0.2726526223177279
0.5387535592490288
0.6575283360910615
0.551693650632412
0.20841211397079962
0.9525659256706365
0.602642842036969
0.48934334128987433
0.448825254736099
0.6619286794083195
0.6563739195392583
0.948926874585632
0.004348508662836759
0.010594257154261322
0.5344182401031328
0.10542376595325909
0.30194246096558874
0.9293126385684881
0.582248326704346
0.23650169071669125
0.7976727338256767
0.8728533680106215
0.3085401155957347
0.5306428426383856
0.22641053862383897
0.13562173269499234
0.5206387367889732
0.6531422222336551
0.9256540402852934
0.283425481370266
0.44363902091110663
0.7728722195931875
0.8941205354212224
0.2654710379725683
0.42615272150135
0.5019980614261859
0.9160310747094557
0.09178342354564561
0.6297213861691864
0.35237973829939706
0.05760006072805146
0.1323269459276306
0.2619533712277142
0.7344188049601681
0.9297822571121548
0.36010426414372243
0.43609240858314646
0.7115173255451802
0.8765181486730916
0.5769973346820622
0.27528117718730993
0.9710681480787433
0.39272345074697124
0.535162568070376
0.6567991340074903
0.21207936182565357
0.18589711005626575
0.48597819162314826
0.9232012469578554
0.45897351178574763
0.9566613876654907
0.5071718092555969
0.18927800609734402
0.43544407901677706
0.3504403412485845
0.12289927071104123
0.678908531857318
0.5662474728642322
0.951798266042611
0.9193012631380514
0.2878887254734379
0.46834228966545777
0.8757819868761356
0.10675744960449451
0.24832877045426183
0.46890177626463847
0.8858041135857732
0.19117416209256222
0.7909204950016059
0.08377721541049632
0.5673749957090659
0.16342826978072422
0.6232813435679694
0.4135311646444052
0.8235714906461957
0.5067106535781218
0.9732386456643826
0.06510143067990537
0.38603685621966155
0.9227200318237084
0.5938703138349251
0.12657932720445553
0.9861325408155114
0.3976429480695429
0.10025266453782633
0.19931908712872437
0.22163008899134407
0.5907571147663897
0.7862210433134731
0.7143558176437522
0.4801765147434869
0.31568712006392696
0.11969250665659925
0.4723725570810471
0.899252270812611
0.5238333073951952
0.641077839064942
0.9487143813610243
0.08759640671836422
0.7243162172066389
0.14973399214641303
0.3206044508642777
0.060159004785050096
0.6787026704445781
0.1273834606593014
0.8451381645553033
0.9763617049623788
0.023469967825907823
0.9658408332189973
0.5008139306207586
0.7858746592583834
0.605499202569823
0.06793622277314881
0.22811679485126368
0.4742401538380656
0.5716796562793298
0.12684525728897478
0.4101422918116714
0.7659871933285773
0.6052346692364814
0.16370341169375402
0.6307241723034165
0.6854191059763564
0.8174643285195479
0.6091843301468829
0.10846299259095926
0.3791361335454573
0.3137583951032977
0.4719626728723566
0.03744163398527489
0.3219728124955131
0.5365548804657878
0.9342350110818514
0.30549967333951156
0.5703915949324783
0.5919515945672172
0.07305896668185707
0.1842534886649413
0.1957529937039051
0.15896501780095607
0.42882526189569237
0.12082631498125074
0.8859901639420303
0.05860908361359951
0.1382401330501838
0.8376537900143396
0.48783943351777814
0.60254826769867
0.3497624391863262
0.11744280316944544
0.41343519189447975
0.9993696549599507
0.18593488247671508
0.898893254981681
0.46160169518262306
0.5705867926355462
0.042942333290362567
0.5009634410806137
0.903690457737919
0.6508560797276243
0.5582710676085152
0.5511320010717454
0.39438360563903485
0.7611406397446522
0.16687111459760928
0.06237294716766162
0.9516818758962633
0.5456622997419164
0.5802971016079095
0.19526818336363372
0.9590202006548921
0.1293464657911887
0.9687390696572182
0.8495204747731565
0.8602520401617166
0.9263768379378781
0.4902664963089439
0.13296475001785035
0.7844818938782504
0.24640259390737185
0.3389025947670419
0.10847289980519259
0.49248514708505675
0.7827500514308684
0.29047774035194396
0.3865981172941594
0.0432068542387124
0.6744853698439226
0.6863191502151313
0.8279035867135187
0.06611491850835394
0.8804770512430671
0.3431799825136226
0.17888371752966037
0.9800138409823654
0.10901320779650758
0.4220289598081366
0.1387883294546286
0.340743341968753
0.9500336479656739
0.12339259840071504
0.21514881076549408
0.4170530293381013
0.01187482285998609
0.967379424682929
0.328715010129773
0.38186883872019284
0.3041800349011172
0.37114031025086325
0.11581332754295137
0.7507685082770313
0.8682685196014185
0.04598163326337945
0.006304531948887804
0.06173306306076998
0.27302201513866065
0.6367655425660435
0.4629774915371522
0.8353433823894939
0.7677092835580871
0.8319856904943471
0.12483898640527014
0.7986797182523019
0.6038630095906828
0.3631911551100466
0.3144196839695156
0.4771988051442392
0.727006733355093
0.5469908343667429
0.43658296157058896
0.5515116594048861
0.1157099440917938
0.16134611404651167
0.4269287334767712
0.6823527082127594
0.004452348198863421
0.6547628091730373
0.028717042058703846
0.8281862431025206
0.3507069692883398
0.5106200714737499
0.6912113051176645
0.9435101072450918
0.5162286430002567
0.9629814724024561
0.4508250637381972
0.45577962223695
0.9899174406409686
0.45490305048788693
0.022543384577626835
0.25845554049458985
0.014400645582765992
0.2596727732460268
0.33793445638562025
0.7816105599117743
0.5349405505367558
0.7322429120433603
0.549250555588803
0.27154965973922174
0.9111698950403245
0.11334666617935663
0.3466214648084919
0.09995114716154985
0.44688901336506337
0.09142588932147222
0.7044145605481131
0.0786326595844874
0.7575919738685213
0.25319433062996943
0.9651982636311386
0.7158333687598885
0.1956510850201485
0.9407338339711546
0.7552038621287042
0.7711976286476482
0.9689559220826366
0.2586555946030703
0.2897290164988302
0.286661856097743
0.21427417558796424
0.13644569950998886
0.4441612166704816
0.7959114309379755
0.39963506551092276
0.9225406327843149
0.3376382307913136
0.48145528172537366
0.36861817454928925
0.14150277139747758
0.6175272658193163
0.10814184328774379
0.012611047444906043
0.34880755081150117
0.45848541353302774
0.5379821227059638
0.530149863822559
0.21841661304757398
0.5339166599894839
0.8431698849829791
0.8384808300988095
0.5324289325073964
0.39522986072793254
0.2391369104590979
0.5232544248973483
0.31410634979680174
0.9891254097515534
0.07120429122781369
0.9864558667128258
0.5287434497248298
0.22964799118406598
0.14933118296624615
0.037254216839456955
0.6716905624201989
0.06079331629933271
0.4273732829939273
0.6700864022528891
0.1805848881008365
0.07777498899429625
0.5690163603414345
0.46861056242663746
0.7626046548144707
0.7805221304568898
0.19919379919126623
0.6678791987274915
0.9654259234148492
0.6344882948402119
0.8637456251065653
0.13660444634849245
0.7608871699518003
0.15071790401760443
0.591785793993066
0.4863720164502713
0.15167591686070647
0.17680648181878433
0.15929665083960476
0.12932486413432942
0.3554633909164918
0.9415592080120146
0.22633168469201725
