0.37650787747159975
0.3900416409303056
0.4034916607214646
0.4168550490662397
0.4301289367860011
0.4433104739182478
0.45639683032861017
0.46938519631839026
0.48227278322791783
0.49505682403518725
0.5077345739500372
0.5203033110034313
0.5327603366318405
0.5451029762567222
0.5573285798586672
0.5694345225464662
0.581418205120591
0.5932770546313476
0.605008524931208
0.6166100972215587
0.628079280593464
0.6394136125624417
0.6506106595972474
0.6616680176422762
0.6725833126338112
0.6833542010096595
0.6939783702124099
0.7044535391858664
0.7147774588648725
0.7249479126581648
0.7349627169242556
0.7448197214403389
0.7545168098638756
0.7640519001870575
0.7734229451837487
0.7826279328491079
0.7916648868315027
0.8005318668569027
0.8092269691454387
0.817748326820127
0.8260941103077558
0.8342625277316358
0.842251825296389
0.8500602876644332
0.8576862383243341
0.8651280399507
0.8723840947557737
0.879452844832463
0.8863327724888095
0.8930224005738918
0.899520292794923
0.9058250540256806
0.9119353306059962
0.9178498106324413
0.9235672242399513
0.9290863438745114
0.9344059845567005
0.9395250041360965
0.9444423035365367
0.9491568269920544
0.9536675622735953
0.9579735409063104
0.962073838377527
0.9659675743352127
0.9696539127770184
0.9731320622297593
0.9764012759193387
0.9794608519311063
0.9823101333605377
0.9849485084542978
0.9873754107415651
0.9895903191556759
0.9915927581459809
0.9933822977799655
0.9949585538355417
0.9963211878835562
0.9974699073604454
0.9984044656310487
0.9991246620415685
0.9996303419626447
0.99992139682256
0.9999977641305464
0.9998594274902052
0.9995064166030251
0.9989388072620076
0.9981567213353908
0.9971603267404878
0.9959498374076289
0.9945255132342365
0.9928876600290154
0.991036629446305
0.9889728189105648
0.9866966715310601
0.9842086760067112
0.9815093665211723
0.9785993226281484
0.9754791691269448
0.9721495759283413
0.968611257910736
0.964864974766683
0.9609115308397562
0.9567517749518816
0.9523866002210656
0.9478169438696491
0.9430437870230957
0.9380681544993084
0.9328911145886338
0.9275137788244565
0.9219373017445885
0.9161628806433426
0.9101917553145119
0.9040252077851414
0.8976645620402871
0.8911111837387702
0.8843664799199201
0.8774318987015279
0.8703089289688768
0.8629991000551254
0.8555039814128977
0.8478251822773724
0.8399643513207211
0.831923176298153
0.8237033836855706
0.815306738308832
0.8067350429648996
0.7979901380347059
0.7890739010880817
0.7799882464805671
0.7707351249424584
0.7613165231599176
0.7517344633484471
0.7419910028187399
0.7320882335349007
0.7220282816653671
0.7118133071263353
0.7014455031180944
0.6909270956540574
0.6802603430829067
0.6694475356036457
0.6584909947739127
0.6473930730115648
0.6361561530895286
0.6247826476242945
0.61327499855783
0.6016356766333723
0.5898671808648593
0.5779720380004707
0.5659528019800444
0.5538120533867676
0.541552398893151
0.5291764707012808
0.5166869259777692
0.5040864462831526
0.49137773699624526
0.47856352673318575
0.4656465667616884
0.452629630410248
0.4395155124727303
0.42630702860835623
0.413007014737078
0.39961832643079714
0.3861438383001572
0.372586443377456
0.35894905249539455
0.3452345936622132
0.331446011432943
0.31758626627723624
0.30365833394378083
0.28966520482130004
0.2756098832966104
0.2614953871094583
0.2473247467047069
0.23310100458157648
0.21882721464051666
0.20450644152742373
0.1901417599756889
0.17573625414608152
0.16129301696446824
0.14681514945786012
0.1323057600884962
0.11776796408655535
0.10320488278118982
0.08861964293047497
0.07401537604998161
0.05939521774046802
0.0447623070146952
0.030119785623367673
0.015470797380699185
0.0008184874893083015
0
0
0
0
0
0
0
0
0
0
0
0
0
0
0
0
0
0
0
0
0
0
0
0
0
0
0
0
0
0
0
0
0
0
0
0
0
0
0
0
0
0
0
0
0
0
0
0
0
0
0
0
0
0
0
0
0
0
0
0
0
0
0
0
0
0
0
0
0
0
0
0
0
0
0
0
0
0
0
0
0
0
0
0
0
0
0
0
0
0
0
0
0
0
0
0
0
0
0
0
0
0
0
0
0
0
0
0
0
0
0
0
0
0
0
0
0
0
0
0
0
0
0
0
0
0
0
0
0
0
0
0
0
0
0
0
0
0
0
0
0
0
0
0
0
0
0
0
0
0
0
0
0
0
0
0
0
0
0
0
0
0
0
0
0
0
0
0
0
0
0
0
0
0
0
0
0
0
0
0
0
0
0
0
0
0
0
0
0
0
0
0
0
0
0
0
0
0
0
0
0
0
0
0
0
0
0
0
0
0
0
0
0
0
0.007968081865080572
0.022619163989353912
0.037265389678938304
0.05190361432434756
0.06653069503389832
0.08114349130861635
0.09573886571640212
0.11031368456575064
0.1248648185785262
0.1393891435617901
0.15388354107867744
0.16834489911782652
0.18277011276165397
0.19715608485288222
0.21149972665962463
0.2257979585384384
0.2400477105956489
0.2542459233463585
0.2683895483714283
0.28247554897194593
0.2965009008211768
0.3104625926139966
0.3243576267133227
0.3381830197938284
0.3519358034823684
0.36561302499540893
0.37921174777289673
0.39272905210884446
0.4061620357781644
0.41950781465975034
0.4327635233558022
0.44592631580693587
0.4589933659033478
0.4719618680914911
0.4848290379765417
0.49759211292011957
0.5102483526335272
0.5227950397660636
0.5352294804884155
0.5475490050711196
0.5597509684576685
0.571832750832512
0.5837917581834479
0.5956254228586623
0.6073312041179224
0.6189065886781657
0.6303490912530783
0.641656255086663
0.6528256524807945
0.6638548853163682
0.6747415855682741
0.6854834158137366
0.6960780697342539
0.7065232726106916
0.7168167818117471
0.7269563872754213
0.7369399119834993
0.7467652124290348
0.756430179076493
0.7659327368147534
0.77527084540257
0.7844424999066946
0.7934457311322718
0.8022786060456966
0.8109392281896183
0.8194257380900931
0.8277363136558804
0.8358691705695878
0.8438225626708362
0.8515947823311055
0.8591841608204315
0.8665890686656289
0.8738079160001991
0.8808391529056585
0.8876812697442928
0.8943327974833305
0.9007923080102975
0.9070584144396913
0.9131297714107005
0.919005075376109
0.9246830648821258
0.930162520839271
0.9354422667840745
0.9405211691317068
0.9453981374193473
0.950072124540298
0.9545421269688349
0.9588071849756331
0.9628663828338596
0.9667188490157506
0.9703637563797607
0.9738003223481411
0.9770278090749531
0.9800455236045106
0.9828528180201342
0.9854490895832869
0.9878337808629617
0.9900063798553851
0.991966420093928
0.9937134807492755
0.9952471867197645
0.9965672087119334
0.9976732633112158
0.9985651130427889
0.9992425664225679
0.9997054779983107
0.9999537483808528
0.9999873242654433
0.9998061984431914
0.9994104098026129
0.998800043321282
0.9979752300475844
0.9969361470725839
0.9956830174919948
0.9942161103582898
0.9925357406229237
0.9906422690687231
0.9885361022324123
0.9862176923173417
0.9836875370963852
0.9809461798050704
0.9779942090249527
0.9748322585572256
0.9714610072866626
0.9678811790358344
0.9640935424097261
0.9600989106306911
0.9558981413638579
0.9514921365329988
0.946881842126854
0.9420682479960576
0.9370523876405764
0.9318353379878507
0.9264182191615339
0.9208021942410374
0.9149884690117709
0.9089782917062975
0.9027729527362947
0.8963737844155125
0.8897821606737399
0.8829994967617716
0.8760272489475986
0.8688669142036893
0.8615200298856355
0.8539881734020283
0.846272961875801
0.8383760517970491
0.8302991386673219
0.8220439566356514
0.8136122781261611
0.8050059134575819
0.7962267104545036
0.7872765540507057
0.7781573658843856
0.7688711038856432
0.7594197618560441
0.7498053690405668
0.7400299896919436
0.7300957226273908
0.720004700778059
0.7097590907310066
0.6993610922641021
0.6888129378736527
0.6781168922951069
0.6672752520168371
0.6562903447870011
0.6451645291138477
0.6339001937592497
0.6224997572259122
0.6109656672380225
0.5993004002158004
0.5875064607437115
0.575586381032811
0.5635427203769884
0.5513780646035084
0.5390950255178587
0.5266962403429014
0.5141843711527441
0.5015621043010847
0.4888321498445372
0.4759972409606842
0.46306013336128826
0.4500236047006665
0.4368904539792277
0.4236635009426159
0.4103455854761963
0.3969395669954222
0.38344832383180233
0.3698747526150144
0.35622176765088126
0.3424923002957617
0.3286892983270831
0.3148157253104795
0.30087455996354184
0.28686879551617994
0.2728014390680706
0.25867551094291147
0.24449404404005348
0.23026008318322783
0.21597668446685003
0.20164691459989056
0.18727385024741144
0.17286057736996466
0.15841019056105043
0.14392579238273642
0.1294104926994258
0.11486740801026804
0.10029966077991992
0.0857103787682516
0.07110269435870371
0.05647974388579316
0.041844666961770804
0.027200605802433518
0.012550704552590067
0
0
0
0
0
0
0
0
0
0
0
0
0
0
0
0
0
0
0
0
0
0
0
0
0
0
0
0
0
0
0
0
0
0
0
0
0
0
0
0
0
0
0
0
0
0
0
0
0
0
0
0
0
0
0
0
0
0
0
0
0
0
0
0
0
0
0
0
0
0
0
0
0
0
0
0
0
0
0
0
0
0
0
0
0
0
0
0
0
0
0
0
0
0
0
0
0
0
0
0
0
0
0
0
0
0
0
0
0
0
0
0
0
0
0
0
0
0
0
0
0
0
0
0
0
0
0
0
0
0
0
0
0
0
0
0
0
0
0
0
0
0
0
0
0
0
0
0
0
0
0
0
0
0
0
0
0
0
0
0
0
0
0
0
0
0
0
0
0
0
0
0
0
0
0
0
0
0
0
0
0
0
0
0
0
0
0
0
0
0
0
0
0
0
0
0
0
0
0
0
0
0
0
0
0
0
0
0
0
0
0
0
0
0
0
0.01088833154377673
0.025538696733954758
0.04018357865283477
0.05481983297944411
0.06944431724513557
0.08405389150840294
0.09864541902892679
0.11321576694114587
0.1277618069268545
0.1422804158868241
0.1567684766114453
0.17122287844989376
0.18564051797811323
0.2000182996650223
0.21435313653725035
0.22864195084181307
0.2428816747070307
0.2570692508011028
0.271201632988628
0.28527578698458056
0.2992886910057446
0.31323733641959955
0.3271187283901781
0.340929886521179
0.3546678454957637
0.36832965571331694
0.38191238392269844
0.39541311385198585
0.40882894683470317
0.4221570024320726
0.43539441905156157
0.4485383545611759
0.46158598689978086
0.4745345146829082
0.4873811578043269
0.5001231580328441
0.512757779604597
0.5252823098103953
0.5376940595781159
0.5499903640501441
0.5621685831554332
0.574226102176435
0.586160332310397
0.5979687112252722
0.6096487036098265
0.6211978017179491
0.6326135259071547
0.6438934251708847
0.6550350776648372
0.6660360912268607
0.6768941038906483
0.6876067843927766
0.6981718326733225
0.7085869803696139
0.7188499913033285
0.7289586619605799
0.7389108219649935
0.7487043345437636
0.7583370969863512
0.7678070410960212
0.777112133633818
0.786250376755177
0.7952198084388408
0.8040185029080978
0.8126445710442736
0.821096160792348
0.8293714575585837
0.8374686846001024
0.8453861034064165
0.8531220140726317
0.8606747556644854
0.8680427065748966
0.8752242848721844
0.8822179486396922
0.8890221963068249
0.8956355669714899
0.9020566407137062
0.9082840389005187
0.9143164244819474
0.920152502278106
0.9257910192572358
0.9312307648047832
0.936470570983279
0.9415093127831384
0.946345908364188
0.9509793192879289
0.9554085507405263
0.9596326517463644
0.9636507153722595
0.9674618789221499
0.971065324122348
0.9744602772972153
0.9776460095352643
0.980621836845682
0.9833871203051611
0.9859412661951024
0.9882837261290678
0.9904139971705405
0.9923316219408902
0.9940361887175906
0.9955273315226028
0.996804730200965
0.9978681104895252
0.9987172440758241
0.9993519486471223
0.9997720879295363
0.9999775717173025
0.9999683558921413
0.9997444424327314
0.9993058794142836
0.9986527609982211
0.9977852274119586
0.9967034649188006
0.9954077057779427
0.9938982281946132
0.9921753562603307
0.9902394598833324
0.9880909547091397
0.9857303020313318
0.9831580086924908
0.9803746269753847
0.9773807544843993
0.9741770340172108
0.970764153426797
0.9671428454737274
0.9633138876688633
0.959278102106398
0.9550363552873593
0.9505895579335819
0.945938664792141
0.9410846744303988
0.9360286290215721
0.93077161412101
0.9253147584330815
0.9196592335688785
0.9138062537946229
0.9077570757710032
0.9015129982833232
0.8950753619626645
0.8884455489980658
0.8816249828397171
0.87461512789339
0.8674174892059701
0.8600336121423714
0.8524650820536911
0.8447135239368481
0.8367806020857118
0.8286680197337183
0.8203775186882399
0.8119108789565486
0.8032699183637045
0.7944564921621957
0.7854724926336739
0.776319848682605
0.7670005254221944
0.7575165237524069
0.7478698799303901
0.7380626651333106
0.7280969850135962
0.7179749792469198
0.7076988210727237
0.697270716827695
0.6866929054719845
0.6759676581085224
0.665097277495434
0.654084097551554
0.642930482855408
0.6316388281374423
0.6202115577659505
