0
0
0
0
0
0
0
0
0
0
0
0
0
0
0
0
0.012080786264760411
0.032997966669128194
0.053900702185600224
0.07477984262396188
0.09562624812280657
0.11643079315043262
0.13718437049960938
0.1578778952742507
0.17850230886633575
0.19904858292130864
0.21950772329030396
0.2398707739672593
0.26012882100947043
0.28027299643966336
0.3002944821279452
0.32018451365200234
0.3399343841336524
0.3595354480503416
0.3789791250197163
0.39825690355567955
0.41736034479435347
0.43628108618812056
0.45501084516638857
0.47354142276127964
0.4918647071967354
0.5099726774394416
0.5278574067100914
0.5455110659532655
0.5629259272646578
0.5800943672739595
0.5970088704819839
0.6136620325506292
0.6300465635440644
0.6461552911199508
0.6619811636691302
0.677517253402461
0.6927567593835076
0.7076930105055906
0.7223194684121138
0.7366297303587236
0.750617532016116
0.7642767502122428
0.7776014056127726
0.7905856653384934
0.8032238455186981
0.815510413779294
0.8274399916645967
0.8390073569917851
0.8502074461368686
0.8610353562513248
0.8714863474083178
0.8815558446775981
0.8912394401282095
0.9005328947580239
0.9094321403493948
0.9179332812500172
0.9260325960782516
0.9337265393521578
0.9410117430415526
0.9478850180423367
0.9543433555725495
0.9603839284894594
0.9660040925271453
0.9712013874540407
0.9759735381498794
0.9803184556016471
0.9842342378180441
0.9877191706620818
0.9907717286014571
0.9933905753763403
0.9955745645843348
0.9973227401823124
0.9986343369049224
0.9995087805995866
0.9999456884778374
0.9999448692828796
0.9995063233733166
0.9986302427229922
0.9973170108369551
0.9955672025835756
0.9933815839429011
0.9907611116713455
0.9877069328828681
0.9842203845468264
0.9803029929027067
0.9759564727920259
0.971182726907649
0.9659838449608853
0.9603621027667165
0.9543199612475602
0.9478600653559829
0.9409852429168934
0.9336985033896457
0.9260030365506475
0.9179022110970401
0.9093995731720251
0.9004988448125711
0.8912039223200662
0.8815188745547148
0.8714479411543903
0.8609955306787372
0.8501662186792921
0.8389647456965743
0.8273960151848821
0.8154650913658089
0.8031771970113837
0.790537711157765
0.7775521667506137
0.764226248223007
0.7505657890070825
0.7365767689804573
0.7222653118484936
0.7076376824636981
0.6927002840832399
0.6774596555659291
0.6619224685098355
0.6460955243317493
0.6299857512899182
0.6136002014511542
0.5969460476037963
0.5800305801178158
0.5628612037534632
0.54544543441978
0.5277908958845745
0.5099053164370638
0.49179652550482006
0.473472450226445
0.45494111198140785
0.4362106228787547
0.41728918220597583
0.3981850728397736
0.3789066576202257
0.3594623756899582
0.3398607387998508
0.3201103275830899
0.30021978779893643
0.2801978265480506
0.2600532084609647
0.23979475186130417
0.2194313249056408
0.19897184170139515
0.17842525840469203
0.15780056929980965
0.13710680286186797
0.11635301780468998
0.09554829911528628
0.07470175407690811
0.05382250828232648
0.03291970163911033
0.012002484368567498
0
0
0
0
0
0
0
0
0
0
0
0
0
0
0
0
0
0
0
0
0
0
0
0
0
0
0
0
0
0
0
0
0
0
0
0
0
0
0
0
0
0
0
0
0
0
0
0
0
0
0
0
0
0
0
0
0
0
0
0
0
0
0
0
0
0
0
0
0
0
0
0
0
0
0
0
0
0
0
0
0
0
0
0
0
0
0
0
0
0
0
0
0
0
0
0
0
0
0
0
0
0
0
0
0
0
0
0
0
0
0
0
0
0
0
0
0
0
0
0
0
0
0
0
0
0
0
0
0
0
0
0
0
0
0
0
0
0
0
0
0
0
0
0
0
0
0
0
0
0
0.005759098608301287
0.026678842463529362
0.047586907632842075
0.06847414159296476
0.08933140093954481
0.11014955538959952
0.130919491778362
0.15163211804856264
0.17227836723047074
0.19284920141102446
0.21333561569010057
0.2337286421224734
0.2540193536435264
0.2741988679770822
0.2942583515236129
0.3141890232272105
0.33398215841941925
0.3536290926385218
0.37312122542240084
0.3924500240733852
0.4116070273934986
0.43058384938827693
0.4493721829377973
0.4679638034331136
0.48635057237657353
0.5045244409445029
0.5224774535105099
0.5402017511281172
0.5576895749710105
0.5749332697294589
0.5919252869614807
0.6086581883971095
0.6251246491945501
0.641317461146623
0.6572295358361626
0.6728539077389677
0.6881837372730075
0.7032123137923915
0.7179330585250019
0.7323395274523472
0.7464254141304264
0.7601845524504188
0.7736109193378459
0.7866986373892152
0.7994419774448498
0.8118353610968325
0.8238733631309504
0.8355507139016198
0.8468623016386286
0.8578031746848513
0.8683685436638329
0.8785537835763351
0.8883544358249617
0.8977662101658718
0.9067849865868652
0.9154068171109147
0.9236279275243904
0.9314447190292476
0.9388537698183697
0.9458518365734899
0.9524358558849509
0.9586029455927112
0.964350406048029
0.9696757212952111
0.9745765601729914
0.979050777334995
0.9830964141888642
0.9867116997536328
0.9898950514349837
0.9926450757180156
0.9949605687772665
0.9968405170036858
0.9982840974483421
0.9992906781826734
0.9998598185751084
0.9999912694839577
0.9996849733664742
0.9989410643040435
0.9977598679434893
0.9961419013545186
0.9940878728033787
0.99159868144281
0.9886754169184416
0.9853193588918009
0.9815319764801306
0.977314927613296
0.972670058308015
0.9675994018597653
0.9621051779527079
0.9561897916880219
0.9498558325310537
0.9431060731777999
0.9359434683411424
0.9283711534574282
0.9203924433139096
0.912010830597724
0.9032299843669465
0.8940537484444618
0.8844861397353279
0.874531346468378
0.8641937263627947
0.853477804720553
0.8423882724454405
0.8309299839896156
0.8191079552285764
0.8069273612654232
0.7943935341655022
0.7815119606222564
0.7682882795554297
0.7547282796426242
0.7408378967853121
0.7266232115103509
0.7120904463082849
0.6972459629094069
0.6820962594989146
0.6666479678723355
0.6509078505324101
0.6348827977288639
0.618579824442153
0.6020060673126605
0.5851687815166264
0.5680753375901999
0.5507332182029336
0.5331500148823093
0.5153334246904933
0.49729124685496495
0.4790313793543493
0.4605618154611436
0.44189064024260655
0.4230260270215255
0.4039762337983374
0.3847495996361956
0.36535454101048487
0.3457995481245811
0.326093181193205
0.3062440666951944
0.2862608935972688
0.2661524095503729
0.24592741706046625
0.2255947696351646
0.2051633679081229
0.1846421557427756
0.16404011631716656
0.14336626819149947
0.12262966136033926
0.10183937329091346
0.08100450494945721
0.06013417681727171
0.039237524898169084
0.01832369671926402
0
0
0
0
0
0
0
0
0
0
0
0
0
0
0
0
0
0
0
0
0
0
0
0
0
0
0
0
0
0
0
0
0
0
0
0
0
0
0
0
0
0
0
0
0
0
0
0
0
0
0
0
0
0
0
0
0
0
0
0
0
0
0
0
0
0
0
0
0
0
0
0
0
0
0
0
0
0
0
0
0
0
0
0
0
0
0
0
0
0
0
0
0
0
0
0
0
0
0
0
0
0
0
0
0
0
0
0
0
0
0
0
0
0
0
0
0
0
0
0
0
0
0
0
0
0
0
0
0
0
0
0
0
0
0
0
0
0
0
0
0
0
0
0
0
0
0
0
0
0
0
0.020358651986905757
0.041271211178184865
0.06216570386178186
0.08303298345578916
0.10386391529086647
0.1246493806089358
0.14538028055491142
0.16604754015978784
0.1866421123131305
0.20715498172351254
0.2275771688649521
0.24789973390770753
0.2681137806316816
0.28821046032080433
0.3081809756364836
0.32801658446870247
0.34770860376287166
0.36724841332083064
0.3866274595743997
0.4058372593296323
0.4248694034803933
0.44371556068943907
0.46236748103546743
0.4808169996245154
0.4990560401641982
0.517076618499038
0.5348708461055851
0.5524309335456129
0.5697491938759399
0.5868180460134419
0.6036300180536074
0.6201777505414171
0.6364539996929401
0.652451640566306
0.6681636701806438
0.6835832105816857
0.6987035118525324
0.7135179550684789
0.7280200551944332
0.7422034639237852
0.7560619724573244
0.7695895142211866
0.7827801675224916
0.7956281581415694
0.8081278618596215
0.8202738069207609
0.8320606764272275
0.8434833106668977
0.8545367093719458
0.8652160339077064
0.8755166093908214
0.8854339267356295
0.8949636446280517
0.9041015914259984
0.9128437669855086
0.9211863444118114
0.9291256717345738
0.9366582735065212
0.9437808523248393
0.9504902902746096
0.956783650293675
0.9626581774583581
0.9681113001894059
0.973140631377718
0.977743969429301
0.9819192992290189
0.985664793022708
0.9889788112172888
0.9918599030984833
0.9943068074658766
0.9963184531850057
0.9978939596562536
0.9990326372003246
0.9997339873601584
0.9999977031191274
0.9998236690354345
0.999211961292648
0.9981628476663504
0.9966767874069216
0.9947544310385005
0.9923966200742177
0.9896043866478247
0.9863789530618682
0.9827217312526377
0.9786343221720821
0.9741185150869931
0.969176286795752
0.9638098007629886
0.9580214061725082
0.9518136368989554
0.9451892103985946
0.9381510265197447
0.9307021662333731
0.9228458902843777
0.9145856377642231
0.9059250246054557
0.8968678419988311
0.8874180547337168
0.8775797994625096
0.8673573828897853
0.8567552798870747
0.8457781315339594
0.8344307430864487
0.8227180818734441
0.810645275122333
0.7982176077145098
0.7854405198719224
0.7723196047756108
0.7588606061172954
0.7450694155850358
0.730952070284193
0.7165147500946457
0.7017637749655515
0.6867056021487943
0.6713468233722751
0.6556941619544399
0.6397544698610994
0.6235347247059866
0.6070420266962993
0.5902835955245905
0.5732667672082964
0.5559989908784557
0.5384878255188023
0.5207409366568239
0.5027660930081836
0.48457116307590925
0.46616411170602223
0.4475529966008712
0.428745964791878
0.4097512490731676
0.39057716439766893
0.37123210423718456
0.3517245369082197
0.33206300186491744
0.31225610596093195
0.29231251968171695
0.27224097334909414
0.2520502532994939
0.231749198037742
0.21134669436799716
0.19085167350355864
0.17027310715716426
0.14962000361369923
0.12890140378675607
0.10812637726098095
0.0873040183218695
0.06644344197467893
0.0455537799544117
0.024644176728334206
0.0037237854929925806
0
0
0
0
0
0
0
0
0
0
0
0
0
0
0
0
0
0
0
0
0
0
0
0
0
0
0
0
0
0
0
0
0
0
0
0
0
0
0
0
0
0
0
0
0
0
0
0
0
0
0
0
0
0
0
0
0
0
0
0
0
0
0
0
0
0
0
0
0
0
0
0
0
0
0
0
0
0
0
0
0
0
0
0
0
0
0
0
0
0
0
0
0
0
0
0
0
0
0
0
0
0
0
0
0
0
0
0
0
0
0
0
0
0
0
0
0
0
0
0
0
0
0
0
0
0
0
0
0
0
0
0
0
0
0
0
0
0
0
0
0
0
0
0
0
0
0
0
0
0
0.01403764783777193
0.034953865240559344
0.05585478155920673
0.07673124739985482
0.09757412407187604
0.11837428758831581
0.13912263265998193
0.15981007668120797
0.18042756370582813
0.20096606841141126
0.22141660005010325
0.2417702063843347
0.2620179776056567
0.2821510502350721
0.3021606110029481
0.3220379007070881
0.3417742180470524
0.36136092343321324
0.3807894427686626
0.4000512712025835
0.4191379768532426
0.43804120449905354
0.456752679236082
0.47526421010037967
0.49356769365363584
0.5116551175303888
0.5295185639454962
0.5471502131601275
0.564542346904909
0.5816873517585314
0.5985777224805787
0.6152060652969424
0.6315651011364518
0.6476476688172828
0.6634467281818147
0.6789553631784003
0.6941667848889167
0.7090743345005989
0.7236714862209811
0.7379518501345074
0.751909174999763
0.7655373509859507
0.7788304123474741
0.7917825400354481
0.8043880642449839
0.8166414668971846
0.8285373840546385
0.8400706082695205
0.8512360908631414
0.8620289441360416
0.8724444435075392
0.8824780295839508
0.8921253101544618
0.9013820621138203
0.9102442333110052
0.9187079443230532
0.926769490153302
0.9344253418532212
0.9416721480672362
0.948506736499776
0.9549261153039671
0.9609274743912887
0.9665081866617103
0.9716658091537027
0.9763980841136455
0.9807029399841586
0.9845784923109396
0.9880230445676675
0.9910350888986703
0.9936133067789862
0.9957565695915547
0.99746393912126
0.9987346679656425
0.9995681998620728
0.9999641699312563
0.9999224048369593
0.9994429228618877
0.9985259338996824
0.9971718393630392
0.99538123200799
0.9931548956744249
0.990493804942959
0.9873991247083184
0.9838722096694004
