0.8045249760380612
0.8101663833448783
0.8157337367861607
0.821226527473827
0.8266442533351948
0.8319864191590031
0.8372525366405644
0.8424421244264481
0.8475547081585233
0.8525898205172118
0.8575470012643243
0.8624257972850239
0.8672257626292893
0.8719464585527192
0.8765874535565362
0.881148323427141
0.8856286512747905
0.8900280275717469
0.8943460501897483
0.8985823244366751
0.9027364630927297
0.906808086445742
0.9107968223259156
0.9147023061398817
0.9185241809039415
0.9222620972767903
0.925915713591369
0.9294846958861294
0.9329687179355908
0.9363674612800857
0.9396806152549516
0.9429078770188556
0.9460489515815083
0.9491035518306533
0.9520713985582474
0.9549522204860534
0.957745754290375
0.9604517446261529
0.9630699441503283
0.9656001135443957
0.9680420215363402
0.970395444921724
0.9726601685841118
0.9748359855147533
0.9769226968314582
0.9789201117968268
0.9808280478356408
0.9826463305515714
0.9843747937431346
0.9860132794188468
0.9875616378117062
0.9890197273928444
0.9903874148844988
0.9916645752721648
0.9928510918160364
0.9939468560616866
0.9949517678499569
0.9958657353261378
0.996688674948344
0.9974205114951605
0.9980611780725237
0.9986106161198209
0.999068775415259
0.9994356140804422
0.9997110985842068
0.999895203745687
0.9999879127366111
0.9999892170828453
0.999899116665164
0.9997176197192643
0.9994447428350095
0.9990805109549173
0.9986249573718736
0.9980781237260961
0.9974400600013259
0.9967108245202524
0.9958904839391957
0.9949791132419965
0.9939767957331788
0.9928836230303291
0.9916996950557113
0.9904251200271563
0.9890600144481423
0.9876045030971717
0.9860587190163552
0.984422803499236
0.982696906077908
0.9808811845093084
0.9789758047608329
0.9769809409951519
0.974896775554271
0.972723498942907
0.9704613098110246
0.9681104149357233
0.9656710292023186
0.9631433755846774
0.9605276851248883
0.9578241969120826
0.9550331580606346
0.9521548236875511
0.9491894568891257
0.9461373287169509
0.9429987181530719
0.9397739120845487
0.9364632052772071
0.9330669003486645
0.9295853077407389
0.9260187456909914
0.9223675402037097
0.9186320250200793
0.9148125415876434
0.9109094390291703
0.906923074110652
0.9028538112087732
0.8987020222775719
0.8944680868144027
0.8901523918253352
0.885755331789679
0.8812773086240151
0.876718731645421
0.8720800175340153
0.8673615902949657
0.8625638812196227
0.8576873288461941
0.8527323789196197
0.847699484350782
0.8425891051752114
0.8374017085109162
0.8321377685157919
0.8267977663442353
0.8213821901031156
0.8158915348072705
0.81032630233413
0.8046870013779561
0.7989741474032965
0.7931882625978168
0.7873298758246887
0.7813995225741116
0.7753977449144865
0.7693250914428172
0.7631821172345098
0.7569693837927628
0.7506874589970961
0.7443369170515725
0.7379183384322577
0.7314323098341032
0.7248794241174531
0.718260280253699
0.7115754832706664
0.7048256441972544
0.6980113800075222
0.6911333135644364
0.6841920735627747
0.6771882944718233
0.670122616477218
0.6629956854225727
0.6558081527503836
0.6485606754424194
0.6412539159598186
0.633888542182365
0.626465227347591
0.6189846499891755
0.6114474938748543
0.6038544479440762
0.5962062062448507
0.5885034678704655
0.580746936895518
0.5729373223114901
0.5650753379621026
0.5571617024778811
0.549197139210632
0.5411823761672542
0.5331181459431233
0.5250051856552956
0.5168442368749387
0.508636045559717
0.5003813619855345
0.4920809406778814
0.4837355403430382
0.47534592379852797
0.4669128579035642
0.45843711348888094
0.449919465286199
0.44136069185758736
0.43276157552409533
0.4241229022944222
0.41544546179299535
0.4067300471877162
0.39797745511764127
0.38918848561995684
0.3803639420570336
0.3715046310429166
0.36261136236951674
0.3536849489327758
0.3447262066581517
0.3357359544262232
0.32671501399776115
0.3176642099385332
0.3085843695441221
0.2994763227640908
0.29034090212630903
0.2811789426607747
0.27199128182320553
0.2627787594186815
0.2535422175246634
0.24428250041421337
0.23500045447874213
0.22569692815056042
0.21637277182552087
0.20702883778506576
0.19766598011851738
0.1882850546449264
0.17888691883476132
0.169472431731726
0.1600424538740146
0.15059784721584926
0.14113947504860883
0.13166820192183434
0.12218489356440136
0.11269041680516198
0.103185639493909
0.09367143042196505
0.084148659242685
0.07461819639216276
0.06508091300944197
0.05553768085708706
0.04598937224141431
0.036436859932672774
0.026881017085466762
0.017322717158717367
0.007762833836022077
0
0
0
0
0
0
0
0
0
0
0
0
0
0
0
0
0
0
0
0
0
0
0
0
0
0
0
0
0
0
0
0
0
0
0
0
0
0
0
0
0
0
0
0
0
0
0
0
0
0
0
0
0
0
0
0
0
0
0
0
0
0
0
0
0
0
0
0
0
0
0
0
0
0
0
0
0
0
0
0
0
0
0
0
0
0
0
0
0
0
0
0
0
0
0
0
0
0
0
0
0
0
0
0
0
0
0
0
0
0
0
0
0
0
0
0
0
0
0
0
0
0
0
0
0
0
0
0
0
0
0
0
0
0
0
0
0
0
0
0
0
0
0
0
0
0
0
0
0
0
0
0
0
0
0
0
0
0
0
0
0
0
0
0
0
0
0
0
0
0
0
0
0
0
0
0
0
0
0
0
0
0
0
0
0
0
0
0
0
0
0
0
0
0
0
0
0
0
0
0
0
0
0
0
0
0
0
0
0
0
0
0
0
0
0
0
0
0
0
0
0
0
0
0
0
0
0
0
0
0
0
0
0
0
0
0
0
0
0
0
0
0
0
0
0
0
0
0
0
0
0
0
0
0
0
0
0
0
0
0
0
0
0
0
0
0
0
0
0
0
0
0
0
0
0
0
0
0
0
0
0
0
0
0
0
0
0
0
0
0
0
0
0
0
0
0
0
0
0
0
0
0
0
0
0
0
0
0
0
0
0
0
0
0
0
0
0
0
0
0
0
0
0
0
0
0
0
0
0
0.0056661073956522125
0.015226221144842097
0.024784943129904057
0.03434139962866202
0.043894717126018425
0.053444022393883656
0.0629884425707954
0.07252710524193023
0.08205913851864877
0.09158367111827642
0.10109983244382859
0.11060675266339001
0.12010356278984878
0.12958939476012882
0.13906338151462075
0.1485246570765205
0.15797235663078754
0.1674056166034189
0.17682357474018812
0.18622537018554464
0.19561014356138473
0.20497703704540793
0.21432519444975023
0.2236537612990494
0.23296188490863287
0.24224871446254065
0.2515134010911014
0.2607550979487446
0.2699729602912145
0.2791661455528673
0.28833381342376807
0.2974751259263092
0.30658924749202393
0.315675345037772
0.32473258804197
0.3337601486205863
0.34275720160262596
0.3517229246057711
0.36065649811136363
0.3695571055393949
0.37842393332322455
0.38725617098376025
0.396053011203751
0.4048136499013968
0.41353728630392506
0.4222231230208637
0.43087036611674545
0.43947822518388535
0.44804591341444755
0.4565726476724423
0.46505764856538434
0.4735001405153568
0.48189935183010535
0.4902545147733989
0.4985648656352816
0.5068296448019534
0.5150480968250306
0.5232194704907951
0.5313430188886875
0.5394179994796537
0.5474436741640885
0.555419309349134
0.5633441760159253
0.5712175497860613
0.5790387109878878
0.5868069447223496
0.5945215409281732
0.6021817944469561
0.6097870050874605
0.6173364776896854
0.6248295221884737
0.6322654536764322
0.6396435924667138
0.6469632641549685
0.6542237996811628
0.661424535390583
0.6685648130945632
0.6756439801307104
0.6826613894224136
0.6896163995381583
0.696508374750011
0.7033366850917914
0.7101007064167153
0.7167998204543033
0.7234334148670555
0.7300008833062824
0.7365016254675897
0.7429350471458059
0.7493005602891626
0.7555975830531974
0.7618255398538055
0.7679838614199096
0.7740719848455474
0.7800893536411979
0.7860354177847919
0.7919096337718614
0.7977114646652742
0.8034403801443631
0.8090958565532809
0.8146773769490008
0.8201844311484507
0.8256165157751979
0.8309731343055076
0.8362537971136162
0.8414580215166133
0.8465853318184506
0.8516352593534721
0.8566073425292963
0.861501126868904
0.866316165052299
0.8710520169572923
0.875708249699777
0.8802844376733372
0.8847801625880537
0.8891950135088479
0.8935285868929486
0.8977804866268201
0.9019503240624055
0.9060377180525637
0.9100422949860079
0.9139636888213694
0.9178015411206942
0.9215555010822393
0.9252252255724581
0.9288103791574551
0.9323106341335683
0.9357256705573583
0.9390551762748812
0.9422988469501515
0.9454563860930394
0.9485275050863029
0.9515119232119997
0.954409367677172
0.9572195736387195
0.9599422842276765
0.9625772505726323
0.965124231822506
0.9675829951685823
0.9699533158657401
0.9722349772530535
0.974427770773546
0.9765314959932763
0.9785459606196761
0.9804709805190847
0.9823063797336264
0.9840519904972548
0.9857076532511045
0.9872732166580906
0.9887485376167072
0.9901334812741448
0.9914279210385859
0.9926317385907901
0.993744823894919
0.9947670752085696
0.9956983990921001
0.9965387104171498
0.9972879323744303
0.9979459964807512
0.998512842585266
0.9989884188749848
0.9993726818794986
0.9996655964749587
0.9998671358872887
0.9999772816946265
0.9999960238290124
0.9999233605773075
0.9997592985813509
0.9995038528373518
0.9991570466945211
0.9987189118529323
0.9981894883606299
0.997568824609967
0.9968569773331751
0.9960540115971926
0.9951600007976995
0.9941750266524253
0.9930991791936734
0.9919325567600806
0.990675265987652
0.9893274217999856
0.9878891473977929
0.9863605742476287
0.9847418420698583
0.9830330988259193
0.9812345007047585
0.979346212108596
0.9773684056378551
0.9753012620754241
0.9731449703701164
0.9708997276193785
0.9685657390513204
0.9661432180059026
0.9636323859154841
0.9610334722845617
0.9583467146687683
0.9555723586532138
0.9527106578299727
0.9497618737749616
0.9467262760240067
0.9436041420481776
0.940395757228489
0.9371014148297411
0.9337214159737796
0.9302560696119435
0.9267056924967941
0.9230706091532338
0.9193511518487585
0.9155476605631617
0.9116604829574271
0.9076899743419139
0.9036364976439619
0.8995004233746229
0.8952821295948774
0.890982001881043
0.8866004332894911
0.8821378243208088
0.8775945828830873
0.8729711242547287
0.8682678710464485
0.8634852531626035
0.8586237077619944
0.8536836792177938
0.8486656190770275
0.8435699860192596
0.8383972458146184
0.8331478712813304
0.8278223422423782
0.8224211454817507
0.8169447746999027
0.8113937304685775
0.805768520185167
0.8000696580261998
0.7942976649004598
0.7884530684013225
0.7825364027584767
0.7765482087892156
0.7704890338488616
0.7643594317808594
0.758159962866099
0.7518911937716463
0.7455536974990764
0.7391480533319486
0.7326748467829879
0.7261346695405104
0.7195281194142803
0.7128558002810028
0.7061183220289698
0.6993163005024509
0.6924503574453422
0.6855211204442745
0.6785292228713907
0.6714753038262877
0.6643600080777435
0.6571839860047208
0.649947893536853
0.642652392094639
0.6352981485288128
0.6278858350595417
0.6204161292149162
0.6128897137689534
0.6053072766793435
0.5976695110243866
0.5899771149397998
0.5822307915548359
0.5744312489279441
0.5665791999822106
0.558675362440008
0.5507204587575781
0.5427152160588071
0.5346603660689276
0.5265566450475647
0.5184047937213639
0.5102055572164547
0.5019596849901462
0.4936679307625944
0.48533105244783425
0.4769498120844274
0.46852497576598096
0.4600573135709234
0.45154759949228934
0.44299661136689805
0.43440513080417753
0.42577394311489936
0.41710383723919225
0.408395605674608
0.3996500444036059
0.3908679528207171
0.38205013365965745
0.37319739291974413
0.36431053979240613
0.3553903865871411
0.3464377486571858
0.33745344432517366
0.32843829480812287
0.3193931241425588
0.3103187591091129
0.3012160291568686
0.2920857663277342
0.28292880518017277
0.27374598271310846
0.26453813828933925
0.25530611355873156
0.24605075238148041
0.23677290075075652
0.22747340671556968
0.21815312030317027
0.20881289344126824
0.19945357988035634
0.19007603511545001
0.18068111630808517
0.1712696822078852
0.16184259307398224
0.15240071059658064
0.1429448978179691
0.13347601905383016
0.12399493981415274
0.11450252672403478
0.10499964744466611
0.09548717059379352
0.08596596566652175
0.07643690295575198
0.06690085347254701
0.05735868886671417
0.04781128134690471
0.038259503601087465
0.028704228716695097
0.019146330100733633
0.009586681400146863
2.6156421732737503e-05
0
0
0
0
0
0
0
0
0
0
0
0
0
0
0
0
0
0
0
0
0
0
0
0
0
0
0
0
0
0
0
0
0
0
0
0
0
0
0
0
0
0
0
0
0
0
0
0
0
0
0
0
0
0
0
0
0
0
0
0
0
0
0
0
0
0
0
0
0
0
0
0
0
0
0
0
0
0
0
0
0
0
0
0
0
0
0
0
0
0
0
0
0
0
0
0
0
0
0
0
0
0
0
0
0
0
0
0
0
0
0
0
