0
0
0
0
0
0
0
0
0
0
0
0
0
0
0
0
0
0
0
0
0
0
0
0
0
0
0
0
0
0
0
0
0
0
0
0
0
0
0
0
0
0
0
0
0
0
0
0
0
0
0
0
0
0
0
0
0
0
0
0
0
0
0
0
0
0
0
0
0
0
0
0
0
0
0
0
0
0
0
0
0
0
0
0
0
0
0
0
0
0
0
0
0
0
0
0
0
0
0
0
0
0
0
0
0
0
0
0
0
0
0
0
0
0
0
0
0
0
0
0
0
0
0
0
0
0
0
0
0
0
0
0
0
0
0
0
0
0
0
0
0
0
0
0
0
0
0
0
0
0
0
0
0
0
0
0
0
0
0
0
0
0
0
0
0
0
0
0
0
0
0
0
0
0
0
0
0
0
0
0
0
0
0
0
0
0
0
0
0
0
0
0
0
0
0
0
0
0
0
0
0
0
0
0
0
0
0
0
0
0
0
0
0
0
0
0
0
0
0
0
0
0
0
0
0
0
0
0
0
0
0
0
0
0
0
0
0
0
0
0
0
0
0
0
0
0
0
0
0
0
0
0
0
0
0
0
0
0.007955255544181422
0.017346931835770685
0.026737077820876944
0.03612486512238928
0.04550946557130281
0.054890051279664294
0.06426579471377687
0.07363586876708961
0.08299944683319128
0.09235570287873178
0.10170381151629282
0.11104294807720172
0.1203722886842818
0.12969101032453295
0.13899829092176402
0.148293309409002
0.15757524580109347
0.16684328126692932
0.17609659820170812
0.18533438029906352
0.1945558126230768
0.20376008168016876
0.2129463754908641
0.22211388366142248
0.23126179745535735
0.2403893098646699
0.24949561568120773
0.2585799115675877
0.2676413961280921
0.276679269979366
0.28569273582093696
0.29468099850555124
0.3036432651093195
0.31257874500166716
0.32148664991510856
0.3303661940146786
0.3392165939674189
0.34803706901137377
0.35682684102449436
0.3655851345932825
0.37431117708119616
0.38300419869680963
0.3916634325617227
0.4002881147782128
0.40887748449662453
0.4174307839825159
0.42594725868340005
0.4344261572954662
0.44286673182975356
0.45126823767816354
0.4596299336791474
0.46795108218308956
0.47623094911738156
0.4844688040511802
0.4926639202598444
0.50081557478907
0.5089230485185682
0.5169856262256532
0.5250025966482383
0.5329732525476067
0.5408968907708025
0.5487728123126611
0.556600322377474
0.5643787304402821
0.572107350307792
0.5797855001789337
0.5874125027049147
0.5949876850491139
0.6025103789463438
0.6099799207618276
0.6173956515497427
0.6247569171113521
0.6320630680527155
0.6393134598419783
0.64650745286623
0.653644412487951
0.6607237091009132
0.6677447181858509
0.6747068203654691
0.6816094014591045
0.6884518525369074
0.6952335699735599
0.7019539555015262
0.7086124162638311
0.7152083648663595
0.7217412194296955
0.728210403640375
0.7346153468018458
0.7409554838847332
0.7472302555767064
0.7534391083318189
0.7595814944193416
0.7656568719720822
0.771664705034187
0.7776044636084227
0.7834756237029484
0.7892776673774701
0.7950100827890392
0.8006723642371348
0.806264012208293
0.8117845334201731
0.8172334408650735
0.822610253852895
0.8279144980535456
0.8331457055387849
0.838303414823504
0.8433871709064517
0.8483965253103121
0.8533310361213612
0.8581902680283892
0.8629737923611179
0.8676811871280182
0.8723120370535358
0.8768659336147266
0.8813424750772959
0.8857412665310378
0.8900619199246864
0.8943040541000975
0.8984672948259507
0.9025512748307115
0.9065556338350443
0.9104800185835954
0.9143240828761559
0.9180874875982031
0.9217699007508167
0.9253709974799661
0.9288904601051798
0.9323279781475274
0.9356832483570735
0.9389559747395867
0.9421458685826627
0.9452526484811933
0.9482760403621918
0.9512157775089707
0.954071600584671
0.9568432576551407
0.9595305042111668
0.9621331031900143
0.9646508249963874
0.9670834475226512
0.9694307561684338
0.9716925438595577
0.9738686110663082
0.9759587658210342
0.9779628237350841
0.9798806080150718
0.981711949478473
0.9834566865685551
0.9851146653686093
0.9866857396155589
0.9881697707128428
0.9895666277426461
0.99087618747745
0.9920983343909026
0.9932329606680101
0.9942799662146486
0.9952392586663937
0.996110753396671
0.9968943735242118
0.9975900499198513
0.9981977212126156
0.998717333795139
0.9991488418283929
0.9994922072457298
0.9997473997562414
0.9999143968474302
0.9999931837871967
0.9999837536251377
0.9998861071931605
0.9997002531054093
0.9994262077575047
0.9990639953250979
0.9986136477617377
0.9980752047960518
0.9974487139282419
0.9967342304258934
0.9959318173190996
0.9950415453948993
0.9940634931910419
0.992997746989044
0.9918444008065875
0.9906035563892236
0.9892753232013969
0.9878598184167882
0.9863571669079786
0.9847675012354327
0.9830909616358049
0.9813276960095624
0.9794778599079594
0.9775416165192831
0.9755191366544774
0.9734105987320711
0.9712161887624364
0.9689361003313808
0.9665705345830683
0.9641197002022761
0.961583813395984
0.9589630978742933
0.9562577848307239
0.9534681129217709
0.9505943282458825
0.9476366843217423
0.9445954420659038
0.9414708697697738
0.9382632430759431
0.9349728449538715
0.9315999656749236
0.9281449027867623
0.9246079610870891
0.9209894525967981
0.9172896965323867
0.9135090192778369
0.9096477543558125
0.905706242398236
0.9016848311162394
0.8975838752694891
0.8934037366348908
0.8891447839746734
0.8848073930038454
0.8803919463571017
0.8758988335549912
0.871328450969605
0.8666812017895972
0.8619574959846166
0.8571577502691393
0.8522823880657081
0.8473318394675786
0.8423065412007774
0.8372069365855594
0.8320334754973618
0.8267866143270237
0.821466815940586
0.8160745496384437
0.8106102911139447
0.8050745224114252
0.7994677318836853
0.7937904141489074
0.7880430700470219
0.782226206595507
0.776340336944731
0.770385980332578
0.764363662038712
0.7582739133382203
0.7521172714547459
0.7458942795130952
0.7396054864913234
0.7332514471723067
0.7268327220947993
0.7203498775039847
0.7138034853015026
0.7071941229950766
0.7005223736474485
0.6937888258250221
0.68699407354592
0.6801387162275816
0.6732233586338839
0.66624861082179
0.6592150880875319
0.6521234109123303
0.644974204907635
0.6377681007600224
0.6305057341754274
0.6231877458231495
0.6158147812793126
0.608387490969914
0.6009065301134454
0.5933725586630909
0.5857862412485072
0.578148247117192
0.5704592500754208
0.5627199284288983
0.554930964922781
0.5470930466815394
0.5392068651483177
0.5312731160239377
0.5232924992055241
0.5152657187247623
0.50719348268579
0.4990765032027296
0.49091549633684284
0.48271118203346003
0.4744642840583202
0.46617552993382066
0.45784565087481227
0.44947538172409285
0.44106546088758164
0.43261663026917835
0.42412963520531427
0.41560522439920056
0.40704414985475307
0.3984471668103563
0.3898150336720826
0.3811485119468904
0.3724483661754206
0.3637153638645501
0.3549502754196842
0.3461538740767933
0.3373269358341998
0.3284702393841211
0.31958456604394847
0.31067069968742866
0.30172942667535074
0.292761535786283
0.28376781814696167
0.2747490671624995
0.2657060784463936
0.2566396497503378
0.24755058089384752
0.23843967369370075
0.22930773189320428
0.22015556109126114
0.21098396867141359
0.20179376373045135
0.19258575700714567
0.1833607608107001
0.17411958894909058
0.164863056657273
0.15559198052526513
0.14630717842610896
0.13700946944371975
0.12769967380060016
0.1183786127855948
0.10904710868126911
0.09970598469148194
0.09035606486873636
0.08099817404148368
0.07163313774135885
0.06226178213035406
0.052884933927936584
0.043503420338117486
0.0341180689764492
0.024729707797128776
0.015339165019787264
0.005947269056539684
0
0
0
0
0
0
0
0
0
0
0
0
0
0
0
0
0
0
0
0
0
0
0
0
0
0
0
0
0
0
0
0
0
0
0
0
0
0
0
0
0
0
0
0
0
0
0
0
0
0
0
0
0
0
0
0
0
0
0
0
0
0
0
0
0
0
0
0
0
0
0
0
0
0
0
0
0
0
0
0
0
0
0
0
0
0
0
0
0
0
0
0
0
0
0
0
0
0
0
0
0
0
0
0
0
0
0
0
0
0
0
0
0
0
0
0
0
0
0
0
0
0
0
0
0
0
0
0
0
0
0
0
0
0
0
0
0
0
0
0
0
0
0
0
0
0
0
0
0
0
0
0
0
0
0
0
0
0
0
0
0
0
0
0
0
0
0
0
0
0
0
0
0
0
0
0
0
0
0
0
0
0
0
0
0
0
0
0
0
0
0
0
0
0
0
0
0
0
0
0
0
0
0
0
0
0
0
0
0
0
0
0
0
0
0
0
0
0
0
0
0
0
0
0
0
0
0
0
0
0
0
0
0
0
0
0
0
0
0
0
0
0
0
0
0
0
0
0
0
0
0
0
0
0
0
0
0
0
0
0
0
0
0
0
0
0
0
0
0
0
0
0
0
0
0
0
0
0
0
0
0
0
0
0
0
0
0
0
0
0
0
0
0
0
0
0
0
0
0
0
0
0
0
0
0
0
0
0
0
0
0
0
0
0
0
0
0
0
0
0
0
0
0
0
0
0
0
0
0
0
0
0
0
0
0
0.008327343543243883
0.017718974969536276
0.027109043268554935
0.036496720070042225
0.04588117721471295
0.055261586827312616
0.06463712138965073
0.07400695381360253
0.08337025751410114
0.09272620648194364
0.10207397535682981
0.11141273950006006
0.12074167506731152
0.13005995908131576
0.1393667695044599
0.14866128531130487
0.15794268656101446
0.1672101544696885
0.1764628714826222
0.18570002134631694
0.1949207891806562
0.2041243615506805
0.21330992653837472
0.22247667381429362
0.23162379470904731
0.24075048228464013
0.24985593140565696
0.2589393388102903
0.2679999031812022
0.2770368252162422
0.2860493076988501
0.29503655556854924
0.303997775990975
0.3129321784278444
0.32183897470669554
0.33071737909041843
0.3395666083465709
0.3483858818164733
0.35717442148410344
0.36593145204462474
0.37465620097294144
0.3833478985917427
0.39200577813942816
0.4006290758377502
0.4092170309591924
0.41776888589407923
0.4262838862174108
0.4347612807554165
0.4432003216518215
0.4516002644338466
0.45996036807778234
0.4682798950745127
0.4765581114944748
0.4847942870524301
0.49298769517188823
0.501137613049204
0.5092433217173415
0.5173041061092999
0.5253192551211946
0.5332880616750133
0.5412098227808972
0.5490838395993007
0.5569094175025457
0.5646858661361238
0.5724124994795982
0.5800886359071221
0.5877135982475711
0.5952867138442809
0.6028073146143881
0.6102747371077889
0.6176883225655776
0.6250474169782956
0.6323513711435368
0.6395995407232408
0.6467912863005354
