0.9439497629576926
0.948168421682672
0.9522262689298423
0.9561226164792651
0.9598568035017152
0.9634281966707418
0.9668361902701067
0.9700802062964992
0.9731596945575699
0.9760741327652458
0.9788230266243104
0.9814059099162404
0.9838223445782669
0.9860719207776875
0.9881542569813645
0.9900690000204363
0.9918158251502154
0.9933944361052659
0.9948045651496528
0.9960459731223437
0.9971184494777809
0.998021812321584
0.9987559084414013
0.9993206133328941
0.9997158312208544
0.9999414950754475
0.9999975666235802
0.9998840363553931
0.999600923525873
0.9991482761515869
0.998526171002538
0.9977347135891468
0.9967740381443545
0.9956443076008565
0.9943457135634739
0.9928784762766488
0.9912428445870954
0.9894390959015944
0.9874675361399432
0.9853284996830721
0.9830223493163297
0.9805494761679635
0.9779102996427693
0.9751052673509685
0.9721348550322901
0.9689995664752848
0.9656999334318803
0.9622365155271919
0.9586099001646238
0.9548207024262217
0.9508695649683683
0.9467571579127834
0.9424841787328705
0.9380513521354231
0.9334594299377078
0.928709190939975
0.9238014407933419
0.9187370118631734
0.9135167630879042
0.9081415798333631
0.9026123737426113
0.8969300825813202
0.8910956700787493
0.8851101257642578
0.8789744647995036
0.8726897278062626
0.866256980689938
0.859677314458779
0.8529518450388378
0.8460817130847336
0.8390680837861523
0.8319121466702566
0.8246151153999319
0.8171782275679472
0.8096027444870557
0.8018899509760739
0.7940411551419646
0.7860576881580135
0.777940904038008
0.7696921794066274
0.7613129132659557
0.7528045267582082
0.7441684629247017
0.735406186461103
0.7265191834690508
0.717508961204052
0.7083770478198873
0.6991249921094217
0.6897543632419267
0.6802667504969456
0.6706637629947377
0.6609470294234095
0.6511181977626233
0.6411789350041371
0.63113092686907
0.6209758775219989
0.6107155092819287
0.6003515623301725
0.5898857944152573
0.5793199805547387
0.5686559127341987
0.5578953996033105
0.5470402661690863
0.536092353486353
0.5250535183454927
0.5139256329575752
0.5027105846367547
0.4914102754802249
0.4800266220456076
0.46856155502589963
0.4570170189220235
0.44539497171302284
0.4336973845240354
0.4219262412919101
0.41008353842877726
0.39817128448344014
0.38619149980072054
0.374146216178804
0.36203747652462875
0.3498673345074573
0.33763785421049003
0.32535110978084525
0.31300918507776565
0.3006141733191913
0.28816817672674533
0.27567330616917857
0.26313168080441623
0.25054542772006216
0.23791668157269458
0.22524758422580987
0.2125402843865578
0.19979693724131603
0.1870197040901656
0.1742107519803158
0.16137225333862382
0.1485063856030627
0.13561533085347877
0.12270127544149201
0.10976640961968609
0.09681292717013651
0.08384302503232621
0.07085890293059632
0.05786276300098309
0.04485680941778731
0.03184324801972728
0.01882428593582369
0.005802131211065565
0
0
0
0
0
0
0
0
0
0
0
0
0
0
0
0
0
0
0
0
0
0
0
0
0
0
0
0
0
0
0
0
0
0
0
0
0
0
0
0
0
0
0
0
0
0
0
0
0
0
0
0
0
0
0
0
0
0
0
0
0
0
0
0
0
0
0
0
0
0
0
0
0
0
0
0
0
0
0
0
0
0
0
0
0
0
0
0
0
0
0
0
0
0
0
0
0
0
0
0
0
0
0
0
0
0
0
0
0
0
0
0
0
0
0
0
0
0
0
0
0
0
0
0
0
0
0
0
0
0
0
0
0
0
0
0
0
0
0
0
0
0
0
0
0
0
0
0
0
0
0
0
0
0
0
0
0
0
0
0
0
0
0
0
0
0
0
0
0
0
0
0
0
0
0
0
0
0
0
0
0
0
0
0
0
0
0
0
0
0
0
0
0
0
0
0
0
0
0
0
0
0
0
0
0
0
0
0
0
0
0
0
0
0
0
0
0
0
0
0
0
0
0
0
0
0
0
0
0
0
0
0
0
0
0
0
0
0
0
0
0
0.004227819767454107
0.017250210814164772
0.030269676186684392
0.04328400775463666
0.05629099825839257
0.06928844168336978
0.08227413363419177
0.09524587170855825
0.10820145587077745
0.12113868882491124
0.13405537638738496
0.1469493278592105
0.15981835639747727
0.17266027938625983
0.18547291880679426
0.19825410160687515
0.21100166006942392
0.22371343218008286
0.23638726199398108
0.24902100000133182
0.2616125034920081
0.2741596369189512
0.2866602722603639
0.2991122893806417
0.311513576389898
0.32386203000222674
0.33615555589237034
0.3483920690509352
0.3605694941380142
0.37268576583516866
0.38473882919572444
0.3967266399932427
0.40864716506830423
0.42049838267328515
0.432278282815263
0.4439848675969159
0.4556161515553707
0.4671701619989542
0.4786449393417157
0.49003853743585296
0.5013490239017326
0.5125744804556387
0.5237130032351178
0.5347627031218785
0.5457217060622017
0.5565881533847371
0.5673602021158092
0.5780360252919419
0.588613812269728
0.5990917690329177
0.6094681184966886
0.6197411008090423
0.629908973649291
0.6399700125235143
0.649922511057104
0.6597647812841244
0.6694951539336065
0.6791119787126594
0.6886136245863645
0.6979984800544127
0.7072649534243767
0.716411473081728
0.7254364877563453
0.7343384667856224
0.7431159003740734
0.7517672998493964
0.7602911979149656
0.7686861488986504
0.7769507289980608
0.78508353652199
0.7930831921281537
0.8009483390571297
0.8086776433624671
0.8162697941369351
0.8237235037348228
0.8310375079903763
0.8382105664321706
0.8452414624935051
0.8521290037187358
0.8588720219655183
0.8654693736029275
0.8719199397054272
0.8782226262426139
0.8843763642648089
0.890380110084327
0.8962328454524946
0.9019335777323475
0.9074813400669838
0.9128751915435512
0.9181142173528047
0.923197528944295
0.9281242641770452
0.9328935874657781
0.9375046899226331
0.9419567894943552
0.9462491310949377
0.9503809867336681
0.9543516556386248
0.9581604643755108
0.9618067669618744
0.9652899449766693
0.96860940766514
0.9717645920390188
0.9747549629719959
0.9775800132904993
0.9802392638596974
0.9827322636647665
0.9850585898873826
0.9872178479774328
0.9892096717199341
0.9910337232971358
0.9926896933458266
0.9941773010097951
0.9954962939874654
0.9966464485746888
0.9976275697026833
0.9984394909711195
0.9990820746763388
0.9995552118347133
0.9998588222011263
0.9999928542825831
0.9999572853469437
0.999752121426779
0.9993773973183466
0.9988331765756915
0.9981195514998643
0.9972366431232685
0.996184601189133
0.9949636041261146
0.9935738590180371
0.9920156015687666
0.9902890960622432
0.988394635317648
0.9863325406397458
0.9841031617643906
0.9817068767992088
0.979144092159472
0.9764152424991646
0.9735207906372775
0.9704612274792954
0.9672370719339498
0.963848870825208
0.9602971987995301
0.9565826582284089
0.9527058791062004
0.9486675189432937
0.94446826265457
0.940108822443256
0.9355899376801289
0.9309123747781173
0.9260769270623156
0.9210844146354349
0.9159356842387054
0.9106316091082904
0.9051730888271495
0.8995610491724894
0.8937964419587447
0.8878802448761488
0.8818134613249139
0.8755971202450465
0.8692322759418639
0.8627200079071404
0.8560614206360507
0.8492576434398383
0.8423098302542814
0.8352191594439831
0.82798683360251
0.820614079348462
0.8131021471173865
0.8054523109497344
0.7976658682747712
0.7897441396905308
0.781688468739839
0.7735002216824363
0.7651807872632931
0.7567315764770225
0.7481540223286072
0.7394495795903504
0.730619724555143
0.7216659547860809
0.712589788862475
0.7033927661222871
0.6940764464011044
0.6846424097674775
0.6750922562550682
0.6654276055912209
0.655650096922189
0.6457613885352796
0.6357631575774342
0.6256570997709531
0.615444929125723
0.6051283776486703
0.5947091950499444
0.584189148446093
0.5735700220605155
0.5628536169206712
0.5520417505528052
0.5411362566735066
0.5301389848788693
0.5190518003307273
0.5078765834402451
0.4966152295491659
0.4852696486081624
0.47384176485310125
0.4623335164784906
0.45074685530895703
0.43908374646801135
0.4273461680449356
0.41553611075921953
0.40365557762285215
0.3917065836007873
0.37969115526899355
0.36761133047092465
0.35546915797181927
0.3432666971111454
0.3310060174535178
0.31868919843748245
0.3063183290230526
0.29389550733720193
0.2814228403182334
0.2689024433582209
0.25633643994442423
0.24372696129906
0.2310761460177582
0.21838613970704476
0.20565909462022097
0.1928971692925301
0.18010252817498235
0.167277341267175
0.15442378374945126
0.14154403561376094
0.1286402812941534
0.11571470929606766
0.10276951182538249
0.08980688441638758
0.07682902555961375
0.06383813632887948
0.05083642000789863
0.03782608171679713
0.024809328037892757
0.011788366641680936
0
0
0
0
0
0
0
0
0
0
0
0
0
0
0
0
0
0
0
0
0
0
0
0
0
0
0
0
0
0
0
0
0
0
0
0
0
0
0
0
0
0
0
0
0
0
0
0
0
0
0
0
0
0
0
0
0
0
0
0
0
0
0
0
0
0
0
0
0
0
0
0
0
0
0
0
0
0
0
0
0
0
0
0
0
0
0
0
0
0
0
0
0
0
0
0
0
0
0
0
0
0
0
0
0
0
0
0
0
0
0
0
0
0
0
0
0
0
0
0
0
0
0
0
0
0
0
0
0
0
0
0
0
0
0
0
0
0
0
0
0
0
0
0
0
0
0
0
0
0
0
0
0
0
0
0
0
0
0
0
0
0
0
0
0
0
0
0
0
0
0
0
0
0
0
0
0
0
0
0
0
0
0
0
0
0
0
0
0
0
0
0
0
0
0
0
0
0
0
0
0
0
0
0
0
0
0
0
0
0
0
0
0
0
0
0
0
0
0
0
0
0
0
0
0
0
0
0
0
0
0
0
0
0
0
0
0
0
0
0
0
0
0.01126435230241038
0.024285436798698188
0.03730240243074366
0.05031304149221727
0.06331514734967635
0.07630651481704219
0.08928494052937755
0.10224822331680901
0.11519416457765197
0.12812056865138358
0.14102524319111606
0.1539059995352263
0.16676065307878302
0.17958702364383575
0.19238293584940236
0.2051462194801945
0.21787470985491447
0.2305662481931946
0.2432186819818154
0.25582986533985896
0.2683976593824621
0.28091993258379605
0.2933945611383859
0.3058194293213955
0.31819242984753987
0.3305114642282961
0.34277444312802746
0.3549792867181245
0.3671239250299628
0.37920629830576097
0.39122435734813216
0.40317606386744775
0.41505939082761567
0.426872322789947
0.43861285625479807
0.45027900000157456
0.46186877542626714
0.4733802168771048
0.4848113719880085
0.49616030200954114
0.5074250821379236
0.5186038018412874
0.529694565183902
0.5406954911475346
0.5516047139506682
0.5624203833647745
0.5731406650281892
0.5837637407572931
0.5942878088547171
0.6047110844150994
0.6150317996276481
0.6252482040760359
0.6353585650353402
0.6453611677657619
0.6552543158036258
0.665036331248929
0.6747055550500908
0.6842603472851588
0.6936990874401142
0.7030201746835665
0.712222028138322
0.7213030871495641
0.7302618115494028
0.7390966819182498
0.7478061998423589
0.7563888881681142
0.7648432912524258
0.7731679752096672
0.7813615281549198
0.7894225604433046
0.7973497049058125
0.8051416170810383
0.8127969754433425
0.8203144816268659
0.8276928606457872
0.8349308611106101
0.8420272554402907
0.8489808400705635
0.8557904356579453
0.8624548872798753
0.8689730646304882
0.8753438622123624
0.8815661995240551
0.8876390212432614
0.8935612974059077
0.8993320235807302
0.9049502210397316
0.9104149369240869
0.91572524440579
0.920880242844878
0.9258790579421028
0.9307208418873031
0.9354047735031082
0.939930058384296
0.9442959290324532
0.9485016449861772
0.9525464929466859
0.9564297868987317
0.9601508682270212
0.9637091058278505
0.9671038962162065
0.9703346636280645
0.9734008601180634
0.9763019656524572
0.979037488197268
0.9816069638017867
0.9840099566772119
0.9862460592706063
0.9883148923339802
0.9902161049886306
0.9919493747846617
0.9935144077556451
0.9949109384685073
0.9961387300685203
0.9971975743194972
0.9980872916390902
0.9988077311292571
0.999358770601858
0.9997403165993672
0.999952304410735
0.9999946980823551
0.9998674904241663
0.9995707030108719
0.9991043861782771
0.9984686190147567
0.9976635093478409
0.99668919372592
0.9955458373950997
0.9942336342711572
0.9927528069066697
