0.97520984053438
0.9803331138153345
0.9848691698369975
0.988815291512337
0.9921691151236338
0.9949286317383303
0.9970921884123821
0.9986584891803615
0.9996265958317461
0.9999959284728993
0.9997662658744262
0.9989377456036903
0.9975108639424104
0.9954864755893891
0.9928657931485483
0.9896503864025893
0.9858421813726868
0.9814434591648128
0.976456854603355
0.9708853546528747
0.9647322966289054
0.9580013661989187
0.9506965951746116
0.942822359096878
0.9343833746148439
0.9253846966606226
0.9158317154214123
0.9057301531108087
0.8950860605411793
0.8839058134992627
0.8721961089270746
0.8599639609104827
0.8472166964777451
0.8339619512106637
0.8202076646708739
0.8059620756440978
0.7912337172050832
0.7760314116063424
0.760364264993627
0.7442416619514045
0.7276732598814588
0.7106689832181659
0.6932390174837605
0.6753938031872735
0.6571440295706302
0.6385006282058594
0.619474766447086
0.6000778407413564
0.5803214698021266
0.5602174876497241
0.539777936522774
0.5190150596649739
0.49794129399134796
0.4765692626386112
0.4549117674039153
0.43298178107665214
0.41079243966770806
0.3883570345410735
0.36568900445232155
0.3428019274988769
0.31970951298668837
0.2964255932184388
0.2729641152080012
0.2493391323262643
0.22556479588311443
0.20165534665088797
0.17762510633415432
0.15348846899110402
0.12925989241145744
0.10495388945633824
0.08058501936507503
0.056167879034307526
0.031717094274394377
0.007247311048643322
0
0
0
0
0
0
0
0
0
0
0
0
0
0
0
0
0
0
0
0
0
0
0
0
0
0
0
0
0
0
0
0
0
0
0
0
0
0
0
0
0
0
0
0
0
0
0
0
0
0
0
0
0
0
0
0
0
0
0
0
0
0
0
0
0
0
0
0
0
0
0
0
0
0
0
0
0
0
0
0
0
0
0
0
0
0
0
0
0
0
0
0
0
0
0
0
0
0
0
0
0
0
0
0
0
0
0
0
0
0
0
0
0
0
0
0
0
0
0
0
0
0
0
0
0
0
0
0
0.008440025649533752
0.03290922270411416
0.05735870721069484
0.08177383398483093
0.10613997842223703
0.1304425452589763
0.15466697731393284
0.1787987642085437
0.2028234510584958
0.22672664713211238
0.2504940344704515
0.2741113764636881
0.2975645263787693
0.3208394358333572
0.3439221632107221
0.3667988820107524
0.38945588913200907
0.4118796130797994
0.43405662209554935
0.455973632202356
0.47761751516202106
0.4989753063389116
0.5200342124656956
0.5407816193064922
0.5612050992127813
0.5812924185674894
0.6010315451129684
0.6204106551582539
0.6394181406613956
0.658042616182715
0.6762729257046124
0.6940981493140167
0.7115076097433471
0.7284908787662338
0.7450377834439591
0.7611384122190448
0.776783120852214
0.7919625381993249
0.806667571824626
0.8208894134471223
0.8346195442166818
0.8478497398168571
0.8605720753911981
0.872778930290238
0.884462992636217
0.8956172637029218
0.9062350621078787
0.9163100278144984
0.9258361259417004
0.9348076503788277
0.9432192272035702
0.9510658179009421
0.9583427223813227
0.9650455817958266
0.9711703811472254
0.9767134516949296
0.9816714731525433
0.9860414756767268
0.9898208416461135
0.9930073072292632
0.9955989637406855
0.9975942587841484
0.9989919971825534
0.9997913416938449
0.9999918135125154
0.9995932925564116
0.998596017538661
0.9970005858246829
0.994807953074372
0.9920194326696546
0.9886366949277796
0.9846617661007988
0.9800970271618561
0.9749452123789766
0.969209407677255
0.9628930487903881
0.9559999192026928
0.9485341478827857
0.9405002068103556
0.9319029082974486
0.9227474021059249
0.9130391723627335
0.9027840342749526
0.8919881306464825
0.8806579281985464
0.8688002136961007
0.8564220898826044
0.8435309712254777
0.8301345794748841
0.8162409390383746
0.801858372174316
0.7869954940068615
0.7716612073655458
0.7558646974524595
0.7396154263403683
0.7229231273049352
0.7057977989945501
0.688249699441104
0.6702893399154911
0.6519274786313606
0.6331751143010154
0.6140434795471443
0.5945440341745503
0.5746884583057309
0.5544886453845594
0.5339566950520693
0.5131049058988443
0.4919457680981662
0.47049195592448073
0.4487563201614617
0.4267518804044712
0.40449181726182637
0.381989464459698
0.3592583008551615
0.3363119423624449
0.3131641337970008
0.2898287406424484
0.26631974074509973
0.2426512159413164
0.2188373436224945
0.19489238824289587
0.17083069277518995
0.14666667011910176
0.12241479446809048
0.09808959263939754
0.0737056353724324
0.04927752860098964
0.024819904704300375
0.0003474137423277979
0
0
0
0
0
0
0
0
0
0
0
0
0
0
0
0
0
0
0
0
0
0
0
0
0
0
0
0
0
0
0
0
0
0
0
0
0
0
0
0
0
0
0
0
0
0
0
0
0
0
0
0
0
0
0
0
0
0
0
0
0
0
0
0
0
0
0
0
0
0
0
0
0
0
0
0
0
0
0
0
0
0
0
0
0
0
0
0
0
0
0
0
0
0
0
0
0
0
0
0
0
0
0
0
0
0
0
0
0
0
0
0
0
0
0
0
0
0
0
0
0
0
0
0
0
0
0
0
0.015339484972119432
0.03980460793512847
0.06424588803040648
0.0886486849878894
0.11299838158886592
0.1372803924216149
0.16148017261799094
0.1855832265658513
0.20957511659183733
0.2334414716095354
0.2571679957276689
0.28074047681338693
0.30414479500524366
0.3273669311709896
0.3503929753049455
0.3732091348601446
0.39580174300998194
0.4181572668346383
0.4402623154272159
0.4621036479149385
0.48366818139035167
0.5049429987479787
0.5259153564215878
0.5465726920176333
0.5669026318400499
0.5868929983020922
0.6065318172206345
0.6258073249887489
0.6447079756220309
0.6632224476746403
0.6813396510207785
0.6990487334977115
0.716339087406148
0.7332003558642469
0.7496224390113261
0.765595500057715
0.7811099711769289
0.7961565592367935
0.8107262513659745
0.8248103203527197
0.8384003298724028
0.8514881395408784
0.864065909790524
0.8761261065661675
0.8876615058379385
0.8986651979284593
0.9091305916517004
0.919051418261124
0.9284217352046227
0.9372359296841056
0.945488722017532
0.9531751688014585
0.9602906658721059
0.9668309510632516
0.9727921067592418
0.9781705622416577
0.9829630958281516
0.9871668368022336
0.9907792671328145
0.9937982229825152
0.9962218960037903
0.9980488344221278
0.9992779439056542
0.9999084882206434
0.9999400896725147
0.9993727293320712
0.9982067470468405
0.9964428412375043
0.9940820684795474
0.9911258428703693
0.9875759351822504
0.983434471801653
0.9787039334555276
0.9733871537253582
0.9674873173498661
0.9610079583173406
0.9539529577488003
0.9463265415732025
0.9381332779961403
0.929378074763471
0.9200661762216057
0.9102031601761468
0.8997949345508199
0.8888477338486058
0.8773681154173107
0.8653629555217176
0.8528394452247474
0.8398050860799873
0.8262676856383052
0.81223535277113
0.7977164928132886
0.7827198025281817
0.7672542648984748
0.7513291437452947
0.73495397817926
0.71813857688652
0.7008930122534115
0.6832276143331031
0.6651529646579585
0.6466798899011622
0.6278194553916074
0.608582958485769
0.5889819218006576
0.5690280863117317
0.5487334043201261
0.5281100322932263
0.5071703235830226
0.4859268210264082
0.4643922494320969
0.4425795079584676
0.4205016623870492
0.3981719372960719
0.3756037081390126
0.3528104932327696
0.3298059456601434
0.30660384509172395
0.2832180895318873
0.25966268699390904
0.23595174710925207
0.21209947267584775
0.18812015115069378
0.16402814609174263
0.13983788855408022
0.11556386844581297
0.09122062584863268
0.06682274230832708
0.042384832100524523
0.017921533476691787
0
0
0
0
0
0
0
0
0
0
0
0
0
0
0
0
0
0
0
0
0
0
0
0
0
0
0
0
0
0
0
0
0
0
0
0
0
0
0
0
0
0
0
0
0
0
0
0
0
0
0
0
0
0
0
0
0
0
0
0
0
0
0
0
0
0
0
0
0
0
0
0
0
0
0
0
0
0
0
0
0
0
0
0
0
0
0
0
0
0
0
0
0
0
0
0
0
0
0
0
0
0
0
0
0
0
0
0
0
0
0
0
0
0
0
0
0
0
0
0
0
0
0
0
0
0
0
0
0
0.022238213993047293
0.04669809809785565
0.07113001015032899
0.09551931549183917
0.11985140498512153
0.14411170376505747
0.16828567996899904
0.19235885344133483
0.21631680440701376
0.24014518210904073
0.26382971340450445
0.28735621131411593
0.31071058352025877
0.3338788408081997
0.3568471054456091
0.3796016194953041
0.40212875305616796
0.4244150124275087
0.4464470481917139
0.46821166321048346
0.4896958205299614
0.5108866511897897
0.5317714619315985
0.5523377428022501
0.5725731746472246
0.5924656364898361
0.6120032127916334
0.631174200589746
0.6499671165070009
0.6683707036303919
0.6863739382539565
0.7039660364819609
0.7211364606883867
0.7378749258290062
0.7541714056020686
0.7700161384540041
0.7853996334266277
0.8003126758421644
0.8147463328228285
0.8286919586416048
0.842141199900987
0.8550860005366918
0.8675186066431975
0.8794315711182945
0.890817758123926
0.9016703473605093
0.9119828381522862
0.9217490533412188
0.9309631429870702
0.9396195878715393
0.9477132028042412
0.9552391397286112
0.9621928906259085
0.9685702902154888
0.9743675184498035
0.9795811028026015
0.9842079203489529
0.9882451996358921
0.9916905223425005
0.9945418247284716
0.9967973988702977
0.9984558936843042
0.9995163157359478
0.9999780298348814
0.9998407594154312
0.99910458670226
0.9977699526611132
0.9958376567346846
0.9933088563637474
0.9901850662938535
0.9864681576680023
0.9821603569058294
0.9772642443699954
0.9717827528205406
0.9657191656581738
0.9590771149575354
0.9518605792915723
0.9440738813483945
0.9357216853419932
0.9268089942183806
0.9173411466588592
0.9073238138821322
0.8967629962472707
0.8856650196595331
0.8740365317811251
0.8618844980492898
0.8492161975040211
0.8360392184279279
0.8223614538009014
0.808191096572192
0.7935366347528742
0.7784068463315736
0.7628107940164222
0.7467578198065495
0.73025753939624
0.7133198364151433
0.6959548565080432
0.6781730012575808
0.6599849219537595
0.6414015132138787
0.6224339064566213
0.6030934632344007
0.5833917684278075
0.5633406233062809
0.5429520384592225
0.522238226601611
0.5012115952586491
0.4798847393337216
0.45827043356400415
0.4363816248684744
0.4142314245927253
0.39183310065528626
0.3692000696002234
0.3463458885605822
0.3232842471377352
0.30002895920138284
0.2765939546149977
0.25299327089192175
0.22924104478691523
0.20535150382825937
0.1813389577955557
0.15721779014811788
0.1330024494093544
0.10870744051217912
0.08434731611050557
0.05993666786229737
0.035490117689184954
0.011022309017954183
0
0
0
0
0
0
0
0
0
0
0
0
0
0
0
0
0
0
0
0
0
0
0
0
0
0
0
0
0
0
0
0
0
0
0
0
0
0
0
0
0
0
0
0
0
0
0
0
0
0
0
0
0
0
0
0
0
0
0
0
0
0
0
0
0
0
0
0
0
0
0
0
0
0
0
0
0
0
0
0
0
0
0
0
0
0
0
0
0
0
0
0
0
0
0
0
0
0
0
0
0
0
0
0
0
0
0
0
0
0
0
0
0
0
0
0
0
0
0
0
0
0
0
0
0
0
0
0
0.004664951212407117
0.029135884268840652
0.053589364998251426
0.07801074582242383
0.10238539839095356
0.12669872234355287
0.15093615405559024
0.1750831753617524
0.19912532225233529
0.22304819353716615
0.246837459471897
0.2704788703414331
0.29395826499556177
0.3172615793314071
0.34037485471775436
0.36328424635631906
0.38597603157469473
0.40843661804621545
0.4306525519317408
0.45261052593842255
0.47429738729082
0.4957001456093424
0.5168059806914193
0.5376022501908471
0.558076497190475
0.5782164576638821
0.5980100678215117
0.617445471336808
0.6365110264481972
