0.2727084345219423
0.26591798236171826
0.25911430977512784
0.2522977550148384
0.24546865697386008
0.23862735516891695
0.23177418972337513
0.22490950135041538
0.21803363133617745
0.2111469215226266
0.20424971429064132
0.19734235254307508
0.19042517968751382
0.1834985396194257
0.1765627767048689
0.1696182357634545
0.16266526205128765
0.15570420124360654
0.148735399417821
0.1417592030361106
0.1347759589282838
0.1277860142746197
0.12078971658841009
0.11378741369890819
0.10677945373383826
0.09976618510217279
0.09274795647689563
0.08572511677749778
0.07869801515271517
0.07166700096325536
0.06463242376423037
0.05759463328800479
0.05055397942661008
0.04351081221443417
0.03646548181090439
0.029418338482880127
0.022369732587466013
0.015320014554394764
0.008269534868690295
0.001218644053328248
0
0
0
0
0
0
0
0
0
0
0
0
0
0
0
0
0
0
0
0
0
0
0
0
0
0
0
0
0
0
0
0
0
0
0
0
0
0
0
0
0
0
0
0
0
0
0
0
0
0
0
0
0
0
0
0
0
0
0
0
0
0
0
0
0
0
0
0
0
0
0
0
0
0
0
0
0
0
0
0
0
0
0
0
0
0
0
0
0
0
0
0
0
0
0
0
0
0
0
0
0
0
0
0
0
0
0
0
0
0
0
0
0
0
0
0
0
0
0
0
0
0
0
0
0
0
0
0
0
0
0
0
0
0
0
0
0
0
0
0
0
0
0
0
0
0
0
0
0
0
0
0
0
0
0
0
0
0
0
0
0
0
0
0
0
0
0
0
0
0
0
0
0
0
0
0
0
0
0
0
0
0
0
0
0
0
0
0
0
0
0
0
0
0
0
0
0
0
0
0
0
0
0
0
0
0
0
0
0
0
0
0
0
0
0
0
0
0
0
0
0
0
0
0
0
0
0
0
0
0
0
0
0
0
0
0
0
0
0
0
0
0
0
0
0
0
0
0
0
0
0
0
0
0
0
0
0
0
0
0
0
0
0
0
0
0
0
0
0
0
0
0
0
0
0
0
0
0
0
0
0
0
0
0
0
0
0
0
0
0
0
0
0
0
0
0
0
0
0
0
0
0
0
0
0
0
0
0
0
0
0
0
0
0
0
0
0
0
0
0
0
0
0
0
0
0
0
0
0
0
0
0
0
0
0
0
0
0
0
0
0
0
0
0
0
0
0
0
0
0
0
0
0
0
0
0
0
0
0
0
0
0
0
0
0
0
0
0
0
0
0
0
0
0
0
0
0
0
0
0
0
0
0
0
0
0
0
0
0
0
0
0
0
0
0
0
0
0
0
0
0
0
0
0
0
0
0
0
0
0
0
0
0
0
0
0
0
0
0
0
0
0
0
0
0
0
0
0
0
0
0
0
0
0
0
0
0
0
0
0
0
0
0
0
0
0.0019279078121739444
0.008978773128711474
0.016029192054917422
0.023078814070950554
0.03012728869647529
0.03717426550828518
0.04421939415763934
0.051262324387595246
0.058302706050620975
0.06534018912577609
0.072374423736312
0.07940506016698133
0.08643174888133943
0.09345414053929207
0.10047188601437819
0.1074846364110423
0.1144920430821783
0.12149375764623661
0.1284894320047423
0.13547871835951625
0.14246126922988195
0.14943673747013814
0.15640477628659233
0.16336503925499896
0.1703171803376978
0.1772608539007337
0.18419571473120838
0.19112141805435878
0.19803761955061436
0.20494397537291076
0.21184014216356148
0.21872577707152327
0.2256005377693577
0.23246408247016745
0.23931606994478238
0.24615615953850303
0.25298401118823
0.25979928543928743
0.26660164346221743
0.27339074706978994
0.2801662587337337
0.28692784160143503
0.2936751595128758
0.30040787701712834
0.3071256593892229
0.3138281726467073
0.32051508356617037
0.32718605969999753
0.33384076939268315
0.3404788817975076
0.34710006689290496
0.3537039954987901
0.360290339293085
0.366858770827961
0.3734089635460389
0.37994059179680995
0.386453330852614
0.3929468569249688
0.3994208471805878
0.4058749797573523
0.4123089337804961
0.41872238937834927
0.4251150276984235
0.43148653092318545
0.4378365822857811
0.4441648660859636
0.45047106770558387
0.45675487362441125
0.4630159714356432
0.46925404986136204
0.4754687987681617
0.48165990918249035
0.48782707330593683
0.4939699845307078
0.5000883374546721
0.5061818278967177
0.5122501529118001
0.5182930108059302
0.5243101011513444
0.530301124801246
0.536265783904848
0.5422037819221072
0.5481148236383958
0.5539986151793227
0.5598548640252706
0.5656832790258692
0.5714835704146349
0.5772554498231888
0.5829986302957573
0.588712826303368
0.594397753757976
0.6000531300267493
0.6056786739459364
0.611274105835005
0.6168391475104767
0.6223735222996921
0.6278769550547211
0.6333491721658645
0.6387899015754126
0.644198872791103
0.6495758168995043
0.654920466579516
0.6602325561155926
0.6655118214108906
0.6707580000005474
0.6759708310645606
0.6811500554409026
0.6862954156383415
0.6914066558491809
0.6964835219621225
0.7015257615747346
0.7065331240061442
0.7115053603094385
0.7164422232839809
0.7213434674878222
0.7262088492498416
0.7310381266818033
0.7358310596905192
0.7405874099896292
0.745306941111584
0.7499894184193425
0.7546346091179811
0.7592422822663993
0.7638122087886513
0.768344161485465
0.7728379150454815
0.7772932460564025
0.7817099330162066
0.7860877563441065
0.7904264983914134
0.7947259434524806
0.7989858777752877
0.8032060895721899
0.8073863690303932
0.8115265083223372
0.8156263016161439
0.8196855450857181
0.8237040369209963
0.8276815773379301
0.8316179685883712
0.835513014969999
0.8393665228360007
0.8431783006046538
0.8469481587689585
0.8506759099059363
0.8543613686860553
0.8580043518823969
0.8616046783797228
0.8651621691835807
0.8686766474290881
0.8721479383898255
0.8755758694864796
0.8789602702953825
0.882300972557081
0.885597810184592
0.8888506192717559
0.8920592381013425
0.8952235071530537
0.8983432691115322
0.9014183688741425
0.9044486535586457
0.9074339725108868
0.9103741773121865
0.9132691217868051
0.9161186620091729
0.9189226563110114
0.9216809652884573
0.9243934518089021
0.9270599810178881
0.9296804203457792
0.9322546395143203
0.934782510543188
0.93726390775627
0.9396987077879859
0.9420867895893877
0.9444280344341511
0.9467223259245352
0.9489695499971394
0.9511695949285488
0.9533223513409508
0.9554277122075021
0.9574855728577113
0.9594958309826154
0.9614583866398428
0.9633731422586387
0.9652400026446522
0.9670588749847236
0.968829668851475
0.9705522962077849
0.9722266714112087
0.973852711218213
0.9754303347882971
0.9769594636880555
0.9784400218950283
0.9798719358015228
0.9812551342182547
0.982589548377871
0.9838751119384078
0.9851117609865448
0.9862994340408205
0.9874380720546717
0.9885276184193565
0.9895680189667961
0.9905592219722534
0.991501178156893
0.992393840690259
0.9932371651925731
0.9940311097369657
0.9947756348515499
0.9954707035213746
0.9961162811902864
0.9967123357626243
0.9972588376048345
0.9977557595469346
0.99820307688386
0.9986007673767033
0.9989488112538137
0.9992471912117762
0.9994958924162815
0.9996949025028535
0.9998442115774723
0.999943812217061
0.9999936994698556
0.9999938708556529
0.9999443263659322
0.9998450684638565
0.9996961020841485
0.9994974346328491
0.9992490759869446
0.9989510384938767
0.9986033369709336
0.9982059887045043
0.9977590134492298
0.997262433427011
0.9967162733259075
0.9961205602989178
0.9954753239626132
0.9947805963956848
0.9940364121373314
0.993242808185548
0.9923998239952984
0.9915075014765296
0.990565884992116
0.9895750213556289
0.9885349598290192
0.9874457521201816
0.9863074523803588
0.9851201172014609
0.9838838056132672
0.9825985790804576
0.9812645014995962
0.9798816391959195
0.9784500609200533
0.9769698378446124
0.9754410435606224
0.9738637540739077
0.9722380478012704
0.9705640055666102
0.9688417105969255
0.9670712485181299
0.9652527073508494
0.9633861775059974
0.9614717517803003
0.9595095253517079
0.9574995957746153
0.9554420629750354
0.9533370292456562
0.9511845992406971
0.9489848799707733
0.9467379807975161
0.9444440134281605
0.9421030919100201
0.9397153326247519
0.9372808542826465
0.9347997779166582
0.9322722268764166
0.9296983268221252
0.9270782057182526
0.9244119938272014
0.9216998237028637
0.9189418301839567
0.9161381503874052
0.9132889237014483
0.9103942917787419
0.9074543985293515
0.9044693901135162
0.9014394149344764
0.8983646236310123
0.89524516906999
0.8920812063387995
0.88887289273757
0.8856203877713854
0.8823238531423951
0.8789834527416824
0.8755993526412225
0.8721717210855324
0.8687007284833466
0.8651865473991865
0.8616293525446842
0.8580293207700087
0.8543866310549745
0.850701464500185
0.8469740043180745
0.8432044358237105
0.8393929464256242
0.8355397256165403
0.8316449649638479
0.827708858100201
0.8237316007137822
0.8197133905386202
0.815654427344809
0.8115549129284613
0.8074150511018079
0.803235047682949
0.7990151104856708
0.7947554493091658
0.7904562759274824
0.7861178040791338
0.7817402494563512
0.7773238296944115
0.7728687643608709
0.768375274944543
0.7638435848445392
0.7592739193592175
0.7546665056748543
0.7500215728544956
0.7453393518264403
0.7406200753728139
0.7358639781180532
0.7310712965171081
0.7262422688438396
0.7213771351790386
0.7164761373985473
0.7115395191612943
0.7065675258970621
0.7015604047943435
0.6965184047881141
0.6914417765473144
0.6863307724625498
0.6811856466334003
0.676006654855848
0.6707940546096233
0.6655481050452573
0.6602690669713667
0.6549572028415385
0.6496127767413457
0.6442360543752825
0.638827303053404
0.6333867916782091
0.6279147907311204
0.6224115722591009
0.6168774098611964
0.6113125786748
0.6057173553620393
0.6000920180960901
0.5944368465471885
0.5887521218689081
0.5830381266840228
0.5772951450705238
0.5715234625475665
0.5657233660611128
0.5598951439698521
0.5540390860307005
0.5481554833844667
0.5422446285414474
0.5363068153667438
0.5303423390657218
0.5243514961694083
0.5183345845195801
0.5122919032541499
0.5062237527921242
0.5001304348187405
0.4940122522705427
0.4878695093201476
0.4817025113613204
0.47551156499361846
0.46929697800722214
0.4630590593677082
0.45679811920053903
0.45051446877571905
0.44420842049239595
0.43788028786315203
0.4315303854986205
0.4251590290916664
0.41876653540176745
0.41235322223934356
0.40591940844977614
0.39946541389776297
0.39299155945123465
0.38649816696547934
0.37998555926722066
0.3734540601384105
0.36690399430021037
0.36033568739692684
0.3537494659796368
0.34714565749016435
0.3405245902446162
0.333886593417138
0.32723199702363
0.3205611319051521
0.3138743297116909
0.30717192288548234
0.3004542446445652
0.29372162896629583
0.2869744105705545
0.2802129249033214
0.2734375081198095
0.26664849706783333
0.25984622927114476
0.2530310429124882
0.2462032768168695
0.23936327043479344
0.23251136382519505
0.2256478976387535
0.2187732131007632
0.21188765199425189
0.20499155664307206
0.19808526989468755
0.19116913510335076
0.1842434961128377
0.1773086972394367
0.17036508325491434
0.16341299936920703
0.15645279121334218
0.14948480482233908
0.1425093866178088
0.13552688339095628
0.12853764228514233
0.12154201077870927
0.11454033666779034
0.10753296804882112
0.10052025330145938
0.09350254107106716
0.08648018025146226
0.07945351996765747
0.07242290955830527
0.06538869855855663
0.058351236682485076
0.051310873805785265
0.04426795994846366
0.03722284525726659
0.030175879988357423
0.023127414489988393
0.016077799184883775
0.009027384553045508
0.001976521114129746
0
0
0
0
0
0
0
0
0
0
0
0
0
0
0
0
0
0
0
0
0
0
0
0
0
0
0
0
0
0
0
0
0
0
0
0
0
0
0
0
0
0
0
0
0
0
0
0
0
0
0
0
0
0
0
0
0
0
0
0
0
0
0
0
0
0
0
0
0
0
