0
0
0
0
0
0
0
0
0
0
0
0
0
0
0
0
0
0
0
0
0
0
0
0
0
0
0
0
0
0
0
0
0
0
0
0
0
0
0
0
0
0
0
0
0
0
0
0
0
0
0
0
0
0
0
0
0
0
0
0
0
0
0
0
0
0
0
0
0
0
0
0
0
0
0
0
0
0
0
0
0
0
0
0
0
0
0
0
0
0
0
0
0
0
0
0
0
0
0
0
0
0
0
0
0
0
0
0
0
0
0
0
0
0
0
0
0
0
0
0
0
0
0
0
0
0
0
0
0
0
0
0
0
0
0
0
0
0
0
0
0
0
0
0
0
0
0
0
0
0
0
0
0
0
0
0
0
0
0
0
0
0
0
0
0
0
0
0
0
0
0
0
0
0
0
0
0
0
0
0
0
0
0
0
0
0
0
0
0
0
0
0
0
0
0
0
0
0
0
0
0
0
0
0
0
0
0
0
0
0
0
0
0
0
0
0
0
0
0
0
0
0
0
0
0
0
0
0
0
0
0
0
0
0
0
0
0
0
0
0.002484638797456621
0.00877206068186689
0.015059135781077124
0.021345615548582355
0.02763125146141282
0.03391579503004404
0.040198997808021476
0.04648061140200955
0.052760387481412596
0.0590380777882773
0.06531343414719218
0.07158620847490002
0.07785615279033235
0.08412301922418594
0.09038656002894858
0.0966465275884949
0.10290267442796044
0.10915475322360983
0.1154025168124163
0.12164571820205879
0.12788411058048865
0.13411744732577158
0.14034548201592173
0.1465679684384464
0.15278466060030474
0.15899531273740738
0.16519967932455734
0.17139751508495943
0.17758857500000133
0.1837726143190237
0.18994938856879995
0.19611865356342473
0.20228016541377172
0.20843368053721928
0.21457895566736312
0.2207157478634389
0.22684381452014846
0.23296291337702885
0.2390728025282513
0.2451732404319906
0.25126398592005716
0.25734479820751355
0.26341543690200075
0.26947566201346157
0.2755252339634085
0.2815639135946142
0.28759146218037446
0.29360764143402807
0.29961221351845835
0.3056049410553054
0.3115855871345673
0.3175539153237762
0.3235096896774268
0.32945267474638434
0.3353826355870044
0.3412993377706356
0.3472025473926732
0.35309203108201953
0.35896755601012326
0.36482888990026396
0.3706758010368139
0.3765080582742132
0.38232543104631905
0.3881276893753359
0.39391460388098687
0.39968594578965944
0.4054414869432672
0.4111809998084779
0.41690425748550053
0.42261103371726294
0.42830110289817497
0.43397424008312546
0.43963022099645144
0.4452688220406251
0.4508898203052981
0.4564929935759346
0.4620781203426734
0.4676449798091603
0.4731933519010998
0.47872301727515715
0.48423375732742857
0.48972535420228364
0.4951975908008027
0.5006502507894351
0.5060831186086248
0.5114959794811593
0.5168886194208577
0.5222608252408341
0.5276123845621199
0.532943085821891
0.538252718281903
0.5435410720368955
0.5488079380227212
0.554053108024803
0.5592763746861977
0.5644775315158662
0.5696563728969056
0.5748126940945146
0.5799462912642738
0.5850569614600183
0.5901445026420461
0.5952087136849433
0.6002493943856054
0.6052663454712194
0.6102593686069822
0.6152282664041232
0.6201728424275497
0.6250929012036798
0.629988248228237
0.6348586899737838
0.6397040338975498
0.6445240884488669
0.6493186630769173
0.6540875682381139
0.6588306154036587
0.6635476170670608
0.6682383867513983
0.6729027390168616
0.6775404894679139
0.6821514547607506
0.6867354526103993
0.6912923017979904
0.695821822177982
0.7003238346851379
0.7047981613417701
0.7092446252646322
0.7136630506719736
0.7180532628905484
0.7224150883623808
0.7267483546517852
0.7310528904520257
0.7353285255922446
0.7395750910440535
0.7437924189282743
0.7479803425216328
0.7521386962632163
0.7562673157611703
0.7603660377990659
0.7644347003424081
0.7684731425450975
0.7724812047556595
0.7764587285237025
0.7804055566060363
0.7843215329730331
0.7882065028146698
0.7920603125467025
0.7958828098167902
0.7996738435103952
0.8034332637568963
0.8071609219353927
0.8108566706806316
0.8145203638888839
0.8181518567236028
0.8217510056212823
0.825317668297002
0.8288517037501815
0.8323529722700411
0.8358213354411752
0.8392566561490694
0.8426587985854123
0.8460276282535885
0.8493630119738723
0.8526648178888153
0.8559329154683524
0.8591671755150083
0.8623674701690481
0.8655336729134302
0.8686656585789235
0.8717633033489552
0.8748264847645489
0.8778550817292075
0.8808489745136026
0.8838080447604186
0.8867321754889229
0.8896212510996974
0.8924751573791152
0.8952937815038975
0.8980770120456096
0.9008247389749788
0.9035368536663435
0.9062132489018611
0.908853818875784
0.9114584591986781
0.9140270669014657
0.9165595404395912
0.9190557796969419
0.9215156859898977
0.9239391620711532
0.9263261121335962
0.9286764418141276
0.9309900581973158
0.933266869819156
0.9355067866706115
0.9377097202012046
0.9398755833225464
0.9420042904117101
0.9440957573146945
0.9461499013496737
0.9481666413103416
0.9501458974690564
0.9520875915800219
0.9539916468824051
0.9558579881033111
0.9576865414608267
0.9594772346668703
0.9612299969301156
0.9629447589587329
0.9646214529631538
0.9662600126587731
0.9678603732685163
0.9694224715254597
0.9709462456752808
0.9724316354787217
0.9738785822139903
0.9752870286790348
0.9766569191938577
0.9779881996026658
0.979280817276061
0.9805347211130777
0.9817498615432227
0.9829261905284499
0.9840636615650216
0.9851622296853892
0.9862218514599354
0.9872424849987057
0.9882240899530791
0.9891666275173302
0.9900700604301997
0.9909343529763326
0.9917594709877231
0.9925453818450377
0.9932920544789171
0.9939994593712139
0.9946675685561361
0.9952963556213789
0.9958857957091435
0.9964358655171439
0.9969465432995082
0.9974178088676471
0.9978496435910579
0.9982420303980464
0.9985949537764175
0.9989083997740754
0.9991823559995815
0.9994168116226468
0.9996117573745525
0.9997671855485242
0.9998830900000301
0.9999594661470289
0.9999963109701475
0.9999936230128024
0.9999514023812563
0.9998696507446148
0.9997483713347584
0.9995875689462175
0.999387249935982
0.9991474222232468
0.9988680952891054
0.9985492801761663
0.9981909894881267
0.9977932373892628
0.9973560396038806
0.9968794134156902
0.996363377667115
0.9958079527585633
0.9952131606476016
0.9945790248481052
0.9939055704293213
0.9931928240148673
0.9924408137817013
0.9916495694589818
0.9908191223269192
0.9899495052155113
0.9890407525032711
0.9880929001158568
0.9871059855246385
0.9860800477452469
0.9850151273359954
0.9839112663963135
0.9827685085650447
0.9815868990187547
0.9803664844699325
0.9791073131651252
0.9778094348830709
0.9764729009326841
0.9750977641510689
0.9736840789014125
0.9722319010708174
0.9707412880681354
0.9692122988216474
0.9676449937767861
0.9660394348936924
0.9643956856448143
0.9627138110123771
0.9609938774857918
0.9592359530590792
0.9574401072281202
0.9556064109879635
0.9537349368299961
0.951825758739051
0.9498789521905421
0.9478945941474117
0.9458727630571581
0.9438135388486624
0.9417170029290926
0.9395832381806583
0.9374123289573048
0.9352043610814461
0.9329594218404935
0.9306775999834747
0.9283589857174952
0.9260036707041411
0.9236117480559287
0.9211833123325379
0.9187184595371612
0.9162172871126204
0.9136798939375914
0.9111063803226636
0.9084968480063375
0.9058514001510857
0.9031701413391792
0.9004531775686493
0.897700616249
0.8949125661970472
0.8920891376325811
0.8892304421739694
0.8863365928338349
0.8834077040144842
0.880443891503476
0.8774452724690055
0.874411965455231
0.8713440903776826
0.8682417685184117
0.8651051225213079
0.8619342763871379
0.8587293554687423
0.8554904864660383
0.8522177974209661
0.8489114177125303
0.8455714780515663
0.8421981104756773
0.8387914483439707
0.8353516263317387
0.8318787804252423
0.8283730479162116
0.824834567396543
0.8212634787526943
0.8176599231602656
0.814024043078371
0.8103559822439569
0.8066558856662351
0.8029238996208176
0.7991601716440673
0.7953648505271309
0.7915380863101755
0.7876800302764062
0.7837908349460331
0.7798706540703636
0.775919642625584
0.7719379568067563
0.7679257540215905
0.7638831928841675
0.7598104332087954
0.7557076360035454
0.7515749634640341
0.7474125789668632
0.7432206470632907
0.7389993334726709
0.7347488050758447
0.7304692299086764
0.7261607771552567
0.7218236171413506
0.7174579213276047
0.7130638623027103
0.7086416137767192
0.704191350574016
0.6997132486265685
0.6952074849668102
0.6906742377207842
0.6861136861010402
0.6815260103994883
0.6769113919804153
0.6722700132731494
0.6676020577649936
0.6629077099939105
0.6581871555411619
0.6534405810241218
0.6486681740887281
0.6438701234022354
0.6390466186455845
0.6341978505060551
0.6293240106696629
0.6244252918135148
0.6195018875983467
0.6145539926606899
0.6095818026053552
0.6045855139975207
0.599565324355118
0.5945214321409572
0.5894540367548119
0.5843633385256961
0.579249538703762
0.5741128394525036
0.5689534438406976
0.5637715558343036
0.5585673802885653
0.5533411229397238
0.5480929903970732
0.5428231901346027
0.5375319304829617
0.5322194206211519
0.5268858705681863
0.5215314911749541
0.516156494115693
0.5107610918797897
0.5053454977633077
0.4999099258604812
0.49445459105542267
0.4889797090134317
0.4834854961726659
0.4779721697353871
0.47243994765954767
0.46688904865010045
0.46131969215027663
0.45573209833308675
0.45012648809241473
0.4445030830344624
0.43886210546891297
0.4332037784000658
0.4275283255181991
0.4218359711905221
0.41612694045251025
0.4104014589988035
0.40465975317446384
0.39890204996595063
0.39312857699206843
0.387339562495151
0.3815352353318294
0.3757158249641942
0.3698815614505139
0.3640326754363243
0.3581693981452317
0.3522919613696921
0.3464005974620335
0.34049553932505794
0.33457702040302
0.328645274672319
0.3227005366321681
0.31674304129551184
0.31077302417952046
0.30479072129649465
0.29879636914431923
0.2927902046973031
0.28677246539673
0.28074338914138974
0.2747032142783641
0.26865217959338616
0.26259052430159147
0.25651848803797944
0.2504363108478573
0.2443442331775426
0.23824249586463786
0.23213134012872974
0.2260110075616323
0.21988174011802952
0.21374378010582726
0.2075973701764908
0.2014427533156465
0.19528017283325352
0.1891098723542076
0.18293209580848702
0.17674708742170456
0.17055509170536898
0.1643563534471346
0.15815111770132018
0.15193962977899705
0.14572213523848754
0.13949887987557322
0.1332701097136934
0.12703607099441624
0.1207970101674786
0.11455317388126872
0.10830480897284991
0.10205216245839983
0.09579548152336062
0.089535013512582
0.08327100592074106
0.07700370638233166
0.07073336266207285
0.0644602226450292
0.058184534326725955
0.05190654580354364
0.04562650526268311
0.03934466097258101
0.03306126127286792
0.026776554564749463
0.0204907893011012
0.014204213976561212
0.007917077117905333
0.001629627273994805
0
0
0
0
0
0
0
0
0
0
0
0
0
0
0
0
0
0
0
0
0
0
0
0
0
0
0
0
0
0
0
0
0
0
0
0
0
0
0
0
0
0
0
0
0
0
0
0
0
0
0
0
0
0
0
0
0
0
0
0
0
0
0
0
0
0
0
0
0
0
0
0
0
0
0
0
0
0
0
0
0
0
0
0
0
0
0
0
0
0
0
0
0
0
0
0
0
0
0
0
0
0
0
0
0
0
0
0
0
0
0
0
0
0
0
0
0
0
0
0
0
0
0
0
0
0
0
0
0
0
0
0
0
0
0
0
0
0
0
0
0
0
0
0
0
0
0
0
0
0
0
0
0
0
0
0
0
0
0
0
0
0
0
0
0
0
0
0
0
0
0
0
0
0
0
0
0
0
0
0
0
0
0
0
0
0
0
0
0
0
0
0
0
0
0
0
0
0
0
0
0
0
0
0
0
0
0
0
0
0
0
0
0
0
0
0
0
0
0
0
0
0
0
0
0
0
0
0
0
0
0
0
0
0
0
0
0
0
0
0
0
0
0
0
0
0
0
0
0
0
0
0
0
0
0
0
0
0
0
0
0
0
