0
0
0
0
0
0
0
0
0
0
0
0
0
0
0
0
0
0
0
0
0
0
0
0
0
0
0
0
0
0
0
0
0
0
0
0
0
0
0
0
0
0
0
0
0
0
0
0
0
0
0
0
0
0
0
0
0
0
0
0
0
0
0
0
0
0
0
0
0
0
0
0
0
0
0
0
0
0
0
0
0
0
0
0
0
0
0
0
0
0
0
0
0
0
0
0
0
0
0
0
0
0
0
0
0
0
0
0
0
0
0
0
0
0
0
0
0
0
0
0
0
0
0
0
0
0
0
0
0
0
0
0
0
0
0
0
0
0
0
0
0
0
0
0
0
0
0
0
0
0
0
0
0
0
0
0
0
0
0
0
0
0
0
0
0
0
0
0
0
0
0
0
0
0
0
0
0
0
0
0
0
0
0
0
0
0
0
0
0
0
0
0
0
0
0
0
0
0
0
0
0
0
0
0
0
0
0
0
0
0
0
0
0
0
0
0
0
0
0
0
0
0
0
0
0
0
0
0
0
0
0
0
0
0
0
0
0
0
0
0
0
0
0
0
0
0
0
0
0
0
0
0
0
0
0.00501985361900897
0.014782629370819568
0.024543996025614776
0.0343030231188707
0.04405878040898787
0.05381033796613341
0.06355676626079772
0.07329713625231317
0.08303051947758164
0.0927559881394914
0.10247261519527096
0.1121794744450257
0.12187564061993927
0.1315601894703867
0.14123219785420424
0.15089074382459952
0.16053490671794837
0.17016376724172227
0.17977640756203173
0.1893719113910315
0.19894936407443017
0.2085078526785918
0.21804646607747458
0.22756429503964729
0.23706043231487464
0.2465339727205146
0.25598401322796743
0.26540965304867004
0.27480999371987824
0.28418413919047386
0.29353119590629473
0.30285027289522787
0.31214048185230137
0.32140093722427643
0.33063075629397914
0.33982905926460344
0.3489949693434667
0.3581276128256401
0.3672261191771247
0.37628962111799164
0.38531725470497163
0.39430815941372893
0.4032614782210451
0.4121763576864318
0.42105194803340495
0.4298874032306415
0.4386818810725462
0.44743454325945486
0.456144555477696
0.46481108747904104
0.47343331315976944
0.4820104106395652
0.4905415623397831
0.4990259550613074
0.5074627800622159
0.5158512331347949
0.5241905146821245
0.5324798297944443
0.54071838832485
0.5489054049645407
0.5570400993178192
0.5651216959764072
0.5731494245932884
0.5811225199562805
0.5890402220609039
0.5969017761827584
0.6047064329496024
0.6124534484127142
0.6201420841177391
0.6277716071752146
0.6353412903303629
0.6428504120323468
0.6502982565031824
0.6576841138059
0.6650072799121528
0.6722670567694546
0.6794627523676539
0.6865936808048343
0.6936591623528221
0.7006585235219145
0.7075910971250172
0.7144562223413639
0.7212532447794244
0.7279815165393222
0.734640396274515
0.7412292492530459
0.7477474474179869
0.7541943694472505
0.7605694008129282
0.7668719338398106
0.773101367763257
0.7792571087865716
0.7853385701375488
0.7913451721243522
0.7972763421908787
0.8031315149712804
0.808910132343806
0.8146116434841038
0.8202355049176748
0.8257811805716293
0.831248141825884
0.8366358675635007
0.8419438442203138
0.8471715658339775
0.852318534092147
0.8573842583799343
0.862368255826764
0.8672700513523548
0.8720891777119635
0.8768251755410083
0.8814775933988123
0.886045987811596
0.8905299233148312
0.894928972494707
0.8992427160288358
0.9034707427262989
0.9076126495668031
0.9116680417390618
0.9156365326785008
0.9195177441040692
0.9233113060542647
0.9270168569224667
0.9306340434913696
0.9341625209666216
0.9376019530097544
0.9409520117702103
0.9442123779165651
0.9473827406670259
0.9504627978190158
0.9534522557779986
0.9563508295854302
0.9591582429459731
0.9618742282538061
0.9644985266181101
0.9670308878877937
0.9694710706753122
0.9718188423796579
0.9740739792085733
0.9762362661998618
0.9783054972418598
0.9802814750931214
0.9821640114011996
0.9839529267205852
0.9856480505298447
0.9872492212478564
0.9887562862492002
0.9901691018787339
0.9914875334652712
0.992711455334409
0.9938407508205288
0.9948753122779057
0.995815041090961
0.9966598476836803
0.9974096515281422
0.9980643811521885
0.9986239741462504
0.9990883771692896
0.9994575459538799
0.9997314453104352
0.9999100491305583
0.999993340389529
0.9999813111479308
0.9998739625524041
0.9996713048355396
0.9993733573149007
0.9989801483911822
0.9984917155455074
0.9979081053358486
0.9972293733925915
0.9964555844132396
0.995586812156235
0.9946231394339357
0.9935646581047165
0.9924114690642255
0.9911636822357486
0.9898214165597388
0.9883847999824921
0.986853969443928
0.9852290708645467
0.983510259131535
0.9816976980839743
0.9797915604972359
0.9777920280665297
0.9756992913895519
0.9735135499483321
0.9712350120902387
0.9688638950080811
0.9664004247194247
0.9638448360450682
0.9611973725866189
0.9584582867032913
0.9556278394878776
0.9527063007418121
0.9496939489494762
0.9465910712516806
0.9433979634182417
0.9401149298198136
0.9367422833989058
0.9332803456399946
0.9297294465389075
0.9260899245713992
0.9223621266608253
0.918546408145104
0.9146431327428788
0.9106526725187816
0.9065754078479995
0.9024117273800542
0.8981620280016831
0.8938267147990435
0.8894062010191371
0.8849009080303439
0.8803112652822934
0.8756377102649698
0.8708806884669305
0.8660406533328942
0.8611180662204905
0.8561133963563409
0.8510271207912445
0.845859724354748
0.8406116996089766
0.8352835468015928
0.8298757738181556
0.824388896133757
0.8188234367637921
0.8131799262141503
0.8074589024306974
0.8016609107478997
0.7957865038368902
0.7898362416528393
0.7838106913814771
0.777710427385079
0.7715360311477707
0.765288091219994
0.7589672031624581
0.752573969489426
0.7461089996111718
0.7395729097759454
0.7329663230112886
0.726289869064534
0.7195441843428323
0.7127299118525492
0.7058477011378558
0.6988982082188708
0.69188209552919
0.6848000318526208
0.6776526922594928
0.6704407580423722
0.6631649166509964
0.655825861626806
0.6484242925369013
0.64096091490723
0.6334364401553995
0.6258515855229301
0.6182070740067552
0.6105036342903694
0.6027420006744374
0.5949229130066656
0.587047116611345
0.5791153622183758
0.5711284058915694
0.5630870089566475
0.5549919379287428
0.5468439644391931
0.5386438651620826
0.5303924217401603
0.5220904207104298
0.5137386534290309
0.505337915995879
0.4968890091788528
0.4883927383373186
0.47984991334543436
0.4712613485150274
0.4626278625178236
0.4539502783074853
0.4452294230412421
0.4364661280008942
0.4276612285136487
0.4188155638725729
0.40992997725643787
0.4010053156494223
0.39204242976045534
0.3830421739419701
0.37400540610854355
0.36493298765519827
0.35582578337513543
0.3466846613773806
0.3375104930041142
0.3283041527474551
0.31906651816618237
0.3097984698021661
0.3005008910962722
0.29117466830423194
0.2818206904122449
0.27243984905207685
0.2630330384161495
0.2536011551723877
0.24414509837858359
0.23466576939677922
0.22516407180743087
0.2156409113231132
0.20609719570226803
0.1965338346627596
0.18695173979499236
0.17735182447510037
0.1677350037779673
0.15810219438983272
0.1484543145210243
0.13879228381837697
0.12911702327768346
0.11942945515573546
0.10973050288249706
0.10002109097316735
0.09030214493988506
0.08057459120359237
0.07083935700581244
0.06109737032009379
0.05134955976363968
0.0415968545088765
0.03184018419471368
0.022080478838014603
0.012318668745031562
0.002555684422557491
0
0
0
0
0
0
0
0
0
0
0
0
0
0
0
0
0
0
0
0
0
0
0
0
0
0
0
0
0
0
0
0
0
0
0
0
0
0
0
0
0
0
0
0
0
0
0
0
0
0
0
0
0
0
0
0
0
0
0
0
0
0
0
0
0
0
0
0
0
0
0
0
0
0
0
0
0
0
0
0
0
0
0
0
0
0
0
0
0
0
0
0
0
0
0
0
0
0
0
0
0
0
0
0
0
0
0
0
0
0
0
0
0
0
0
0
0
0
0
0
0
0
0
0
0
0
0
0
0
0
0
0
0
0
0
0
0
0
0
0
0
0
0
0
0
0
0
0
0
0
0
0
0
0
0
0
0
0
0
0
0
0
0
0
0
0
0
0
0
0
0
0
0
0
0
0
0
0
0
0
0
0
0
0
0
0
0
0
0
0
0
0
0
0
0
0
0
0
0
0
0
0
0
0
0
0
0
0
0
0
0
0
0
0
0
0
0
0
0
0
0
0
0
0
0
0
0
0
0
0
0
0
0
0
0
0
0
0
0
0
0
0
0
0
0
0
0
0
0
0
0
0
0
0
0
0
0
0
0
0
0
0
0
0
0
0
0
0
0
0
0
0
0
0
0
0
0
0
0
0
0
0
0
0
0
0
0
0
0
0
0
0
0
0
0
0
0
0
0
0
0
0
0
0
0
0
0
0
0
0
0
0
0
0
0
0
0
0
0
0
0
0
0.009395198905863265
0.019157458232880165
0.028917891449227493
0.03867556817935776
0.04842955831038965
0.0581789320809379
0.0679227601696539
0.07766011378372466
0.08739006474757653
0.09711168559126485
0.10682404963879653
0.11652623109663177
0.12621730514184662
0.13589634801020367
0.1455624370843757
0.15521465098180562
0.16485206964244964
0.1744737744166472
0.18407884815257494
0.19366637528372693
0.20323544191607587
0.21278513591538156
0.222314546993914
0.23182276679741756
0.24130888899158526
0.25077200934850674
0.2602112258327504
0.2696256386875115
0.27901435052029516
0.2883764663883752
0.2977110938842649
0.3070173432207002
0.3162943273153741
0.325541161875657
0.33475696548280687
0.34394085967590676
0.35309196903576207
0.36220942126826505
0.3712923472874643
0.38033988129856566
0.38935116088038113
0.39832532706745727
0.4072615244321105
0.416158901165888
0.42501660916068573
0.433833804089747
0.4426096454880657
0.4513432968324249
0.46003392562128814
0.46868070345407725
0.4772828061100616
0.48583941362707467
0.4943497103795977
0.5028128851564324
0.511228131238175
0.5195946464740389
0.527911633358244
0.536178299106182
0.544393855729912
0.5525575201132009
0.5606685140863152
0.5687260645001002
0.5767294032997254
0.5846777675978031
0.5925703997472703
0.6004065474134236
0.6081854636457934
0.6159064069492526
0.6235686413547417
0.6311714364893328
0.6387140676459844
0.6461958158525524
0.6536159679402597
0.6609738166118067
0.668268660508725
0.6754998042781698
0.6826665586393281
0.689768240449058
0.696804172766945
0.7037736849199528
0.7106761125662902
0.7175107977586767
0.7242770890071801
0.7309743413412559
0.7376019163711687
0.7441591823489614
0.7506455142286149
0.7570602937255724
0.7634029093757879
0.7696727565939546
0.7758692377310807
0.7819917621315671
0.788039746189454
0.7940126134039994
0.7999097944347365
0.8057307271556909
0.8114748567089128
0.8171416355574684
0.8227305235375804
0.8282409879100682
0.8336725034112279
0.8390245523028508
0.8442966244215285
