0.07471663467756567
0.06409866520797503
0.05347343419019733
0.04284214532517469
0.03220600300023831
0.021566212152439975
0.010923978132246999
0.0002805065669065154
0
0
0
0
0
0
0
0
0
0
0
0
0
0
0
0
0
0
0
0
0
0
0
0
0
0
0
0
0
0
0
0
0
0
0
0
0
0
0
0
0
0
0
0
0
0
0
0
0
0
0
0
0
0
0
0
0
0
0
0
0
0
0
0
0
0
0
0
0
0
0
0
0
0
0
0
0
0
0
0
0
0
0
0
0
0
0
0
0
0
0
0
0
0
0
0
0
0
0
0
0
0
0
0
0
0
0
0
0
0
0
0
0
0
0
0
0
0
0
0
0
0
0
0
0
0
0
0
0
0
0
0
0
0
0
0
0
0
0
0
0
0
0
0
0
0
0
0
0
0
0
0
0
0
0
0
0
0
0
0
0
0
0
0
0
0
0
0
0
0
0
0
0
0
0
0
0
0
0
0
0
0
0
0
0
0
0
0
0
0
0
0
0
0
0
0
0
0
0
0
0
0
0
0
0
0
0
0
0
0
0
0
0
0
0
0
0
0
0
0
0
0
0
0
0
0
0
0
0
0
0
0
0
0
0
0
0
0
0
0
0
0
0
0
0
0
0
0
0
0
0
0
0
0
0
0
0
0
0
0
0
0
0
0
0
0
0
0
0
0
0
0
0
0
0
0
0
0
0
0
0
0
0
0
0
0
0
0
0
0
0
0
0
0
0
0.0086586280087419
0.01930122643813832
0.029941638288644774
0.0405786581395276
0.051211080954237494
0.061837702217009835
0.07245731806940578
0.08306872544649525
0.09367072221337544
0.10426210730115873
0.11484168084312334
0.12540824431072733
0.13596060064918872
0.14649755441332185
0.1570179119027687
0.16752048129731428
0.17800407279198835
0.1884674987316867
0.19890957374580137
0.2093291148825913
0.21972494174300025
0.2300958766146035
0.24044074460483275
0.2507583737741598
0.2610475952689447
0.2713072434536588
0.28153615604315596
0.2917331742341526
0.30189714283658753
0.31202691040457103
0.322121329366666
0.3321792561559748
0.3421995513397706
0.3521810797483925
0.36212271060406004
0.3720233176487882
0.38188177927205885
0.3916969786379628
0.4014678038115651
0.4111931478849522
0.42087190910270783
0.430502990986546
0.44008530245973454
0.44961775797051967
0.45909927761518277
0.46852878726045466
0.4779052186650241
0.4872275096007574
0.4964946039728591
0.5057054519395898
0.514859010031273
0.5239542412683584
0.5329901152789736
0.5419656084157227
0.5508797038714849
0.5597313917947959
0.5685196694040853
0.5772435411013499
0.5859020185850119
0.5944941209617174
0.6030188748576446
0.6114753145286127
0.6198624819695583
0.6281794270231309
0.6364252074871998
0.6445988892216603
0.6526995462543255
0.6607262608856738
0.6686781237929857
0.6765542341332079
0.6843536996450722
0.6920756367502385
0.6997191706532478
0.7072834354407902
0.714767574179658
0.7221707390138875
0.7294920912608683
0.7367308015062367
0.743886049697898
0.7509570252389836
0.7579429270795484
0.7648429638074704
0.7716563537379764
0.778382325002253
0.7850201156349432
0.7915689736603588
0.7980281571777246
0.8043969344452768
0.8106745839630399
0.8168603945546993
0.8229536654480498
0.8289537063544365
0.8348598375470018
0.8406713899375781
0.8463877051526132
0.8520081356076463
0.8575320445807184
0.862958806284548
0.8682878059373358
0.8735184398324575
0.878650115406896
0.8836822513082746
0.8886142774608261
0.8934456351298801
0.8981757769852019
0.902804167163035
0.9073302813267197
0.9117536067261919
0.9160736422559865
0.9202898985120435
0.9244018978471831
0.9284091744251501
0.9323112742734221
0.9361077553346681
0.9397981875167561
0.9433821527415581
0.9468592449922429
0.950229070359304
0.9534912470852093
0.9566454056075877
0.9596911886011653
0.9626282510181858
0.9654562601275266
0.9681748955524143
0.9707838493066743
0.9732828258296448
0.9756715420196793
0.9779497272661725
0.9801171234802672
0.9821734851240503
0.9841185792383875
0.9859521854693294
0.9876740960930435
0.9892841160393634
0.9907820629138995
0.9921677670186725
0.9934410713713698
0.9946018317231031
0.9956499165747624
0.9965852071919201
0.9974075976182631
0.9981169946876167
0.9987133180344824
0.9991965001031508
0.9995664861553567
0.9998232342764731
0.9999667153802645
0.9999969132121816
0.9999138243512014
0.9997174582102146
0.9994078370349607
0.9989849959015082
0.9984489827122766
0.9977998581906155
0.9970376958739245
0.9961625821053146
0.995174616023841
0.9940739095532541
0.9928605873893371
0.9915347869857736
0.990096658538563
0.9885463649690317
0.9868840819053452
0.9851099976626396
0.9832243132216772
0.9812272422060618
0.9791190108580672
0.976899858012994
0.9745700350720933
0.9721298059741283
0.9695794471654237
0.9669192475685928
0.9641495085497882
0.9612705438845374
0.9582826797222482
0.9551862545491994
0.9519816191502494
0.9486691365690738
0.9452491820670105
0.9417221430805993
0.938088419177666
0.9343484220120258
0.9305025752769168
0.9265513146569214
0.9224950877786798
0.9183343541601505
0.9140695851585178
0.9097012639168719
0.9052298853093842
0.900655955885325
0.8959799938116443
0.8912025288142317
0.8863241021179803
0.8813452663854363
0.8762665856541488
0.8710886352728655
0.8658120018362438
0.8604372831184944
0.8549650880056203
0.8493960364263933
0.843730759282211
0.8379698983755821
0.8321141063373709
0.8261640465529706
0.8201203930870257
0.8139838306071794
0.8077550543064637
0.8014347698244911
0.795023693167633
0.7885225506277692
0.7819320787001286
0.775253023999803
0.7684861431771113
0.7616322028319868
0.7546919794270802
0.747666259199739
0.740555838073067
0.7333615215656074
0.7260841247002198
0.7187244719116924
0.711283396953285
0.703761742802413
0.6961603615649902
0.6884801143790368
0.6807218713170635
0.6728865112874413
0.664974921934956
0.6569879995401889
0.6489266489179152
0.6407917833147488
0.6325843243055126
0.6243052016889865
0.6159553533825093
0.6075357253156572
0.5990472713232387
0.590490953037057
0.5818677397771292
0.5731786084418063
0.5644245433970336
0.5556065363649738
0.5467255863115887
0.5377826993333981
0.5287788885436676
0.5197151739574455
0.5105925823761761
0.5014121472713051
0.4921749086671262
0.48288191302310696
0.4735342131152657
0.46413286791683017
0.4546789424784444
0.4451735078073118
0.43561764074603987
0.4260124238505731
0.41635894526747574
0.40665829861083874
0.3969115828381813
0.387119902126134
0.37728436574527313
0.36740608793437496
0.3574861877743448
0.34752578906136133
0.33752602017948447
0.32748801397301086
0.3174129076179235
0.307301842493252
0.29715596405168876
0.2869764216897429
0.2767643686177178
0.2665209617288502
0.2562473614684399
0.24594473170230466
0.23561423958484662
0.22525705542699367
0.21487435256353646
0.204467307220121
0.19403709838019192
0.18358490765120664
0.1731119191309692
0.16261931927340426
0.15210829675406268
0.14158004233565644
0.13103574873293602
0.12047661047776796
0.10990382378372576
0.09931858641048945
0.08872209752832438
0.07811555758214622
0.06750016815544092
0.05687713183433929
0.04624765207115274
0.03561293304823627
0.024974179541485193
0.014332596783764324
0.003689390328541175
0
0
0
0
0
0
0
0
0
0
0
0
0
0
0
0
0
0
0
0
0
0
0
0
0
0
0
0
0
0
0
0
0
0
0
0
0
0
0
0
0
0
0
0
0
0
0
0
0
0
0
0
0
0
0
0
0
0
0
0
0
0
0
0
0
0
0
0
0
0
0
0
0
0
0
0
0
0
0
0
0
0
0
0
0
0
0
0
0
0
0
0
0
0
0
0
0
0
0
0
0
0
0
0
0
0
0
0
0
0
0
0
0
0
0
0
0
0
0
0
0
0
0
0
0
0
0
0
0
0
0
0
0
0
0
0
0
0
0
0
0
0
0
0
0
0
0
0
0
0
0
0
0
0
0
0
0
0
0
0
0
0
0
0
0
0
0
0
0
0
0
0
0
0
0
0
0
0
0
0
0
0
0
0
0
0
0
0
0
0
0
0
0
0
0
0
0
0
0
0
0
0
0
0
0
0
0
0
0
0
0
0
0
0
0
0
0
0
0
0
0
0
0
0
0
0
0
0
0
0
0
0
0
0
0
0
0
0
0
0
0
0
0
0
0
0
0
0
0
0
0
0
0
0
0
0
0
0
0
0
0
0
0
0
0
0
0
0
0
0
0
0
0
0
0
0
0
0
0
0
0
0
0
0
0
0
0
0
0
0
0
0
0
0
0
0.005249819961810191
0.015892863794987958
0.02653410717262809
0.03717234457971044
0.0478063708418376
0.05843498126156672
0.06905697175511324
0.07967113898855935
0.0902762805142613
0.100871194907156
0.11145468190066883
0.1220255425229145
0.13258257923232722
0.1431245960534115
0.15365039871231503
0.1641587947719275
0.17464859376719308
0.1851186073397781
0.1955676493727812
0.20599453612518834
0.21639808636580796
0.22677712150717322
0.23713046573914337
0.24745694616191424
0.2577553929191135
0.26802463933013704
0.27826352202240207
0.2884708810632237
0.2986455600910561
0.3087864064465758
0.3188922713033441
0.32896200979776447
0.338994481158997
0.34898854883800445
0.35894308063638947
0.36885694883473735
0.37872903032018634
0.3885582067138734
0.39834336449744756
0.4080833951392961
0.4177771952202049
0.42742366655820535
0.43702171633306247
0.4465702572101539
0.45606820746347176
0.46551449109837173
0.47490803797329195
0.4842477839210627
0.4935326708695369
0.5027616469613062
0.5119336666729388
0.5210476909334959
0.5301026872420743
0.5390976297849698
0.5480314995517191
0.5569032844506141
0.5657119794234282
0.5744565865591119
0.583136115207031
0.5917495820890304
0.6002960114108977
0.6087744349729762
0.6171838922796893
0.6255234306485338
0.6337921053178488
0.6419889795539132
0.65011312475713
0.6581636205670934
0.6661395549669209
0.6740400243866346
0.6818641338053978
0.6896109968529727
0.6972797359101968
0.704869482208261
0.7123793759272935
0.7198085662936246
0.7271562116762291
0.7344214796821311
0.7416035472505655
0.7487016007463764
0.7557148360520556
0.762642458658898
0.7694836837570634
0.7762377363243561
0.7829038512141713
0.7894812732420495
0.795969257271284
0.8023670682973865
0.8086739815312491
0.8148892824813075
0.8210122670345313
0.827042241536076
0.8329785228679955
0.8388204385265176
0.8445673266982789
0.8502185363353454
0.8557734272288744
0.8612313700816904
0.866591746579618
0.871853949461428
0.8770173825877466
0.882081461008491
0.8870456110291804
0.8919092702759666
0.8966718877592511
0.9013329239362099
0.9058918507718262
0.9103481517987496
