6107.343248781653
6348.6552007316595
6583.9267188080075
6812.933953706919
7035.459016282491
7251.290184857736
7460.222106667269
7662.0559932405795
7856.59980953921
8043.668456668832
8223.083947991876
8394.675578472827
8558.28008709586
8713.74181219961
8860.912839581744
8999.653143231848
9129.830718559455
9251.32170798986
9364.010518808655
9467.78993314233
9562.561209970938
9648.23417907536
9724.727326829734
9791.967873757747
9849.891843778705
9898.444125077685
9937.57852254164
9967.257801711836
9987.453724210613
9998.147074608793
9999.327678708227
9990.994413222055
9973.155206843443
9945.827032701829
9909.035892213835
9862.816790344152
9807.213702300089
9742.27953169129
9668.07606019457
9584.673888771607
9492.152370495704
9390.599535051155
9280.112004977373
9160.794903737176
9032.76175569713
8896.134378114608
8751.042765234552
8597.624964606512
8436.026945739059
8266.402461217023
8088.91290041331
7903.727135935049
7711.021362949497
7510.97893154284
7303.79017227185
7089.652215073522
6868.768801705713
6641.350091896645
6407.612463388552
6167.778306064666
5922.075810356268
5670.738750130464
5414.0062602661565
5152.122609128786
4885.336966160776
4613.903164809401
4338.079461016474
4058.1282875006236
3774.3160040651724
3486.91264417025
3196.191658009013
2902.4296523330013
2605.9061272747913
2306.9032104170687
2005.7053883622134
1702.5992360569794
1397.8731441309155
1091.8170445065534
784.7221345435535
476.8805999784223
168.5853369245486
1
1
1
1
1
1
1
1
1
1
1
1
1
1
1
1
1
1
1
1
1
1
1
1
1
1
1
1
1
1
1
1
1
1
1
1
1
1
1
1
1
1
1
1
1
1
1
1
1
1
1
1
1
1
1
1
1
1
1
1
1
1
1
1
1
1
1
1
1
1
1
1
1
1
1
1
1
1
1
1
1
1
1
1
1
1
1
1
1
1
1
1
1
1
1
1
1
1
1
1
1
1
187.69489236877618
495.9705637064496
803.7743433916313
1110.8133712330605
1416.7955146631143
1721.4296466878932
2024.4259228801284
2325.4960571522106
2624.3535960458353
2920.714191278623
3214.295870287758
3504.8193045126372
3792.0080751624923
4075.5889362155035
4355.292074398579
4630.851365901713
4902.004629581599
5168.493876414377
5430.065554959147
5686.470792599975
5937.465632335858
6182.811264894066
6422.274255945095
6655.626768204164
6882.646778207362
7103.118287555749
7316.831528427461
7523.583163161389
7723.17647772318
7915.421568868695
8100.135524827824
8277.142599335966
8446.274378848142
8607.369942775971
8760.276016595843
8904.847117682204
9040.945693726926
9168.44225361369
9287.215490622506
9397.152397846934
9498.148375714725
9590.107331509147
9672.941770796484
9746.572880672753
9810.930604750216
9865.95370981265
9911.589844075783
9947.795586997368
9974.536490589751
9991.78711219544
9999.531038694515
9997.760902120934
9986.478386672783
9965.694227109836
9935.42819853997
9895.70909760411
9846.574715077664
9788.071799914393
9720.256014767143
9643.191883027559
9556.952727435159
9461.620600314456
9357.286205506138
9244.048812066852
9122.016159819466
8991.304356844063
8852.037769006707
8704.348901631476
8548.378273428025
8384.274282795115
8212.193066626738
8032.298351755396
7844.761299174288
7649.760341185915
7447.481011632361
7238.115769369211
7021.863815150222
6798.930902097621
6569.529139938161
6333.876793190918
6092.198073499616
5844.722926306113
5591.6868120684085
5333.330482231922
5069.899750166142
4801.645257285071
4528.822234574597
4251.690259752546
3970.513010293037
3685.5580125506776
3397.0963872221196
3105.4025913880782
2810.754157380963
2513.431428726203
2213.717293409555
1911.8969147228595
1608.2574599449563
1303.0878271165245
996.6783701675698
689.3206226596942
381.30702040664227
72.93062323569283
1
1
1
1
1
1
1
1
1
1
1
1
1
1
1
1
1
1
1
1
1
1
1
1
1
1
1
1
1
1
1
1
1
1
1
1
1
1
1
1
1
1
1
1
1
1
1
1
1
1
1
1
1
1
1
1
1
1
1
1
1
1
1
1
1
1
1
1
1
1
1
1
1
1
1
1
1
1
1
1
1
1
1
1
1
1
1
1
1
1
1
1
1
1
1
1
1
1
1
1
1
1
283.3300471973335
591.4907362731892
899.0886509398525
1205.8311268765253
1511.426313670169
1815.5834524970646
2118.0131527657736
2418.4276674576636
2716.541166904358
3012.070010740565
3304.733017773905
3594.251733515278
3880.3506951142476
4162.757693448627
4441.204032118294
4715.424783096239
4985.159038794777
5250.150160306508
5510.146021583256
5764.899249321828
6014.167458327752
6257.713482132525
6495.305598646124
6726.717750629129
6951.729760775052
7170.127541198439
7381.70329712868
7586.255724616695
7783.5902020659005
7973.518975404823
8155.861336726035
8330.443796220974
8497.100247246739
8655.672124368573
8806.008554227048
8947.966499086639
9081.41089292923
9206.214769962617
9322.259385422316
9429.434328551499
9527.637627651115
9616.775847101286
9696.764176260556
9767.526510158952
9828.995521908353
9881.112726760593
9923.828537752777
9957.102312886977
9980.90239379902
9995.206135879846
9999.99992982081
9995.279214562222
9981.048481632992
9957.321270877152
9924.120157571348
9881.476730945626
9829.431564127726
9768.034175539893
9697.34298178437
9617.42524206292
9528.356994183128
9430.222982211895
9323.11657584593
9207.13968157478
9082.402645721962
8949.024149455767
8807.131095870176
8656.858489242379
8498.349306583339
8331.754361601705
8157.232161212173
7974.948754724182
7785.077575853665
7587.799277709608
7383.301560911765
7171.778995002188
6953.432833322114
6728.4708215296005
6497.106999939018
6259.561499873023
6016.060334217662
5766.83518238252
5512.123169869477
5252.166642658754
4987.212936628924
4717.514142229347
4443.3268646277465
4164.911979563338
3882.53438513676
3596.4627497716306
3306.969256590764
3014.32934444637
2718.8214458538923
2420.7267220775448
2120.328795618354
1817.9134803616678
1513.7685096396933
1208.1832624665155
901.4484882085815
593.8560299513712
285.69854682403553
1
1
1
1
1
1
1
1
1
1
1
1
1
1
1
1
1
1
1
1
1
1
1
1
1
1
1
1
1
1
1
1
1
1
1
1
1
1
1
1
1
1
1
1
1
1
1
1
1
1
1
1
1
1
1
1
1
1
1
1
1
1
1
1
1
1
1
1
1
1
1
1
1
1
1
1
1
1
1
1
1
1
1
1
1
1
1
1
1
1
1
1
1
1
1
1
1
1
1
1
1
1
70.56122537981219
378.9392740434904
686.9567805836007
994.3206814584098
1300.7385349993342
1605.9187996558273
1909.5711113824318
2211.406559905501
2511.137963608126
2808.4801427682364
3103.1501908940822
3394.867743895323
3683.3552468359744
3968.3382180137746
4249.545510116985
4526.709568206698
4799.566684283148
5067.857248190526
5331.32599462295
5589.722245997729
5842.800150961819
6090.31891830815
6332.043046076173
6567.742545620638
6797.1931604340825
7020.1765795166375
7236.480645087384
7445.899554442809
7648.234055767641
7843.2916377129195
8030.886712561735
8210.840792806119
8382.98266096976
8547.14853251268
8703.182211664349
8850.935240036008
8990.267037872038
9121.045037804148
9243.144810983185
9356.45018546687
9460.853356751553
9556.254990343265
9642.564316269236
9719.699215441386
9787.586297788417
9846.160972082953
9895.3675073968
9935.159086126389
9965.497848537223
9986.354928785719
9997.710482383545
9999.553705078706
9991.88284313526
9974.705195001903
9948.037104367888
9911.90394461275
9866.3400946648
9811.388906291333
9747.102662851397
9673.54252955094
9590.778495246925
9498.889305856486
9397.962389433967
9288.093772987613
9169.387991114247
9041.95798654014
8905.92500266117
8761.418468185833
8608.575873990396
8447.542642302591
8278.471988340078
8101.524774533159
7916.869357472378
7724.681427725316
7525.143842675994
7318.446452544422
7104.785919754162
6884.3655318170295
6657.395007915271
6424.090299364378
6184.673384145276
5939.372055704021
5688.419706216754
5432.055104528935
5170.522168978273
4904.069735318885
4632.951319965434
4357.424878785685
4077.7525616672856
3794.2004630953797
3507.038368977164
3216.539499952916
2922.980251441022
2626.6399306603676
2327.800490883758
2026.746263172943
1723.7636858521223
1419.1410319749623
1113.1681350480483
806.1361132675453
498.33709253494044
190.06392851400977
1
1
1
1
1
1
1
1
1
1
1
1
1
1
1
1
1
1
1
1
1
1
1
1
1
1
1
1
1
1
1
1
1
1
1
1
1
1
1
1
1
1
1
1
1
1
1
1
1
1
1
1
1
1
1
1
1
1
1
1
1
1
1
1
1
1
1
1
1
1
1
1
1
1
1
1
1
1
1
1
1
1
1
1
1
1
1
1
1
1
1
1
1
1
1
1
1
1
1
1
1
1
166.2162101044882
474.5138235550493
782.359960388631
1089.4617201127992
1395.5269104739764
1700.2643254629022
2003.3840223838467
2304.597597720433
2603.6184615370144
2900.1621101557703
3193.94639684757
3484.69180028034
3772.121690470706
4055.962591983435
4335.9444441295045
4611.800857916508
4883.269369503677
5150.091689924237
5412.013950834178
5668.78694605577
5920.166368684539
6165.913043536118
6405.793154708777
6639.578468048576
6867.046548302607
7087.980970754925
7302.171527144763
7509.414425668573
7709.512484878618
7902.275321291042
8087.519530526607
8265.068861810609
8434.754385667442
8596.414654648037
8749.895856939753
8895.051962710517
9031.744863048849
9159.844501368187
9279.22899714883
9389.784761901707
9491.406607241996
9583.997844970823
9667.47037906917
9741.744789517194
9806.750407858182
9862.425384436367
9908.716747243707
9945.580452320126
9972.9814256593
9990.893596579732
9999.299922529815
9998.192405302938
9987.57209864738
9967.449107263765
9937.84257719087
9898.780677589193
9850.300573939297
9792.448392680693
9725.279177324901
9648.856836084053
9563.254081065603
9468.552359090105
9364.841774198689
9252.221001923393
9130.797195402463
9000.685883429018
8862.010860531516
8714.904069188939
8559.505474294223
8395.9629299844
8224.43203896495
8045.076004460917
7858.065474937696
7663.578381736812
7461.799769783212
7252.9216215244
7037.142674267897
6814.668231093218
6585.709965515376
6350.485720088314
6109.219299138199
5862.140255825029
5609.483673733291
5351.489943202367
5088.40453260612
4820.477754802122
4547.96452897163
4271.124138075631
3990.219982160825
3705.519327746527
3417.2930535341916
3125.8153926793625
2831.363671872822
2534.2180474769075
2234.66123897157
1932.9782599597047
1629.4561469911007
1324.383686461675
1018.0511398464078
710.7499675309157
402.77255150021256
94.41191715216259
1
1
1
1
1
1
1
1
1
1
1
1
1
1
1
1
1
1
1
1
1
1
1
1
1
1
1
1
1
1
1
1
1
1
1
1
1
1
1
1
1
1
1
1
1
1
1
1
1
1
1
1
1
1
1
1
1
1
1
1
1
1
1
1
1
1
1
1
1
1
1
1
1
1
1
1
1
1
1
1
1
1
1
1
1
1
1
1
1
1
1
1
1
1
1
1
1
1
1
1
1
1
261.85598411991225
570.0449495534745
877.6915451915621
