1.1172
0.9976
0.9185
0.8731
0.7953
0.8231
0.8935
0.7736
1.0079
1.0112
0.8797
0.9838
0.9976
1.0278
1.0652
1.2629
0.9189
0.8857
0.8843
0.8190
0.9281
0.9354
0.8957
0.8657
0.9216
1.0930
0.8953
0.9803
0.9175
0.8573
0.9208
0.9322
0.9500
0.9969
0.8017
0.8761
0.8099
0.7537
0.8431
0.8389
0.8628
0.8153
0.7839
0.7906
0.8855
0.8495
0.8048
0.8781
0.8947
0.8698
0.8797
0.8768
0.8682
0.8654
0.8543
0.8663
0.8530
0.9096
0.9088
0.8912
0.9417
0.7566
0.8643
0.8751
0.8555
0.8696
0.9036
0.8257
0.9370
0.8503
0.8648
0.8313
0.8189
0.7550
0.7560
0.6901
0.8565
0.8622
0.9379
0.8384
0.7625
0.8629
0.8013
0.8947
0.8849
0.8029
0.7276
0.7467
0.9151
0.7756
0.8236
0.9131
0.9758
0.8167
0.9025
0.9992
0.8241
0.8675
0.9144
0.8412
0.8396
1.0009
0.9008
0.7625
0.7536
0.8110
0.9548
0.8426
0.8125
0.8208
0.8829
0.7710
0.7107
0.7686
0.8724
0.8478
0.8285
0.8755
0.8722
0.8307
0.8491
0.8382
0.9318
0.8292
0.8163
0.7064
0.7430
0.8473
0.8348
0.7910
0.8816
0.7555
0.7807
0.7305
0.7737
0.8219
1.0223
0.8470
0.7902
0.8612
0.8248
0.8725
0.9149
0.8940
0.9116
0.8919
0.8108
0.8129
0.7572
0.8171
0.8024
0.8604
0.9297
0.8380
0.8947
0.9417
0.9354
0.9075
0.8793
0.8918
0.9316
0.8670
0.8804
0.8361
0.8538
0.7871
0.7722
0.8505
0.7796
0.8228
0.7984
0.9014
0.8185
0.7998
0.7741
0.8657
0.8110
0.9073
0.8061
0.7969
0.7985
0.8042
0.8180
0.7946
1.0161
0.8369
0.8547
0.8884
0.8176
0.7846
0.8045
0.9191
0.9046
0.8268
0.8991
0.9206
0.8754
0.8779
0.7560
0.7773
0.8770
0.9205
0.9066
0.9171
0.8570
0.9432
0.8764
0.9159
0.9732
0.8631
0.8467
0.9176
0.9139
1.1323
0.9885
0.8989
0.9182
0.7940
0.7775
0.9031
0.9144
0.9882
0.7670
0.7770
0.8074
0.8137
0.8147
0.7618
0.8850
0.8720
0.8804
0.9371
0.8519
1.0254
0.7917
0.7671
0.7539
0.8028
0.7980
0.8688
0.9255
0.8042
0.8750
0.8376
0.8703
0.7306
0.7658
0.9220
0.8219
0.9981
0.9484
0.7381
0.7944
0.8602
1.3079
0.9071
0.8814
0.9352
0.9210
0.7607
0.7667
0.7741
0.8715
0.8223
0.8971
0.8809
0.8520
0.8363
0.8978
0.8015
0.7371
0.7699
1.0404
0.9983
0.9265
0.9264
0.8637
0.7619
0.7959
0.9279
0.9080
0.7642
0.8185
0.7885
0.8469
0.9118
0.8455
0.8695
0.9175
0.9196
0.8902
0.8897
0.8763
0.7992
0.8477
0.9003
0.9534
0.8963
0.9026
0.9893
0.9148
0.9779
0.9171
0.9339
0.9414
0.9152
1.2071
1.0349
0.8903
0.8900
0.8850
0.9010
0.8867
1.0240
0.9474
1.0129
1.0483
0.8585
1.0074
0.8545
0.8164
0.9098
0.7853
0.9269
0.8917
0.8362
0.7555
0.7775
0.8084
0.7681
0.7465
0.7912
0.7890
0.9105
0.8616
0.8767
0.8665
0.7945
0.7801
0.7421
0.7754
0.8466
0.9220
0.9403
0.7944
0.7949
0.8349
0.8596
0.7910
0.7813
0.8422
0.8089
0.7775
0.8840
0.8431
0.8712
0.8623
0.8405
0.8851
0.9338
0.8644
0.9022
0.8602
0.8307
0.8314
0.7787
0.9480
0.7385
0.9810
0.9550
0.7625
0.8629
0.8239
0.7269
0.8770
0.7800
0.7823
0.8724
0.8788
1.0057
0.8617
0.8386
0.8731
0.8475
0.9966
0.9763
0.8961
0.8340
0.8713
0.9193
0.8862
0.9455
0.9052
0.9321
0.9359
0.9201
0.9630
0.9150
0.8572
0.7576
0.9765
0.9312
0.9423
0.9598
0.8270
0.8382
0.8454
0.9476
0.8932
0.9549
0.9819
0.9172
0.8251
0.8184
0.8802
0.9013
0.8582
0.7884
0.8673
0.7746
0.7836
0.7904
0.8766
0.7934
0.7917
0.8807
0.8502
0.8204
0.8652
0.8393
0.9056
0.9646
0.8578
0.8950
0.8396
0.8507
0.9728
0.8674
0.8371
0.7972
0.8461
0.7841
0.8667
0.8148
0.8911
0.9103
0.9337
0.8804
0.9081
0.9387
0.9494
0.9389
1.0473
0.9522
1.0662
1.0561
0.9989
0.9703
1.0039
1.1018
0.9847
1.0829
0.9826
1.1455
1.1462
1.1069
1.0344
1.0366
1.0826
1.0413
0.9784
0.9686
0.9649
1.0397
0.9692
1.1127
0.9757
0.9396
1.0524
0.9040
0.8553
0.9297
0.9846
0.9990
1.0073
0.9329
0.9473
0.8675
0.9133
0.8861
0.8383
0.8413
0.8888
0.9002
0.9598
0.9448
0.9955
0.9734
0.8998
0.9150
0.8933
0.8821
0.9821
0.9540
0.9209
1.0307
0.8625
0.8218
0.8685
0.9538
0.8700
0.7969
0.8090
0.7987
0.6801
0.7198
0.7724
0.7539
0.7632
0.8946
0.8354
0.8951
0.7186
0.7710
0.7997
0.8076
0.9467
0.8888
0.9091
0.8622
0.8263
0.9846
0.8985
0.7915
0.7732
0.7910
0.8534
0.8400
0.7892
0.7312
0.8346
0.8923
0.7810
0.7904
0.8491
0.8191
0.7736
0.8666
0.8762
0.8104
0.7850
0.8362
0.9237
0.8916
0.8720
0.8410
0.8674
0.8806
0.9126
0.8612
0.8229
0.8727
0.8395
0.8845
1.0165
0.9187
0.8782
0.7395
0.7409
0.8255
0.8643
0.8770
0.9238
0.8839
0.7938
0.7561
0.7981
0.8892
0.9141
0.8924
0.8427
0.8433
0.8047
0.8583
0.7327
0.7607
0.8095
0.8574
0.8283
0.8810
0.7872
0.8211
0.7191
0.8257
0.8180
0.7613
0.8720
0.8049
0.7732
0.8268
0.7916
0.8447
0.7488
0.7722
0.7953
0.8829
0.8118
0.7961
0.8227
0.8476
0.8878
0.7758
0.8519
0.8695
0.8983
1.2374
0.9752
0.8987
0.9191
0.8501
0.8006
0.8196
0.8743
0.9190
0.9176
0.9893
0.9430
0.9209
1.0114
0.9245
0.9414
0.9248
0.9390
1.0415
0.9540
1.0535
1.0468
1.0131
1.0958
1.0384
1.0963
0.9508
1.0041
0.9563
0.9889
1.0115
0.9633
0.8751
0.9219
0.8748
0.9431
0.7945
0.7501
0.9714
0.8514
0.9099
0.8245
0.8839
0.7973
0.7939
0.8278
0.8173
0.8636
0.8331
0.8255
0.9516
0.8665
0.9541
0.8442
0.8760
0.8173
0.7855
0.9125
0.8468
0.8073
0.9258
0.8200
0.9073
0.8730
0.8666
0.7761
0.8095
0.8241
0.7984
0.8060
0.9422
0.9582
0.7967
0.8245
0.7956
0.8119
0.8957
0.8441
1.1112
0.8672
0.8068
0.7829
0.7550
0.7016
0.7465
0.7948
0.8327
0.8561
0.8768
0.8849
0.8224
0.9151
0.8494
0.7962
0.8435
0.9072
0.8173
0.8008
0.8804
0.8492
0.7830
0.7581
0.7565
0.7456
0.8100
0.7567
0.7895
0.7372
0.7901
0.8980
0.8614
0.8599
0.8380
0.9259
0.8278
0.9345
0.7738
0.7585
0.7630
0.7149
0.7240
0.8302
0.8564
0.7366
0.8814
1.0880
0.9789
0.8630
0.8226
0.8707
0.8963
0.9916
1.1014
1.0181
1.1601
0.9512
0.9058
0.9023
0.7915
0.8152
0.8419
0.7940
0.8186
0.8430
0.8042
0.7574
0.8247
0.9606
0.8703
0.8130
0.8678
0.8330
0.7659
0.8073
0.7301
0.8202
0.8352
0.8503
0.7476
0.7753
0.8133
0.7259
0.8113
0.8435
0.8484
0.7775
0.8215
0.8672
0.8800
0.7828
0.7845
0.8507
0.8022
0.8278
0.8720
0.8603
0.8016
0.7269
0.9029
0.9808
0.9090
0.8724
0.8252
0.8665
0.8395
0.8313
0.7621
0.8120
0.8062
0.9034
0.8560
0.8596
0.8755
0.9326
0.8635
0.8407
0.9307
0.9912
0.9200
0.7845
0.7716
0.8071
0.8174
0.9318
0.8847
0.9028
0.9104
0.8829
0.8066
0.7952
0.7722
0.8075
0.8212
0.8978
0.8316
0.8107
0.8783
0.8713
0.8421
0.8776
1.0648
1.1407
0.8533
0.8864
0.7547
0.7064
0.8021
0.8507
0.8465
0.8799
0.8128
0.8096
0.8465
0.8307
0.7350
0.8876
0.8738
0.8041
0.8065
0.7802
0.8844
0.7696
0.7759
1.1275
1.2689
0.8289
0.8232
0.7792
0.7197
0.8032
0.8419
0.8248
0.8231
0.8452
0.7886
0.8645
0.9628
0.9060
0.9909
0.8993
0.9427
0.8978
0.8172
0.7886
0.8993
0.7943
0.9398
0.9372
0.8744
0.8635
0.9128
0.8929
1.0093
0.9763
0.9421
0.8487
0.9164
0.7884
0.8658
0.9035
0.8464
0.8542
0.8041
0.8319
0.7715
0.7440
0.8305
0.8488
0.9508
1.0564
0.9651
1.0367
1.5691
0.7342
0.7573
0.9002
0.8510
0.8141
0.8123
0.7831
0.9294
0.8216
0.9241
0.8000
0.7230
0.7811
0.7767
0.7813
0.8148
0.8472
0.8005
0.8787
0.8281
0.7801
0.8269
0.8269
0.8145
0.7736
0.8130
0.7944
0.7785
0.8025
0.8189
0.7930
0.8100
0.8564
0.7340
0.7844
0.7439
0.7209
0.7353
0.7150
0.8094
0.7342
0.7494
0.8013
0.7330
0.7511
0.7778
0.7266
0.7392
0.8022
0.9137
0.8664
0.8693
0.7502
0.9244
0.9715
0.8916
0.6442
0.8963
0.9975
0.8536
0.9899
0.9368
0.9049
0.9597
0.8970
0.9374
0.8155
0.8587
0.7921
0.9411
1.0341
0.9357
0.8376
0.9858
0.8980
0.8883
0.8104
0.8800
0.9633
0.9623
0.7938
0.9400
0.7935
0.8282
0.8605
0.8789
0.8824
1.0013
0.8353
0.9533
0.8540
0.9612
