0.9013
0.8664
0.9267
0.9307
0.8861
0.8519
0.8743
0.9462
0.8738
0.8584
0.7818
0.9012
0.9224
0.8734
0.8536
0.8250
0.8630
1.0135
0.9525
0.9926
0.9263
0.8586
0.8404
0.8243
0.8147
0.7569
0.9762
0.9722
0.9274
0.9456
0.9249
0.8982
1.0592
0.9617
0.8638
0.7563
0.8698
0.8758
0.8809
0.9030
0.8565
0.8476
0.8245
0.8315
0.7823
0.8381
0.8828
0.8694
0.8460
0.8689
0.8322
0.8656
0.9063
0.8269
0.8685
0.9176
0.8841
0.8069
0.7331
0.8381
0.7150
0.8447
0.8248
0.8107
0.8677
0.9050
0.8426
1.0153
0.9461
0.8358
0.7651
0.7904
0.8064
0.7564
0.7281
0.8852
0.8984
0.8324
0.8410
0.8494
0.8390
0.8248
0.8083
0.7721
0.8204
0.9243
0.9605
0.8899
0.7853
0.7969
0.8593
0.8164
0.8474
0.9167
0.8686
0.8860
0.8910
0.9045
0.9052
0.8989
0.9560
0.9887
0.9610
0.9552
0.8695
0.8458
0.9448
1.1138
1.1763
0.8840
0.9190
0.9041
0.9187
0.8797
0.8647
0.8954
0.9154
0.8606
0.8172
0.8016
0.8876
0.9664
0.9061
0.7815
0.7651
0.8934
0.8220
0.7724
0.9230
0.8989
0.9035
0.9181
0.8583
0.7123
0.6168
0.7602
0.7795
0.7391
0.7681
0.8186
0.8539
0.8350
0.7700
0.8199
0.7456
0.8430
0.8274
0.8321
0.8412
0.8515
0.8619
0.8354
0.8042
0.8605
0.8439
0.7453
0.7286
0.7909
0.8511
0.8615
0.8736
0.8374
0.8394
0.8390
0.8434
0.8447
0.8291
0.8070
0.8263
0.8831
0.8328
0.7497
0.7679
0.7522
0.7640
0.8037
0.7786
0.8501
0.8329
0.7966
0.8834
0.8056
0.7672
0.8088
0.8098
0.7602
0.8418
0.8041
0.8742
0.8206
0.7837
0.8331
0.8943
0.8370
0.7134
0.7011
0.8063
0.8528
0.8637
0.8458
0.8392
0.8457
0.7792
0.8556
0.8528
0.8604
0.8601
0.8468
0.8658
0.8838
0.8222
0.8676
0.9499
0.8600
1.0083
1.1012
1.0424
0.9265
0.9078
1.0143
0.9896
0.8578
1.0238
0.9204
0.9287
0.9391
0.8886
0.9998
0.9876
0.9977
0.9430
0.9857
1.0381
0.9668
0.8717
0.8976
0.8903
0.8379
1.1877
0.9430
0.9980
0.9980
0.9233
0.9108
0.9699
1.0828
0.9745
1.2507
1.1254
1.0882
0.9885
0.8432
0.8338
0.8436
0.7835
1.0499
0.9545
0.7956
0.7477
0.7984
0.8505
0.8457
0.8206
0.7327
0.7539
0.8173
0.8326
0.8602
0.8851
0.8583
0.8802
0.9106
0.9016
0.9170
0.8445
0.7729
0.7853
0.8482
0.8514
0.9249
0.7705
0.9186
0.9847
0.9988
0.9419
0.8525
0.8066
0.8091
0.8498
0.8318
0.7842
0.7282
0.7638
0.8046
0.7879
0.8111
0.7938
0.8431
0.8493
1.0555
0.8920
0.7139
0.7348
0.7889
0.8482
0.7369
0.7457
0.7774
0.8134
0.9251
1.1392
1.1941
0.7590
0.9733
0.9466
0.8918
0.9409
0.8100
0.7680
0.8812
0.9029
0.8073
0.9162
0.8458
0.9075
0.8823
0.8325
0.7962
0.7840
0.8272
0.9318
0.8234
0.7693
0.7610
0.7706
0.7542
0.7682
0.8578
0.7938
0.7934
0.8670
0.7816
0.8094
0.8672
0.8399
0.7770
0.8681
0.8310
1.0038
0.8866
0.7521
0.7903
0.8043
0.7460
0.7703
0.7519
0.7913
0.8509
0.7916
0.8057
0.8249
0.8211
0.8434
0.9278
0.8665
0.8942
0.8178
0.7756
0.8027
0.7956
0.7842
0.8759
0.8514
0.9240
0.7433
0.7251
0.7508
0.7926
0.8487
0.9015
0.8900
0.6926
0.7052
0.6522
0.6976
0.7402
0.8243
0.8985
0.8455
0.8830
0.8718
0.8046
0.8128
0.8319
0.8311
0.8327
0.8679
0.9098
0.8077
0.7428
0.8222
0.8393
0.8762
0.8724
0.8712
0.9751
0.8576
0.7075
0.6839
0.8309
0.8474
0.8355
0.8307
0.7924
0.7650
0.8130
0.6807
0.8212
0.8251
0.8242
0.8033
0.8048
0.9167
0.8256
1.0013
0.8904
0.8824
0.8377
0.7654
0.7811
0.9292
1.0283
0.9289
0.7203
0.7754
0.8993
0.9349
0.8656
0.8172
0.9498
1.2352
0.9454
0.8961
0.7943
0.7775
0.7961
0.8112
0.8408
0.9011
0.8499
0.7842
0.7575
0.8030
0.9056
0.8659
0.7276
0.7814
0.7142
0.9647
0.8372
0.8872
0.8779
0.8843
0.8870
0.8152
0.7866
0.7622
0.7828
0.7866
0.9114
0.9066
0.8929
0.9613
0.9227
0.7456
0.8151
0.8925
0.8078
0.7889
0.8418
0.8996
0.8832
0.7332
0.8143
0.8143
0.8141
0.7634
0.8036
0.8219
0.7561
0.7622
0.7765
0.7924
0.8104
0.8136
0.8612
0.8880
0.8534
0.8178
0.9090
0.8912
0.8589
0.8215
0.8865
0.9561
0.9075
0.7727
0.7393
0.7570
0.7764
0.7998
0.8553
0.9003
0.9051
0.8965
0.9101
0.8973
0.8462
0.7911
0.6973
0.7645
0.7711
0.7807
0.8683
0.8731
0.8191
0.6740
0.7298
0.7633
0.7995
0.8288
0.8162
0.7735
0.8335
0.9052
0.8868
0.8611
0.8325
0.8207
0.8237
0.8307
0.8412
0.8590
0.7885
0.7715
0.7564
0.7322
0.7499
0.7982
0.8518
1.0233
0.8486
0.7656
0.8311
0.8696
0.8922
0.8711
0.8045
0.7879
0.8734
0.8445
0.8277
0.7318
0.8089
0.7891
0.6984
0.8000
0.7040
0.7588
1.0276
0.8429
0.7536
0.7285
0.7469
0.8023
0.8005
0.6933
0.8432
0.9355
0.8802
0.8992
0.9199
0.8705
0.8370
0.9592
0.8500
0.8419
0.8496
0.9077
0.9274
0.8780
0.8213
0.8360
0.7444
0.7400
0.7955
0.7504
0.7230
0.8027
0.8920
0.8410
0.8442
0.7566
0.7289
0.8530
0.9244
0.9240
0.9192
0.9167
0.8086
0.7668
0.8156
0.7253
0.6839
0.7749
0.7918
0.7578
0.8809
0.7834
0.8497
0.7907
0.7726
0.7960
0.7966
0.7984
0.8377
0.8428
0.7523
0.7444
0.7342
0.8463
0.8620
0.9073
0.9424
0.7614
0.8128
0.7981
0.8563
0.8255
0.8016
0.8109
0.8656
0.9029
0.7835
0.8638
1.0431
1.1777
1.0666
0.9701
0.8472
0.7445
0.8685
0.9830
0.8659
1.1581
0.9648
0.8587
0.8679
0.8839
0.8652
0.8845
0.9849
0.9437
0.8923
0.8243
0.7910
0.8304
0.8801
0.8474
0.9139
0.8047
0.7117
0.7413
0.7900
0.8214
0.7942
0.7330
0.7990
0.9104
0.8110
0.8114
0.7809
0.8240
0.8852
0.9173
0.9635
0.9248
0.7930
0.8801
0.9206
0.8759
0.7908
0.7733
0.8408
0.7999
0.8588
0.8261
0.7906
0.9222
0.8709
0.7576
0.7687
0.8055
0.7623
0.8303
0.8788
0.9517
0.8962
0.9279
1.0355
1.0163
0.8960
0.9018
0.9134
0.7706
0.8146
0.8760
0.8959
0.8848
0.8429
0.8849
0.8553
0.8473
0.8003
0.8430
0.8735
0.8486
0.8376
0.8845
0.8713
0.8263
0.8054
0.8073
0.8010
0.7713
0.7436
0.7551
0.7177
0.8152
0.8606
0.7962
0.8028
0.8297
0.8421
0.8533
0.7989
0.7867
0.8914
0.8774
0.7521
0.7741
0.8662
0.8832
0.8794
0.7995
0.8323
0.9215
0.9252
1.0253
1.1116
1.0670
0.9491
0.9839
1.0102
0.8082
0.8015
0.7618
0.8228
0.8941
0.8387
0.7340
0.8087
0.8924
0.8863
0.8258
0.8502
0.8587
0.8350
0.8691
0.9055
1.2201
0.9279
0.9350
0.8628
0.7844
0.7583
0.7935
0.8866
0.8957
0.7441
0.8957
0.8910
0.9030
0.9368
0.9731
0.9843
0.8133
0.8461
0.8606
0.8912
0.9830
1.0785
1.1092
1.0738
1.0532
1.0444
1.0652
1.1841
1.1379
1.0163
0.9153
0.8895
0.9546
1.1091
1.0329
1.0721
0.8986
0.9964
1.0231
0.9798
1.0453
1.1100
1.0074
1.0837
0.9576
0.9917
1.0776
1.1636
1.1897
1.1179
1.1059
1.1975
1.1536
1.1949
1.3307
1.2952
1.2216
1.2898
1.2892
1.5861
1.2411
1.3188
1.1918
1.1121
1.0704
1.0595
1.1274
1.0250
1.0679
1.1525
1.0852
1.0944
1.2032
1.2301
1.1368
1.2479
1.2277
1.1681
1.1601
1.2854
1.2815
1.2518
1.2583
1.1773
1.1035
1.2655
1.1355
1.1578
1.3019
1.3681
1.3905
1.4168
1.2216
1.2339
1.2021
1.0494
1.1067
1.5075
2.3990
2.7225
1.3212
1.4099
1.3133
1.3485
1.2881
1.2969
1.2738
1.3042
1.3600
0.9621
0.8407
0.8330
0.8711
0.8480
0.8641
0.9010
0.9216
0.9267
0.8411
0.9296
0.8855
0.8810
0.8425
0.7861
0.7809
0.8314
0.7981
0.7981
0.6786
0.7950
1.0164
0.9286
0.8510
0.9238
0.8391
1.3016
0.8049
0.7841
0.8660
0.7797
0.7107
0.7715
0.8410
0.7268
0.8082
0.8601
0.9558
0.8786
0.9162
0.9801
0.9271
0.8538
0.8836
0.7302
0.9613
0.8966
0.8161
0.8124
0.8346
0.7994
0.7157
0.7382
0.7782
0.8200
0.7813
0.7388
0.6973
0.6981
0.8081
0.7071
0.7762
0.9105
0.7518
0.7925
0.8218
0.7363
0.7063
0.8140
0.7882
0.7194
0.7575
0.8763
0.8070
0.7736
0.9339
0.9709
0.7273
0.8077
0.8526
0.7908
0.8796
0.9100
0.8474
0.8783
0.9769
0.8691
0.9155
0.8278
0.8326
0.7515
0.7449
0.8978
0.9064
0.7514
0.9427
1.1197
0.9794
0.8309
0.8611
0.9542
0.9406
1.0599
0.9781
1.1502
0.9950
0.9759
1.0320
1.0660
1.0401
0.9640
