1.1322
1.0196
0.9729
1.0573
0.8942
0.8593
0.8749
1.1654
0.9138
0.7848
0.7629
0.7665
0.7768
0.7869
0.7923
0.7693
0.8528
1.0200
0.9457
0.8795
0.8685
1.0157
1.1139
1.1682
1.2037
0.9836
1.0179
1.0474
1.0780
1.1482
1.1207
1.0750
1.0262
0.9799
0.9448
0.9109
1.0159
1.0184
1.0193
1.0451
1.0916
1.0720
1.0193
1.0277
0.9654
0.9573
1.0662
1.0852
1.0477
0.9978
1.0016
1.0227
1.0725
1.1702
1.0462
1.0330
1.0247
0.9670
1.1302
1.1634
1.1196
1.0045
0.9387
0.9118
0.9880
1.0790
1.1340
1.1774
1.1025
1.0791
1.1031
1.2103
1.4076
1.2976
1.1496
1.1652
1.1896
1.2251
1.2791
1.0517
1.0705
1.1536
1.4404
1.2292
1.1367
1.0881
1.2918
1.2329
1.2009
1.2202
1.2184
1.1544
1.0864
1.2342
1.3259
1.4309
1.5812
1.6913
1.5095
1.2943
1.0737
1.1747
1.3178
1.5153
1.3252
1.3528
1.4068
1.5290
1.4185
1.3976
1.4191
1.8507
1.4921
1.3714
1.5991
1.3948
1.3271
1.2797
1.2048
1.3022
1.2971
1.2010
1.3119
1.2650
1.2328
1.3038
1.3558
1.3308
1.2664
1.1055
1.0517
1.0770
1.2840
1.3189
1.3685
1.4078
1.2072
1.2530
1.2380
1.1464
1.1868
1.4263
1.6196
1.4188
1.4067
1.4090
1.4211
1.3517
1.2907
1.2632
1.3275
1.2692
1.2839
1.3252
1.3515
1.2612
1.2149
1.2266
1.2301
1.2516
1.2795
1.3317
1.2388
1.2450
1.3397
1.3161
1.1783
1.0902
1.2235
1.1930
1.1567
1.1132
1.0478
1.1339
1.2154
1.3078
1.3659
1.2604
1.1244
1.2388
1.2146
1.2345
1.3126
1.4589
1.5243
1.5346
1.2824
1.3280
1.2538
1.0874
1.2955
1.1743
1.0885
1.1238
1.1038
1.2175
1.3777
1.1717
1.2465
1.2889
1.2911
1.1946
1.1665
1.1387
1.0102
1.0866
1.1220
1.1300
1.1503
1.2007
1.2051
1.0102
1.0867
1.0666
0.9979
0.9644
1.0731
1.1403
1.1314
1.0088
1.0177
1.0663
1.1871
1.1189
1.0608
0.9985
1.1400
1.0970
1.0574
1.1709
1.0577
1.0540
1.1214
1.0521
1.0118
0.9440
0.7724
0.7969
0.7679
0.7211
0.8046
0.8624
0.9003
0.9169
0.9460
1.0414
1.1285
1.0183
0.9244
0.8853
0.8853
1.0054
0.9583
0.9007
0.8420
0.9285
0.9557
0.9581
0.8499
0.9627
1.0353
1.0350
1.0574
1.1629
1.2649
0.9134
0.9569
0.9552
0.8982
0.8702
0.8596
0.8602
0.9150
0.9264
0.9380
0.9521
0.8966
0.9023
0.8900
0.8131
0.9312
0.9611
0.9544
0.6763
0.7583
0.8239
0.8821
0.8134
0.8329
0.8664
0.8748
0.9897
0.9533
0.7727
0.8542
0.8755
0.9000
0.9623
0.9276
0.8974
0.8655
0.8239
0.7333
0.6955
0.7669
0.8480
0.8110
0.7490
0.8079
0.7661
0.7937
0.9135
0.8904
0.8540
0.8205
0.8116
0.7893
0.8192
0.8893
0.8609
0.8368
0.8300
0.8732
0.8542
0.8268
0.7927
0.7137
0.6636
0.6487
0.6876
0.8352
0.8571
0.8412
0.6927
0.8078
0.8387
0.8019
0.8575
0.8045
0.7550
0.7469
0.7371
0.7625
0.8085
0.8259
0.8548
0.8460
0.7491
0.8903
0.8979
0.8624
0.7027
0.7051
0.7218
0.7608
0.7345
0.7726
0.8099
0.7955
0.7982
0.7783
0.7395
0.8605
0.8686
0.8664
0.8458
0.7476
0.7952
0.9017
1.0763
0.9282
0.8752
0.9649
1.0608
1.0326
0.9754
0.8714
0.9423
1.0367
1.1761
0.8751
0.7198
0.6218
0.6962
0.6086
0.6067
0.6463
0.7341
0.7181
0.7289
0.8048
0.7794
0.7662
0.7556
0.7487
0.8219
0.8800
0.9363
0.8294
0.7794
0.7668
0.9357
0.8652
0.8490
0.8659
0.9111
0.9050
0.9282
1.0534
0.9392
0.8768
0.8305
0.8995
0.8416
0.8816
1.0971
1.0022
0.9151
0.8370
0.8458
1.0052
0.9966
0.8331
0.9551
0.9456
0.9087
0.7938
0.6738
0.6689
0.7197
0.9692
0.8934
0.8427
0.8404
0.9133
0.9060
0.8759
0.8312
0.8764
0.8655
0.7822
0.8500
0.9392
0.9904
0.7978
0.8352
0.8543
0.8648
0.9498
0.9673
0.9729
0.9517
1.0107
0.9803
0.9137
0.8238
0.9243
0.9704
0.9388
0.8847
0.8483
0.8205
0.8490
0.8401
0.8767
0.9641
1.0159
0.9356
0.8708
0.9053
0.8594
0.8755
0.9241
1.0168
1.0658
1.0673
0.9605
0.9046
0.8986
0.9041
0.8858
0.8947
0.9025
0.9110
1.0160
0.9566
0.8868
0.8805
0.8713
0.8206
0.7319
0.8826
0.8162
0.7676
0.7906
0.8567
0.8641
0.8562
1.0523
0.9304
0.8385
0.7701
0.7522
0.8175
0.8868
0.8315
0.7592
0.7667
0.8494
0.9814
0.9818
0.9631
0.9057
0.8093
0.7452
0.6882
0.7155
0.7125
0.7009
0.6667
0.7531
0.7347
0.6950
0.7784
0.8866
0.8901
0.7641
0.7937
0.8063
0.8146
0.8111
0.7994
0.7777
0.7449
0.8219
0.7443
0.7002
0.7702
0.8913
0.9113
0.8936
0.7749
0.8136
0.8465
0.8789
0.8378
0.8158
0.8083
0.9049
0.8823
0.8613
0.8365
0.8737
0.8889
0.8837
0.7982
0.8297
0.8193
0.7866
0.8027
0.8203
0.8260
0.8057
0.8101
0.8066
0.8065
0.8972
0.8480
0.8087
0.7704
0.9109
0.9871
1.0232
0.8665
0.8113
0.8047
0.8299
0.8142
0.7828
0.7924
0.9351
0.7662
0.7657
0.8300
0.9979
0.9394
0.8920
0.8495
0.8594
0.8946
0.9219
0.8210
0.8980
0.9024
0.8405
0.7599
0.7601
0.7734
0.8160
0.7822
0.8054
0.8605
0.9248
1.0184
1.0450
0.9218
0.8659
0.8670
0.8843
0.9132
0.8417
0.8249
0.8718
0.8110
0.8300
0.8470
0.7865
0.8373
0.8556
0.8552
0.8142
0.8243
0.8360
0.8486
0.7771
0.8039
0.8697
0.9269
0.8959
0.8781
0.8777
0.7033
0.7276
0.7866
0.8024
0.8256
0.8220
0.7923
0.8169
0.8133
0.8096
0.8153
0.8219
0.8738
0.9558
0.8829
0.9558
0.9785
0.8864
0.8656
0.8476
0.8288
0.8025
0.8286
0.8320
0.8077
0.8503
0.9231
0.9873
0.9761
0.9347
1.0189
1.2067
1.1858
1.0170
0.9075
0.9787
0.8820
0.8426
0.8230
0.8948
0.8751
0.8497
0.8069
0.8225
0.7697
0.7250
0.8952
0.9319
0.9491
0.9524
0.8580
0.9566
1.0167
0.8463
0.9109
0.8940
0.8335
0.8059
0.8412
0.9090
1.0698
0.8675
0.8573
0.8990
0.9360
0.8397
0.8145
0.8724
0.9786
0.9148
0.8369
0.8096
0.7654
0.7725
0.8163
0.7284
0.7128
0.7094
0.7334
0.7884
0.8207
0.8472
0.8527
0.9490
0.9614
0.8318
0.8337
0.7894
0.7526
0.8856
0.9013
0.8674
0.7783
0.8413
0.8591
0.8567
0.7816
0.8229
0.8150
0.7810
0.8357
0.8519
0.8525
0.8175
0.9009
0.8830
0.8376
0.8175
0.8424
0.8908
0.9832
0.8222
0.8285
0.8551
0.8671
0.7957
0.7329
0.6631
0.8770
0.8742
0.8920
1.0124
1.2215
1.1357
0.9322
0.8219
0.8264
0.8350
0.8534
0.9071
0.9040
0.8796
0.7608
0.7858
0.7984
0.8025
0.9159
1.0108
1.0637
0.9475
0.9193
0.8958
0.8715
0.8568
0.9025
0.9779
1.1427
0.7449
0.7404
0.8366
0.7972
0.8077
0.8113
0.8068
0.9190
0.9050
0.8729
0.8344
0.9605
0.9677
0.8935
0.9818
0.9753
0.9361
0.7956
0.9244
0.9440
0.9246
0.9218
0.7730
0.6662
0.6021
0.8623
0.8941
0.8737
0.7795
0.9705
0.9433
0.7017
0.8905
0.9212
0.9373
0.9531
0.8729
0.9495
1.1176
0.8630
0.9456
0.9682
0.8446
0.8867
0.8680
0.8318
0.8068
0.8889
0.9118
0.8648
0.8733
0.9328
0.9714
0.8311
0.8294
0.8659
0.9366
0.9235
0.9726
0.9595
0.7320
0.8982
0.8240
0.6561
0.7286
0.6470
0.6895
0.9626
0.9793
0.9861
0.9886
0.9667
0.9982
1.0058
0.9928
0.7518
0.7490
0.7628
0.7587
0.7536
0.7659
0.7889
0.8656
0.7973
0.7719
0.8473
1.1057
0.9880
0.7796
0.9533
0.8737
0.8267
0.8082
0.9335
0.9876
1.0069
0.8646
0.8878
0.8779
0.8426
0.9729
0.8817
0.8281
0.9177
1.0952
1.0974
1.0343
1.0381
0.9536
0.9837
1.2252
1.0753
0.9184
0.7772
0.8531
0.9128
0.9356
0.9291
1.2317
1.1293
0.9846
0.7863
0.9097
0.9467
0.9441
0.8319
0.8115
0.8194
0.8954
0.9527
0.9191
0.8753
1.1338
0.9757
0.9005
0.9114
0.7829
0.7879
0.8533
1.1952
0.9915
1.1286
1.5361
1.0738
0.9546
0.9005
0.9923
0.9491
0.8875
0.8100
0.6086
0.8784
1.0468
1.0835
0.9963
0.9566
0.9177
0.8044
0.8187
0.8348
0.8567
0.7427
0.8552
0.9373
0.8036
0.8191
0.9167
1.0715
0.7797
0.7940
0.8076
0.8144
0.8309
0.8715
0.9314
1.1635
1.1307
1.0502
0.8835
0.8479
0.8902
0.9397
0.9672
1.0243
1.0158
0.9587
0.9764
1.0239
1.0447
0.9782
0.9373
0.9393
0.9557
0.8463
1.0142
1.0685
0.9353
0.9654
1.0020
1.0352
1.0102
0.9209
0.8758
0.8621
1.0311
1.0280
0.9978
0.9105
0.8638
0.9070
1.0038
0.9686
0.9679
0.9639
0.9495
1.0347
1.0622
1.0532
0.6601
1.0113
1.1137
0.9184
