0.9414
0.9304
0.9157
1.0468
1.0425
0.9759
1.0848
1.1179
1.0502
1.0504
1.0505
1.0195
1.0558
1.1053
1.0478
1.0289
1.0058
0.9047
0.8649
0.8766
0.9325
0.9756
0.9506
0.9699
0.9967
0.9180
0.9034
0.9018
0.8844
0.8941
1.0051
0.9717
0.9455
1.1943
1.0858
0.9309
0.9625
0.9169
0.7805
0.9513
0.9938
0.7923
0.8795
0.9486
0.9454
0.9898
1.0527
1.1264
1.0774
0.9079
0.9374
0.9438
0.8998
0.9212
0.9384
0.7259
0.8612
1.0603
0.8736
0.8444
0.8623
0.8804
0.8749
0.7793
0.7278
0.6858
0.8614
0.9110
0.9778
0.8570
0.8342
0.8368
0.8927
0.9058
0.8188
0.8214
0.8235
0.7818
0.8593
0.9748
0.8873
0.8701
0.8712
0.8263
0.8053
0.8001
0.7925
0.7861
0.8059
0.8144
0.8263
0.9249
0.9423
0.9339
0.8658
0.8408
0.8895
0.8382
0.7948
0.7738
0.7430
0.6974
0.7496
0.7729
0.8092
0.8611
0.8694
0.7408
0.8018
0.8540
0.7746
0.7787
0.7893
0.8392
0.8844
0.9873
0.9337
0.9026
0.8545
0.8336
0.8155
0.8903
0.8827
0.8665
0.8716
0.9165
1.0499
0.9036
0.8405
0.9031
0.8455
0.7948
0.8984
0.8733
0.8270
0.8118
0.8399
0.9375
0.8327
0.7896
0.8615
0.8795
0.8955
0.8347
0.8658
0.9200
0.8343
0.8468
0.9486
0.9042
0.8992
1.0582
1.0101
0.9665
0.9477
0.9805
1.0352
0.9829
0.9944
1.0707
1.0296
1.0110
1.0304
0.9646
0.9044
0.9487
0.9662
0.9912
0.8535
0.8663
1.0164
1.1546
1.2019
0.9675
0.9846
1.0006
1.0436
1.0553
1.0709
1.0347
1.0562
1.1574
1.0788
1.0375
1.0296
1.0050
0.9817
1.0664
1.0702
1.0682
1.0966
1.0721
0.9643
1.1488
1.2365
1.1365
1.0944
1.0542
1.0024
0.9970
0.9933
0.9063
0.9210
1.0491
1.0006
0.9827
1.0735
1.0437
1.0150
0.9350
0.9493
0.9836
0.8859
0.8970
1.0261
0.9419
0.9029
0.9808
0.9550
0.9297
1.0759
1.0100
0.8752
0.8255
0.8426
0.9520
0.9896
1.0063
0.9576
0.9666
0.9756
0.9206
0.9364
0.9720
0.9616
0.9628
0.9775
0.9795
0.9737
0.8827
0.8783
0.8738
0.8000
0.8272
0.8871
0.9243
0.9081
0.8088
0.9385
1.0059
0.9267
0.8607
0.7934
0.8822
0.8945
0.9036
0.8975
0.9008
0.9198
0.8880
0.8771
0.9860
0.9855
0.9849
1.1133
1.0836
1.0072
0.9096
0.8783
0.8655
0.8779
0.8890
0.9489
0.8773
0.8024
0.7937
0.7597
0.6966
0.9212
0.9569
0.8368
0.7941
0.7722
0.8249
0.8091
0.7924
0.8847
0.9120
0.9477
0.8772
0.8722
0.9378
1.0561
1.1136
0.8848
1.0441
1.2152
0.8495
0.8623
0.9575
1.2874
1.3159
1.0180
1.0585
1.0721
0.8644
0.8489
0.8322
0.8636
0.8932
0.9458
0.8962
0.8614
0.7794
0.8399
0.8721
0.7717
0.7873
0.8045
0.8810
0.8619
0.8068
0.8550
0.8648
0.8413
0.8918
0.9320
1.1217
1.0484
0.9665
1.0733
1.0248
0.9014
0.9074
0.9250
0.9942
0.9226
0.8710
0.7221
0.7908
0.8687
0.8732
0.9072
0.9766
0.7569
0.7057
0.7991
0.8120
0.8194
0.7959
0.8179
0.8432
0.8066
0.7817
0.7383
0.8722
0.8898
0.7649
0.7531
0.7449
0.7335
0.7589
0.7885
0.9109
0.8922
0.8199
0.8013
0.8346
1.0222
1.0730
1.1040
1.0273
0.9625
0.8863
0.9123
0.9025
0.8739
0.9104
0.9028
0.8050
0.8608
0.8955
0.8051
0.8004
0.7947
0.8457
0.8215
0.7534
0.7756
0.7843
0.7890
0.8053
0.8160
0.7984
0.7930
0.7865
0.8408
0.8383
0.8160
0.8315
0.8321
0.8071
0.7832
0.7716
0.9956
0.9091
0.8030
0.7670
0.7686
0.7838
0.8050
0.8101
0.7966
0.8220
0.8402
0.8677
0.8679
0.8681
0.8300
0.7981
0.7371
0.6898
0.6886
0.7757
0.7990
0.8138
0.7011
0.7528
0.8180
0.8673
0.8923
0.9338
0.7714
0.7216
0.7826
0.7596
0.7439
0.8129
0.7734
0.7230
0.7872
0.8035
0.8191
0.9220
0.9383
0.8091
0.8164
0.8219
0.8459
0.8451
0.8441
0.7898
0.7661
0.7294
0.9404
1.0085
0.9295
0.9310
0.9322
0.9426
0.9454
0.9490
0.8063
0.8099
0.8753
0.7990
0.7849
0.8793
0.8651
0.8544
0.7795
0.7739
0.7663
0.8557
0.8619
0.8404
0.8478
0.8492
0.8402
0.8346
0.8304
0.8974
0.8702
0.8334
0.7357
0.7827
0.9446
0.9386
0.9252
0.8569
0.8672
0.8751
0.8130
0.8532
0.9087
0.9530
0.9607
0.9603
0.8851
0.8571
0.8773
0.8815
0.8848
0.8467
0.8772
0.9199
1.1878
1.1886
1.0643
0.9100
0.8613
0.9682
1.0558
1.1246
0.8916
0.9478
1.0305
1.0709
1.0707
1.0503
0.9260
0.8907
1.0115
1.0253
1.0363
1.2557
1.1930
1.0992
1.2302
1.2512
1.2414
1.2307
1.2236
1.2064
1.2165
1.2248
1.2088
1.1826
1.1452
1.1926
1.1502
1.0077
1.0508
1.0801
1.1540
1.1641
1.1724
1.2648
1.1933
1.0858
1.0545
1.0063
0.8884
0.9583
0.9924
1.0127
1.1415
1.2482
1.1067
1.1635
1.2530
1.1481
1.1526
1.2265
1.2096
1.2083
1.2574
1.2788
1.2968
1.2390
1.2419
1.2487
1.0271
1.0484
1.2446
1.2089
1.2084
1.3358
1.4022
1.4588
1.6104
1.5088
1.3465
1.3054
1.3099
1.3491
1.2055
1.1260
1.0260
1.0992
1.1623
1.2559
1.2522
1.2413
1.3342
1.3409
1.3001
1.3042
1.3269
1.5030
1.5611
1.6120
1.4953
1.3821
1.2118
1.3034
1.3162
1.2931
1.3168
1.3318
1.3626
1.3478
1.3347
1.2233
1.2596
1.3250
1.3961
1.4849
1.7120
1.5733
1.4885
1.3358
1.3222
1.3099
1.4022
1.3895
1.3620
1.3272
1.3093
1.2779
1.2626
1.2433
1.1332
1.1980
1.2569
1.3702
1.3539
1.3180
1.3226
1.3097
1.2645
1.3730
1.4018
1.1440
1.1479
1.1516
1.1922
1.1719
1.1346
1.2253
1.2498
1.2582
1.2908
1.2908
1.1191
1.2692
1.4094
1.1733
1.1526
1.1407
1.1147
1.1336
1.2187
1.1028
1.0537
1.1732
1.1650
1.1572
1.2211
1.2097
1.1834
1.1053
1.0766
1.0464
1.1215
1.1571
1.1105
1.1219
1.1328
1.0257
1.0390
1.0741
1.0480
1.0356
1.0159
0.9605
0.9267
0.8788
0.9819
1.0820
1.0025
0.9886
0.9738
0.8851
0.8630
0.8673
0.9991
1.0662
1.0089
0.9703
0.9322
0.9786
0.9385
0.8612
1.0162
1.0379
0.9657
0.9566
0.9477
0.8986
0.9571
1.0154
0.9484
0.9260
0.8951
0.9331
0.9265
0.8632
0.8590
0.8636
0.9569
0.9540
0.9511
0.9335
0.9114
0.8735
0.9645
0.9604
0.8490
0.9231
0.9593
0.8743
0.9009
0.9282
0.9403
0.9186
0.8762
0.9888
1.0021
0.9302
0.9856
1.0252
1.1413
1.1019
1.0610
0.9949
1.0470
1.1563
1.0661
1.0337
1.0089
0.8995
0.8443
0.9837
0.9810
0.9782
0.8632
0.8482
0.8398
0.9834
0.9690
0.7407
0.7410
0.7516
0.9275
0.8442
0.7554
0.9265
0.9024
0.8238
0.9376
0.9677
0.9503
1.1171
1.2158
1.1878
1.2657
1.3497
0.9818
0.9164
0.8599
0.8414
0.8435
0.8759
0.8348
0.8103
0.8221
0.9359
1.0605
0.9329
0.8821
0.8070
0.8531
0.8656
0.8576
0.8882
0.9027
0.8135
0.8584
0.9081
0.9256
0.9458
0.9831
0.9454
0.9341
0.9369
1.0190
1.0656
0.9607
0.9043
0.8410
0.9543
0.9276
0.8464
0.9455
0.9586
0.8739
0.9917
1.0606
0.9111
0.9238
0.9384
0.8544
0.8406
0.8321
0.9322
0.9750
1.0195
0.9035
0.8343
0.9828
0.9420
0.8949
0.8277
0.8545
0.9286
0.9438
0.9345
0.8674
0.9068
0.9280
0.7923
0.8392
0.8940
0.7841
0.8268
0.9482
0.9058
0.8712
0.7748
0.8849
0.9574
0.9419
0.9211
0.8966
0.9099
0.9378
0.9951
0.8555
0.8290
0.9366
0.9116
0.8941
0.8655
0.8687
0.8726
0.8964
0.8830
0.8462
0.9230
0.9260
0.8053
0.8121
0.8194
0.9401
0.9033
0.8585
0.7880
0.7901
0.8168
0.7979
0.7976
0.8302
0.7782
0.7423
0.7398
0.7516
0.7662
0.7972
0.8481
0.9544
0.8524
0.8330
0.9274
0.9507
0.9665
0.9389
0.9863
1.0456
0.9515
0.9770
1.0680
1.0613
1.0332
0.8951
0.8948
0.8935
0.8123
0.8887
0.9855
0.8125
0.8232
0.9101
0.9198
0.9136
0.8594
0.9487
1.0120
0.9174
0.9244
0.9334
0.9676
0.9009
0.7278
0.8555
0.9295
1.0705
1.0145
0.9739
1.0247
0.9940
0.9539
0.9370
0.9750
1.0741
0.9338
0.9010
1.0301
0.9860
0.9535
0.9858
0.9653
0.9383
0.9097
0.8809
0.8209
0.7967
0.8149
0.9808
0.8903
0.8225
0.9293
0.8585
0.7638
1.2515
1.2998
1.2155
1.0944
1.0346
0.9681
0.9286
0.8987
0.8648
1.0231
1.2374
1.1298
1.0353
0.8408
0.8239
0.8586
1.1213
0.9817
0.8743
1.0868
1.0549
1.0092
0.8915
0.9560
1.1781
0.9219
0.8214
0.8622
0.9049
0.9381
0.9415
0.8763
0.7855
0.8472
0.8823
0.9455
0.8392
0.8093
0.9108
0.8250
0.7572
0.8677
0.8539
0.8323
1.0600
1.0931
