0.8410
0.8410
1.1667
1.3410
1.2688
1.1024
1.1024
1.0377
1.0346
1.0485
1.0575
1.0783
1.1380
1.1380
1.0015
0.9881
1.0201
1.0450
1.0544
1.0891
1.0891
0.9801
0.9633
1.0663
1.1623
1.1574
1.1333
1.1333
1.0821
1.0710
1.0300
0.9845
1.0029
1.1317
1.1317
1.0482
1.0242
0.9877
0.9391
0.9527
1.1092
1.1092
1.0200
0.9874
1.0498
1.1496
1.1525
1.2324
1.2324
1.3242
1.3659
1.2801
1.1133
1.1133
1.0407
1.0401
1.0893
1.1166
1.1165
1.1164
1.1164
1.0769
1.0747
1.0096
0.9661
0.9837
1.0361
1.0361
1.0433
1.0440
1.0016
0.9676
1.0157
1.2003
1.2003
1.1138
1.0996
1.0051
0.9144
0.9338
1.0344
1.0344
1.1401
1.1641
1.1119
1.0521
1.0292
0.8569
0.8569
0.9059
0.9206
0.9803
1.0623
1.0640
1.0845
1.0845
1.0072
0.9779
1.0363
1.1328
1.1314
1.0835
1.0835
0.9864
0.9410
0.9714
1.0324
1.0324
0.9560
0.9549
1.0865
1.1617
1.1036
0.9596
0.9596
0.8930
0.8888
0.9033
0.9133
0.8872
0.8063
0.8063
0.9408
0.9564
0.9135
0.8780
0.9005
0.9907
0.9907
1.1158
1.1377
1.0669
0.9971
0.9857
0.9236
0.9236
1.0284
1.0534
1.0669
1.0827
1.0758
1.0198
1.0198
0.9917
0.9829
0.9276
0.8496
0.8607
1.0184
1.0184
0.8896
0.8391
0.8447
0.8543
0.8540
0.8396
0.8396
0.8560
0.8640
0.8665
0.8718
0.8718
0.9697
0.9719
1.1629
1.2753
1.2043
1.0225
1.0225
0.9439
0.9383
1.0189
1.0761
1.0341
0.8982
0.8982
0.9006
0.9009
0.8315
0.7725
0.7992
0.9117
0.9117
0.8819
0.8763
0.8746
0.8728
0.8782
0.9095
0.9095
0.8419
0.8250
0.8742
0.9338
0.9265
0.8635
0.8635
0.8753
0.8792
0.8505
0.8087
0.8131
0.8850
0.8850
0.8428
0.8257
0.8171
0.8021
0.8023
0.8182
0.8182
0.7577
0.7274
0.7439
0.7793
0.7793
0.9932
0.9996
0.8766
0.8019
0.8143
0.8473
0.8473
0.8548
0.8554
0.7848
0.7331
0.7515
0.8132
0.8132
0.8128
0.8128
0.7991
0.7871
0.7777
0.7359
0.7359
0.8286
0.8466
0.8303
0.8132
0.8242
0.8918
0.8918
0.8421
0.8291
0.8807
0.9452
0.9419
0.9101
0.9101
0.9153
0.9171
0.9023
0.8802
0.8727
0.7355
0.7355
0.8158
0.8496
0.8463
0.8401
0.8399
0.8004
0.8004
0.9420
1.0151
1.0534
1.1382
1.1382
0.9242
0.9160
0.9109
0.9076
0.8768
0.7917
0.7917
0.7294
0.7239
0.7533
0.7755
0.7814
0.8022
0.8022
0.8430
0.8489
0.8737
0.8961
0.8703
0.7512
0.7512
0.8120
0.8245
0.8787
0.9372
0.9010
0.6644
0.6644
0.7516
0.7754
0.7763
0.7774
0.7763
0.7650
0.7650
0.8093
0.8249
0.8273
0.8310
0.8314
0.8411
0.8411
0.8566
0.8634
0.8776
0.9042
0.9042
0.8582
0.8582
0.8865
0.9015
0.8494
0.7297
0.7297
0.8369
0.8418
0.8288
0.8204
0.7863
0.6889
0.6889
0.7896
0.7994
0.7759
0.7577
0.7629
0.7820
0.7820
0.8580
0.8696
0.9918
1.1050
1.0538
0.8040
0.8040
0.9332
0.9611
1.0380
1.1232
1.0813
0.7906
0.7906
0.9497
0.9950
1.1249
1.2973
1.2796
1.0796
1.0796
1.1275
1.1449
1.0264
0.8374
0.8355
0.7867
0.7867
1.0746
1.2047
1.1484
1.0395
1.0395
0.8347
0.8334
0.8152
0.8052
0.7984
0.7820
0.7820
0.8850
0.8906
0.9075
0.9188
0.8704
0.7266
0.7266
0.7671
0.7714
0.7886
0.8023
0.7806
0.6979
0.6979
0.8306
0.8522
0.8458
0.8396
0.8323
0.7947
0.7947
0.8391
0.8492
0.7978
0.7393
0.7392
0.7382
0.7382
0.8387
0.8686
0.8402
0.8014
0.8009
0.7941
0.7941
0.8378
0.8542
0.7607
0.6067
0.6064
0.5982
0.5982
0.6668
0.6987
0.6920
0.6785
0.6785
0.6066
0.6055
0.6203
0.6287
0.6591
0.7339
0.7339
0.7112
0.7098
0.8507
0.9474
0.9410
0.9211
0.9211
0.9385
0.9404
0.8846
0.8386
0.8348
0.8195
0.8195
0.8049
0.8024
0.7852
0.7684
0.7678
0.7648
0.7648
0.8663
0.8904
0.8810
0.8699
0.8774
0.9374
0.9374
0.8569
0.8321
0.8699
0.9231
0.9101
0.7294
0.7294
0.7365
0.7393
0.7387
0.7376
0.7390
0.7996
0.7996
0.8790
0.9173
0.8891
0.8309
0.8309
0.9211
0.9231
0.9260
0.9277
0.8807
0.7608
0.7608
0.7599
0.7599
0.8656
0.9404
0.9371
0.9265
0.9265
0.8659
0.8584
0.8772
0.8932
0.8953
0.9043
0.9043
0.8284
0.8145
0.8707
0.9275
0.9087
0.8007
0.8007
0.8888
0.9107
0.9427
0.9813
0.9756
0.9262
0.9262
1.1680
1.2458
1.1992
1.1317
1.1128
0.8128
0.8128
0.8118
0.8114
0.8386
0.8862
0.8852
0.8165
0.8165
1.0916
1.2288
1.2310
1.2358
1.2358
0.9705
0.9628
0.9201
0.8942
0.8665
0.7931
0.7931
0.8012
0.8018
0.8193
0.8321
0.8418
0.8740
0.8740
0.8603
0.8585
0.8646
0.8700
0.8788
0.9174
0.9174
0.9366
0.9402
0.9233
0.9056
0.9223
1.0241
1.0241
0.9407
0.9190
0.9260
0.9348
0.9416
1.0053
1.0053
1.0910
1.1197
1.1009
1.0728
1.0680
0.9825
0.9825
1.4117
1.5914
1.3925
1.0329
1.0348
1.2972
1.2972
1.2670
1.2515
1.2638
1.2909
1.2909
1.1897
1.1859
1.2241
1.2479
1.1868
1.0191
1.0191
1.0719
1.0765
1.0650
1.0563
1.0818
1.1708
1.1708
1.0270
1.0065
1.0815
1.1489
1.1409
1.1040
1.1040
1.2350
1.2617
1.1684
1.0682
1.0818
1.1699
1.1699
1.1932
1.1995
1.2199
1.2461
1.2530
1.3231
1.3231
1.2643
1.2438
1.2622
1.2904
1.2956
1.4059
1.4059
1.4104
1.4123
1.3353
1.1918
1.1918
1.2733
1.2733
1.2304
1.2076
1.1667
1.0732
1.0732
1.1659
1.1701
1.2458
1.2945
1.2687
1.1955
1.1955
1.3004
1.3105
1.2735
1.2448
1.2210
1.1343
1.1343
1.1961
1.2055
1.2089
1.2120
1.2085
1.1917
1.1917
1.1503
1.1414
1.1804
1.2235
1.2162
1.1666
1.1666
1.2518
1.2759
1.2745
1.2726
1.2622
1.1459
1.1459
1.1959
1.2140
1.2547
1.3194
1.3179
1.2807
1.2807
1.2830
1.2841
1.2677
1.2360
1.2360
1.4482
1.4494
1.3668
1.3215
1.3529
1.4270
1.4270
1.5441
1.5503
1.7183
1.8297
1.8759
2.0123
2.0123
1.9162
1.9062
1.8501
1.8054
1.7680
1.6259
1.6259
1.4689
1.4435
1.4389
1.4346
1.4403
1.4693
1.4693
1.3707
1.3486
1.3345
1.3185
1.3169
1.3052
1.3052
1.2811
1.2740
1.2190
1.1441
1.1540
1.2764
1.2764
1.3166
1.3317
1.3923
1.4917
1.4929
1.5301
1.5301
1.3401
1.2519
1.2669
1.2968
1.2968
1.3268
1.3272
1.2730
1.2423
1.2619
1.3099
1.3099
1.0916
1.0783
1.2888
1.4327
1.3890
1.2548
1.2548
1.3278
1.3360
1.3279
1.3213
1.3203
1.3162
1.3162
1.1588
1.1317
1.2192
1.3049
1.2995
1.2705
1.2705
1.4245
1.4608
1.3255
1.1669
1.1691
1.1866
1.1866
1.1405
1.1264
1.1901
1.2794
1.2778
1.2557
1.2557
1.2523
1.2510
1.1857
1.0752
1.0786
1.2227
1.2227
1.3769
1.4509
1.3546
1.1563
1.1563
1.2051
1.2061
1.4590
1.6067
1.4976
1.2211
1.2211
1.1325
1.1263
1.2619
1.3575
1.3534
1.3401
1.3401
1.1490
1.1256
1.1959
1.2553
1.2031
0.9857
0.9857
1.0114
1.0161
1.0720
1.1283
1.1370
1.1867
1.1867
1.3541
1.3955
1.3201
1.2293
1.2140
1.0844
1.0844
1.2510
1.3043
1.2616
1.1998
1.1917
1.0656
1.0656
1.0079
0.9846
1.1007
1.3030
1.3039
1.3605
1.3605
1.2175
1.1465
1.1451
1.1422
1.1422
1.2228
1.2250
1.0640
0.9669
0.9742
0.9935
0.9935
0.9870
0.9865
1.0012
1.0118
1.0299
1.0903
1.0903
1.0722
1.0698
1.0600
1.0514
1.0342
0.9588
0.9588
1.0062
1.0153
1.1310
1.2512
1.2202
1.0329
1.0329
0.9760
0.9614
1.0420
1.1419
1.1397
1.1193
1.1193
1.0950
1.0869
1.1100
1.1444
1.1396
1.0544
1.0544
1.0852
1.0980
1.0753
1.0343
1.0342
1.0225
1.0225
1.1845
1.2675
1.3381
1.4933
1.4933
1.0572
1.0415
1.0424
1.0430
1.0265
0.9815
0.9815
0.9643
0.9628
0.9137
0.8771
0.8813
0.8958
0.8958
0.8884
0.8874
0.9059
0.9224
0.9089
0.8472
0.8472
0.8260
0.8218
0.8760
0.9341
0.9329
0.9252
0.9252
0.9886
1.0057
0.9723
0.9296
0.9361
1.0018
1.0018
0.9119
0.8808
0.8977
0.9237
0.9293
1.0461
1.0461
0.9783
0.9491
0.9389
0.9200
0.9200
0.9104
0.9104
0.9436
0.9611
0.9664
0.9785
0.9785
0.9998
1.0008
0.9269
0.8795
0.8721
0.8509
0.8509
0.8871
0.8905
0.9360
0.9710
0.9484
0.8667
0.8667
0.9532
0.9662
0.8564
0.7553
0.7764
0.8775
0.8775
0.7755
0.7538
0.8147
0.8818
0.8729
0.8119
0.8119
0.9273
0.9598
0.9578
0.9552
0.9488
0.8769
0.8769
0.9670
0.9993
1.1013
1.2628
1.2552
1.0663
1.0663
