1.0042
0.9595
0.9396
1.0225
0.9266
0.9064
0.8763
0.8200
0.8507
0.8118
0.7985
0.8591
0.8058
0.7832
0.8348
0.8764
0.8630
0.9434
0.9000
0.8701
0.9628
1.0794
1.2321
1.2393
1.1367
1.0479
0.9075
0.8324
0.7801
0.9277
0.8461
0.8123
0.8607
0.8266
0.8567
0.9974
0.8871
0.8755
0.8220
0.7742
0.8598
0.8618
0.9000
0.8690
0.9175
0.8110
0.8011
0.8564
0.8113
0.8893
0.8457
0.8099
0.8516
0.8591
0.8602
0.9117
0.8714
0.8407
0.8666
0.8619
0.8731
0.8459
0.7951
0.8232
0.8749
0.8409
0.8918
0.8340
0.8790
0.8081
0.8531
0.9609
0.9097
0.7996
0.8446
0.8686
0.8639
0.8398
0.8109
0.8037
0.8462
0.7807
0.8116
0.8275
0.7910
0.8443
0.8684
0.9369
1.0168
0.8112
0.8874
0.8879
0.8996
0.9122
0.8876
0.8616
0.8061
0.8050
0.8067
0.7705
0.9489
0.9002
0.9718
0.9098
0.9645
0.9458
0.9479
0.9859
0.8722
0.8936
0.8525
0.8867
0.8229
0.8328
0.8340
0.8270
0.8426
0.8281
0.8388
0.8240
0.8612
0.8299
0.8584
0.8524
0.7917
0.8576
0.8484
0.8276
0.8345
0.8485
0.8480
0.8617
0.8459
0.9066
0.8419
0.8839
0.8052
0.8152
0.9314
0.8589
0.8863
0.7986
0.8327
0.8477
0.7777
0.7903
0.7645
0.7623
0.7933
0.8132
0.8196
0.9393
0.8187
0.9431
0.9319
0.8054
0.8374
0.9841
0.8667
0.9133
1.0817
0.8243
0.8693
0.7794
0.8074
0.7669
0.8281
0.8563
0.8754
0.7821
0.7681
0.7766
0.8482
0.8246
0.7900
0.8384
0.8710
0.9976
0.8777
0.8418
0.8077
0.8025
0.8255
0.9058
0.8728
1.0151
0.9806
0.8493
0.8996
0.8931
0.7979
0.8943
0.7599
0.7907
0.7684
0.8438
0.8483
0.8371
0.8035
0.7895
0.9792
0.8271
0.8289
0.9018
0.9110
0.8489
0.9761
0.8854
0.8124
0.9244
0.8724
0.8711
0.7750
0.7781
0.7409
0.8087
0.8210
0.8534
0.7578
0.8343
0.8006
0.7721
0.7830
0.8237
0.8339
0.7812
0.8394
0.8175
0.8297
0.9383
0.7924
0.7369
0.8349
0.8542
0.8587
0.9017
0.8130
0.8379
0.7796
0.7525
0.7778
0.7952
0.8346
0.8635
0.8077
0.8117
0.7083
0.7995
0.8586
0.8115
0.8061
0.9141
0.9067
0.9050
0.9685
0.7980
0.7836
0.9741
0.9516
0.7926
0.9004
1.0641
0.9736
0.8774
0.9302
0.9350
0.8866
0.7992
0.8324
0.8282
1.0126
0.8696
0.9143
0.9429
0.8761
0.8742
0.8164
0.8675
0.8413
0.8178
0.8629
0.8589
0.8126
0.8239
0.8206
0.8515
0.8749
0.8090
0.8527
0.8396
0.9862
0.9081
0.9140
0.9034
0.8821
0.8487
0.8092
0.8267
0.8655
0.8377
0.7950
0.8553
0.9286
0.8059
0.8056
0.7860
0.8029
0.8568
0.8885
0.8691
0.8637
0.8807
0.8612
0.8394
0.8375
0.8330
0.9054
0.8634
0.8584
0.8852
0.8183
0.7780
0.8297
0.8248
0.8760
0.8297
0.8289
0.8238
0.8253
0.8141
0.8832
0.7458
0.7702
0.7610
0.7580
0.8216
0.8640
0.8726
0.7809
0.8119
0.8131
0.7665
0.7314
0.8361
0.7780
0.8155
0.7683
0.7764
0.9681
0.9419
0.8496
0.8380
0.8838
0.8847
0.9134
1.4495
1.1560
0.8703
0.8436
0.8024
0.8978
0.8741
0.8713
0.8649
0.7918
0.8467
0.8548
0.8408
0.8526
0.9074
0.9906
0.9751
0.8467
0.9005
0.8488
0.8152
0.8418
0.9784
0.9150
0.7753
0.8002
0.8506
0.8096
0.8257
0.8522
0.7486
0.8882
0.8241
0.8203
0.7513
0.8300
0.8174
0.9181
0.8253
0.8393
0.7863
0.8169
0.8243
0.7871
0.7828
0.8392
0.7310
0.8291
0.7760
0.7288
0.7092
0.7120
0.8426
0.8563
0.9382
0.7951
0.8160
0.8444
0.9483
0.8493
0.8811
0.7889
0.7800
0.9286
0.9634
1.0182
0.9092
0.8744
1.0832
0.9125
0.8045
0.8833
0.8537
0.8814
0.8623
0.8498
0.8669
0.9972
0.8171
0.8934
0.8646
0.9038
0.8960
0.8596
0.9126
0.9582
0.8927
0.8200
0.7621
0.7153
0.8111
0.8350
0.8325
0.8185
0.7826
0.8114
0.8243
0.7957
0.8903
1.0274
0.9573
0.9467
0.9976
0.9990
0.8385
0.8999
0.8419
0.8116
0.8971
0.8515
0.7970
0.8363
0.7539
0.8146
0.8270
0.8739
0.8562
0.7224
0.8774
0.7873
0.7999
0.7927
0.8310
0.7420
0.9022
0.7973
0.8337
0.8706
0.7684
0.8391
0.8723
0.8397
0.8429
0.9462
0.9205
0.8663
0.8074
0.8454
0.8661
0.8715
0.9405
0.9176
0.9191
0.8699
0.8355
0.9521
0.9821
0.9437
0.9269
0.9414
0.9834
1.1218
1.0763
1.0628
0.9968
1.0472
0.9595
1.0903
0.9463
0.8774
1.0073
0.8636
0.9250
0.9231
0.9736
0.8791
0.9115
0.8860
0.9157
0.8427
0.9203
0.8650
0.8550
0.9416
0.7659
0.8338
0.8491
0.8011
0.8587
0.8624
0.7950
0.7792
0.8213
0.8628
0.8148
0.7876
0.8701
0.9097
0.9435
0.9666
0.9234
0.8471
0.9576
0.8599
0.8961
0.8882
0.9388
0.9275
1.0725
0.9839
1.0103
1.0808
1.1131
1.1609
1.1517
1.0521
1.0230
1.1150
1.1252
1.0605
1.1232
1.0576
1.1477
1.1677
1.1815
1.1559
1.1200
1.0633
1.0997
1.0432
1.0745
1.1197
1.0917
0.9925
0.9055
0.9034
0.9026
0.9514
0.8418
0.7596
0.9044
0.8959
0.8467
0.8289
0.9178
0.9306
0.8233
0.9494
0.9641
0.9231
0.8934
0.9249
0.7828
0.7437
0.7757
0.7605
0.8133
0.7749
0.8473
0.9108
0.8190
0.7489
0.7447
0.7972
0.8325
0.8020
0.7670
0.7582
0.8560
0.8748
0.8212
0.8280
0.8971
0.8048
0.8719
1.0176
0.9639
0.7614
0.7904
0.7852
0.8229
0.7413
0.7300
0.8015
0.8424
0.7759
0.8402
0.7449
0.7685
0.8804
1.1620
0.8948
0.8164
0.7280
0.8205
0.8161
0.7378
0.8176
0.7551
0.7607
0.7264
0.7719
0.8448
0.8066
0.9045
0.7764
0.7616
0.7454
0.9674
0.9049
0.8417
0.9452
0.7857
0.8425
0.9587
1.0204
0.9060
0.9950
0.9501
0.9099
0.9962
1.0044
1.0121
0.9443
0.9548
1.0460
1.1045
1.0257
1.0766
1.1969
1.0882
1.0520
0.9843
1.1425
1.1806
1.0869
1.0866
1.0589
0.9128
0.9570
0.8776
0.8978
0.8798
0.9065
0.8930
0.9292
0.8679
0.9689
0.8795
0.8578
0.8695
0.8845
0.9290
0.8840
0.9414
0.9121
0.8652
0.7700
0.8274
0.7974
0.8414
0.8342
0.8230
0.9356
0.7540
0.7690
0.7878
0.8710
0.9473
0.8347
0.8324
0.8755
0.9163
0.9747
0.8415
0.8476
0.7640
0.9272
1.0590
1.0963
0.9246
0.8297
0.8065
0.8401
0.8057
0.8535
0.7932
0.8208
0.8065
0.8617
0.8828
0.8303
0.8929
0.8929
0.8593
0.8355
0.8214
0.9319
0.9336
0.8634
0.8581
0.7936
0.8974
0.8885
0.8664
0.9341
0.8317
0.8411
0.8640
0.8148
0.7730
0.7436
0.8257
0.8209
0.9472
0.8129
0.9067
0.8829
0.8492
0.8669
0.8040
0.8238
0.8830
0.8945
0.9420
0.8782
0.9469
0.8811
0.9130
0.8296
0.7779
0.8654
0.8221
0.8840
0.8348
0.7993
0.8024
0.8651
0.7831
0.8340
0.9170
0.8618
0.8500
0.8284
0.7766
0.8960
0.8178
0.7830
0.8226
0.7137
0.8726
0.9190
0.8546
0.8642
0.8398
0.7637
0.7771
0.8320
0.8330
0.8837
0.8345
0.8841
0.9361
0.7853
0.8112
0.7670
0.7876
0.8050
0.7770
0.8593
0.8543
0.7906
0.8660
0.8801
0.8559
0.8749
0.8833
0.8586
0.7839
0.8032
0.8485
0.8000
0.7346
0.8524
0.8025
0.7992
0.8770
0.8590
0.8036
0.8284
0.8794
0.8172
0.8062
0.8439
1.2501
1.3120
0.8226
0.8428
0.7747
0.7570
0.8274
0.7272
0.7345
0.7855
0.7968
0.7741
0.9398
0.8485
0.8699
1.0232
0.8273
0.8468
1.0540
0.8786
0.7926
0.7139
0.7365
0.7183
0.7545
0.7989
0.7933
0.8381
0.8261
0.8348
0.7557
0.7956
0.7533
0.8941
0.8966
0.9437
0.7039
0.8222
0.8571
1.0558
0.9419
0.9897
0.7928
0.9254
1.1149
1.0260
0.8519
0.8703
0.8832
0.9047
0.9891
0.9945
0.9906
0.9519
0.9508
0.8905
0.8968
1.1222
1.1395
0.9585
1.0291
1.0413
0.9164
0.7974
0.9341
1.0169
0.9793
0.9194
0.7956
0.9573
0.8801
0.8185
1.0322
1.0834
0.9478
0.8249
0.9161
0.8948
0.9158
0.9290
0.9189
1.0152
0.8884
0.8374
0.9648
0.9514
0.9104
0.8694
0.8517
0.8888
0.8327
0.8546
0.9815
0.9174
1.0063
0.8749
0.9187
0.9535
1.0235
0.9177
0.9808
0.9671
0.9513
0.9665
0.9417
0.9672
0.9306
0.8859
0.9568
0.9542
1.0255
0.9338
0.9458
0.9855
0.8551
0.8932
1.0899
0.9783
1.1148
1.1442
1.2496
1.1841
1.2544
1.0048
0.8862
1.2334
1.3315
1.3079
1.3189
1.2079
1.0989
1.1820
1.2131
1.4212
1.4343
1.1602
1.2249
1.2652
1.2961
1.2734
1.0989
1.3613
1.2683
1.2094
1.1451
1.6456
1.5324
2.3876
2.0297
2.2188
2.1527
2.3182
2.1081
1.9239
1.3938
1.5183
1.6508
1.5273
1.6935
1.5054
1.4203
