1.0702
0.9510
0.8256
0.8614
0.8848
0.9108
1.0883
0.9169
0.6856
0.8595
0.8570
0.8340
0.8167
0.8014
0.7803
0.8158
0.8464
0.8911
0.8992
0.9901
1.1632
1.1537
1.0913
0.9608
0.9130
0.9699
1.1360
0.9327
0.8852
0.9118
1.0902
1.0612
0.7913
0.8422
0.8614
0.8633
0.9237
0.9794
1.1067
0.8940
0.8125
0.8977
0.9511
0.9524
0.7966
0.7315
0.7059
0.7934
0.8947
0.9444
0.8016
0.8547
0.9104
1.1433
0.9374
0.7880
1.0282
1.0297
1.0291
0.9561
0.9188
0.8832
0.7606
0.7793
0.7990
0.8451
0.8905
0.9418
0.9924
0.9184
0.8202
0.7827
0.9352
1.1552
0.9430
0.8479
0.7350
0.8261
0.8199
0.7870
0.8285
0.8511
0.8812
0.7957
0.7835
0.7953
0.7944
0.7819
0.7521
0.8771
0.8743
0.7703
0.8193
0.8481
0.8884
0.8324
0.8183
0.8416
1.0177
1.0502
0.8826
0.9333
0.9833
1.1116
0.9870
0.9419
1.0578
1.0317
1.0076
0.9420
0.9400
0.9222
0.7679
0.7788
0.7936
0.8849
0.8257
0.7811
0.8163
0.8567
0.8898
0.8149
0.8451
0.8739
0.7775
0.8400
0.9059
0.8749
0.8471
0.8158
0.8706
0.8731
0.8727
0.9033
0.8702
0.8200
0.8223
0.8146
0.8022
0.8492
0.7909
0.6780
0.7738
0.7996
0.8175
0.8138
0.8080
0.7970
0.8565
0.8534
0.8108
0.8355
0.8302
0.7964
0.8107
0.8681
1.0325
1.0317
0.9991
0.8836
0.9196
0.9162
0.8405
0.7288
0.6942
0.7793
0.7375
0.7148
0.7091
0.8277
0.8900
0.8451
0.8106
0.7874
0.7779
0.8085
0.8316
0.8496
0.7840
0.7355
0.7935
0.7634
0.7382
0.7809
0.7902
0.7991
0.8292
0.8596
0.8915
0.8062
0.7987
0.7925
0.7748
0.7706
0.7663
0.7851
0.7993
0.8172
0.8057
0.8226
0.8509
0.7122
0.7070
0.7318
0.8901
0.8885
0.8326
0.9180
0.8728
0.7371
0.8672
0.8905
0.8704
0.9192
0.9155
0.8673
0.7683
0.7247
0.6888
0.7790
0.8102
0.8035
0.7784
0.8143
1.0065
0.9602
0.9347
0.9156
0.8659
0.8401
0.8407
0.8350
0.8501
0.9843
0.8868
0.8252
0.8341
0.8753
0.9002
0.8443
0.8401
0.8345
0.7892
0.8125
0.8336
0.8674
0.8364
0.8068
0.8612
0.8950
0.9305
0.8580
0.8615
0.8677
0.8651
0.8187
0.7594
0.7707
0.8968
1.0740
1.0395
1.0584
1.0939
0.9777
0.9854
1.0271
0.9429
0.8720
0.7629
0.7796
0.7776
0.7657
0.8387
0.8926
0.9804
0.8916
0.8591
0.8388
0.9042
0.9380
0.9772
0.8240
0.7797
0.8223
0.9298
0.9404
0.7993
0.8191
0.8312
0.8454
0.8090
0.7866
0.7660
0.8132
0.8414
0.8481
0.7499
0.6871
0.6890
0.7918
0.8730
0.9786
0.9112
0.8593
0.8801
0.8514
0.8237
0.7057
0.8029
0.8957
0.7961
0.7207
0.6414
0.7666
0.7894
0.8123
0.7345
0.7198
0.7060
0.7497
0.7616
0.7734
0.8264
0.7796
0.6971
0.7541
0.7587
0.7528
0.8465
0.8881
0.9375
0.9284
0.8891
0.8082
0.8148
0.7785
0.6866
0.7866
0.8013
0.7640
0.7961
0.7972
0.7684
0.7787
0.8005
0.8651
0.8685
0.8631
0.8349
0.8245
0.8355
0.9129
0.8817
0.8611
0.8357
0.8518
0.8620
0.8679
0.7534
0.6965
0.8523
0.8511
0.8512
0.8637
0.9096
0.9479
0.9920
0.9685
0.9474
0.9194
0.9494
0.9781
1.0228
1.0301
1.0377
0.9633
0.9961
1.0364
0.8632
0.8550
0.8561
0.8837
0.9078
0.9389
1.0578
0.9903
0.8640
0.9328
0.9608
0.9928
0.9264
0.8971
0.8626
0.8780
0.9252
1.0204
0.9041
0.8933
0.9355
0.8941
0.8648
0.8167
0.8272
0.8463
0.8953
0.8048
0.7720
0.7736
0.8423
0.8735
0.8844
0.9068
0.9167
0.9145
0.9526
0.9862
1.0677
1.0140
0.9724
0.8961
0.9611
0.9902
0.8717
0.8379
0.8243
0.9578
0.8760
0.8149
0.8784
0.9620
1.0306
0.8720
0.9263
0.9781
1.0076
0.9281
0.8442
1.0127
1.0211
1.0259
0.9945
0.9937
0.9948
1.0035
1.0710
1.1656
1.0882
1.2058
1.4035
1.3397
1.2721
1.1700
1.1843
1.2159
1.2723
1.9664
1.9141
1.4902
1.3513
1.2691
1.1517
1.2684
1.2808
1.2243
1.2288
1.2144
1.1651
1.2594
1.2837
1.2466
1.1794
1.1854
1.3260
1.4788
1.4785
1.1284
1.1515
1.1472
1.0511
1.1829
1.2686
1.3373
1.2433
1.1919
1.2765
1.2144
1.1781
1.2788
1.3212
1.3493
1.2445
1.3643
1.4634
1.2657
1.4304
1.5877
1.1874
1.2592
1.3352
1.4763
1.3782
1.2601
1.1944
1.2473
1.3196
1.2364
1.3117
1.4279
1.3392
1.3168
1.2968
1.2669
1.2826
1.3170
1.2789
1.2966
1.3435
1.2563
1.2489
1.2720
1.1552
1.1932
1.3541
1.3266
1.3052
1.2680
1.2062
1.2324
1.3766
1.3308
1.2859
1.1858
1.3028
1.3187
1.1827
1.3741
1.4466
1.3648
1.3078
1.2790
1.2835
1.2502
1.2441
1.3406
1.4285
1.4709
1.3391
1.2475
1.1940
1.3418
1.4165
1.4591
1.1373
1.2470
1.3441
1.4321
1.3166
1.2063
1.2377
1.2750
1.3142
1.3171
1.3696
1.4305
1.6798
1.6514
1.5983
1.3161
1.2513
1.1914
1.2237
1.2520
1.2909
1.3122
1.3321
1.3615
1.4421
1.4627
1.4757
1.2992
1.2442
1.2039
1.3149
1.3100
1.2324
1.2664
1.3141
1.4186
1.3823
1.3347
1.2228
1.2028
1.1948
1.1924
1.2140
1.1983
1.0957
1.2491
1.2980
1.1870
1.1596
1.1598
1.2446
1.1471
1.1081
1.2349
1.1807
1.1594
1.2859
1.2204
1.1624
1.0129
1.1237
1.2091
1.1750
1.1548
1.1327
0.9402
1.0299
1.1156
1.2448
1.1506
1.0511
1.1692
1.1791
1.1872
1.2023
1.1528
1.0884
1.2560
1.1684
1.0251
1.1231
1.1572
1.1940
1.0975
1.1051
1.1420
1.0079
1.0134
1.0690
1.0852
1.0963
1.1130
0.9514
0.9414
1.0129
1.0526
1.0522
1.0201
1.0761
1.0682
0.9871
1.0537
1.0554
0.9735
1.0345
1.0553
1.0366
1.0843
1.1657
1.4560
1.4025
1.3282
1.0544
1.4731
1.6733
1.3653
1.2881
1.2128
0.9703
0.9458
0.9390
1.0755
1.0382
1.0047
0.9233
0.9319
0.9329
0.6651
0.7337
0.7993
0.9131
0.9273
0.9422
0.8446
0.8400
0.8377
0.8702
0.8689
0.8650
0.9067
0.9136
0.9187
0.9282
0.9406
0.9586
1.0423
1.0510
1.0456
0.9870
0.9971
1.0363
1.0038
0.9967
0.9961
1.0173
1.0082
0.9737
0.9888
0.9815
0.9497
0.8646
0.8674
0.9621
0.9582
0.9695
1.0151
0.9962
0.9799
0.9452
0.9726
0.9950
1.0423
1.0219
1.0545
1.3085
1.0030
0.8380
0.9255
0.8539
0.8234
0.9682
0.9202
0.8896
0.9348
0.9968
1.0380
0.8872
1.0132
1.1230
1.1544
1.1240
1.0950
0.9395
0.9540
0.9694
0.9691
0.9828
0.9987
0.9874
0.9797
0.9705
1.0036
1.0643
1.1466
1.0936
1.0481
0.9857
0.9699
0.9766
0.9922
0.8585
0.9012
1.0286
0.9938
0.9398
0.8384
1.0384
1.0709
1.0316
0.9739
0.9514
0.9347
0.9000
0.8908
0.8970
1.1328
1.1605
0.9490
0.9404
0.9171
0.8348
0.8745
0.8789
0.8100
0.8869
0.9302
0.9497
0.9313
0.9198
0.9133
0.9272
0.9218
0.7873
0.8210
0.8482
0.8897
0.8220
0.7724
0.8442
0.8364
0.8311
0.8925
0.8713
0.8510
0.7418
0.7923
0.8457
0.8228
0.7833
0.7382
0.8033
0.8281
0.8556
0.7662
0.7964
0.8495
0.8347
0.8369
0.8429
0.8190
0.7617
0.6677
0.7732
0.7737
0.7394
0.7607
0.7738
0.7926
0.8021
0.8002
0.7898
0.8662
0.8644
0.8003
0.7832
0.7950
0.8492
0.7930
0.7485
0.6633
0.7150
0.7273
0.6890
0.7808
0.8220
0.8145
0.8187
0.8094
0.7420
0.7549
0.7587
0.7321
0.7596
0.7687
0.6881
0.7124
0.7281
0.7086
0.7435
0.7816
0.9980
0.9261
0.8617
0.7767
0.7646
0.7530
0.7760
0.8165
0.8592
0.8630
0.9050
0.9537
0.8933
0.8173
0.7239
0.7241
0.7942
0.8938
0.8083
0.8093
0.8254
0.7657
0.7798
0.8190
0.9523
0.9326
0.8497
0.8157
0.7784
0.7129
1.0123
1.0360
0.9163
0.8057
0.7770
0.7842
0.7593
0.7835
0.8841
0.7759
0.7436
0.7707
0.9700
0.9902
0.7299
0.8455
0.9028
0.9196
0.9451
0.9559
0.9412
0.9254
0.9198
0.9459
0.9535
0.9501
0.8720
0.8807
0.8853
0.8649
0.7961
0.7537
0.9898
0.9557
0.9276
0.9901
0.9383
0.8887
0.9566
0.9240
0.8895
0.8770
0.8821
0.8883
0.9047
0.9561
1.0209
0.8715
0.8577
0.8551
0.8859
0.8871
0.8836
0.8682
0.8452
0.8088
0.9268
0.9589
0.9816
0.8105
0.8139
0.8981
0.9794
0.9915
0.9726
1.0458
1.0438
0.9814
0.9610
0.9576
0.9678
0.8962
0.8697
0.8697
0.8384
0.8690
1.0508
1.0323
1.0028
0.8998
0.8815
0.8708
0.8638
0.9410
0.9645
0.8097
0.8706
0.8966
0.7738
0.7796
0.7896
0.8661
0.9750
1.0543
0.9278
0.8717
0.8264
0.9630
0.9053
0.8501
0.7854
0.8784
0.9765
0.8056
0.8569
0.9217
0.8487
0.8446