0.39
0.37
0.44
0.49
0.42
0.30
0.31
0.30
0.46
0.48
0.42
0.41
0.42
0.42
0.50
0.49
0.49
0.44
0.41
0.42
0.43
0.42
0.41
0.32
0.35
0.34
0.35
0.36
0.47
0.49
0.42
0.40
0.42
0.40
0.37
0.41
0.43
0.30
0.34
0.46
0.49
0.46
0.35
0.41
0.41
0.42
0.48
0.46
0.43
0.45
0.44
0.37
0.33
0.30
0.32
0.41
0.36
0.38
0.30
0.29
0.38
0.42
0.33
0.32
0.31
0.33
0.43
0.33
0.38
0.30
0.31
0.39
0.41
0.36
0.30
0.29
0.35
0.42
0.34
0.38
0.43
0.49
0.46
0.51
0.48
0.48
0.48
0.50
0.50
0.49
0.52
0.50
0.49
0.47
0.48
0.47
0.47
0.47
0.47
0.47
0.49
0.48
0.46
0.51
0.50
0.46
0.47
0.45
0.48
0.32
0.40
0.42
0.38
0.46
0.37
0.43
0.44
0.45
0.43
0.44
0.48
0.48
0.52
0.51
0.50
0.48
0.46
0.40
0.44
0.37
0.38
0.46
0.51
0.46
0.47
0.51
0.44
0.51
0.49
0.44
0.50
0.44
0.45
0.49
0.43
0.47
0.52
0.47
0.39
0.48
0.45
0.45
0.49
0.48
0.48
0.50
0.51
0.49
0.48
0.47
0.48
0.48
0.50
0.50
0.43
0.49
0.48
0.47
0.49
0.51
0.50
0.46
0.49
0.43
0.50
0.47
0.51
0.49
0.54
0.51
0.48
0.48
0.50
0.48
0.47
0.50
0.46
0.46
0.53
0.50
0.46
0.48
0.49
0.47
0.50
0.45
0.49
0.44
0.32
0.31
0.40
0.46
0.43
0.48
0.51
0.49
0.51
0.42
0.44
0.53
0.50
0.40
0.49
0.49
0.51
0.49
0.40
0.38
0.47
0.38
0.49
0.47
0.49
0.49
0.50
0.49
0.48
0.48
0.48
0.47
0.46
0.54
0.47
0.46
0.53
0.49
0.47
0.48
0.48
0.52
0.51
0.50
0.50
0.51
0.48
0.51
0.50
0.48
0.47
0.51
0.49
0.47
0.48
0.53
0.47
0.50
0.51
0.48
0.52
0.49
0.49
0.48
0.54
0.50
0.51
0.53
0.49
0.52
0.50
0.53
0.50
0.40
0.36
0.33
0.39
0.47
0.48
0.52
0.49
0.48
0.46
0.50
0.52
0.51
0.53
0.52
0.47
0.43
0.52
0.53
0.44
0.52
0.45
0.51
0.50
0.47
0.49
0.49
0.51
0.50
0.47
0.49
0.48
0.47
0.48
0.50
0.51
0.50
0.46
0.49
0.50
0.49
0.44
0.46
0.43
0.47
0.45
0.51
0.47
0.41
0.43
0.42
0.49
0.46
0.51
0.45
0.49
0.47
0.42
0.42
0.44
0.46
0.52
0.53
0.49
0.53
0.46
0.51
0.52
0.53
0.48
0.47
0.49
0.54
0.52
0.54
0.51
0.55
0.47
0.48
0.49
0.47
0.51
0.49
0.52
0.53
0.49
0.47
0.49
0.41
0.49
0.55
0.50
0.47
0.56
0.49
0.54
0.54
0.50
0.51
0.50
0.52
0.49
0.50
0.47
0.45
0.47
0.52
0.52
0.50
0.50
0.49
0.51
0.49
0.54
0.55
0.56
0.53
0.49
0.48
0.52
0.49
0.50
0.50
0.52
0.55
0.45
0.40
0.45
0.54
0.43
0.43
0.56
0.51
0.50
0.50
0.49
0.48
0.51
0.50
0.48
0.47
0.52
0.46
0.50
0.50
0.51
0.50
0.46
0.50
0.40
0.38
0.46
0.40
0.36
0.46
0.51
0.45
0.43
0.46
0.53
0.46
0.49
0.46
0.53
0.53
0.46
0.50
0.49
0.48
0.50
0.48
0.52
0.47
0.48
0.49
0.46
0.50
0.50
0.51
0.53
0.49
0.50
0.53
0.54
0.45
0.42
0.37
0.38
0.46
0.49
0.49
0.49
0.53
0.44
0.45
0.32
0.34
0.48
0.42
0.35
0.32
0.34
0.50
0.45
0.42
0.51
0.43
0.30
0.30
0.27
0.28
0.27
0.32
0.34
0.40
0.45
0.51
0.52
0.48
0.50
0.47
0.52
0.46
0.51
0.46
0.53
0.47
0.51
0.44
0.51
0.52
0.50
0.52
0.51
0.48
0.49
0.49
0.51
0.46
0.52
0.47
0.49
0.48
0.50
0.52
0.46
0.41
0.42
0.43
0.44
0.43
0.43
0.43
0.43
0.44
0.42
0.41
0.44
0.51
0.47
0.47
0.40
0.47
0.47
0.37
0.44
0.58
0.46
0.52
0.52
0.54
0.49
0.48
0.43
0.46
0.47
0.54
0.50
0.46
0.49
0.53
0.52
0.51
0.48
0.53
0.49
0.50
0.49
0.49
0.49
0.49
0.55
0.52
0.51
0.49
0.49
0.51
0.53
0.53
0.53
0.49
0.51
0.46
0.45
0.50
0.49
0.41
0.40
0.48
0.49
0.49
0.46
0.51
0.47
0.48
0.42
0.43
0.32
0.34
0.33
0.38
0.50
0.50
0.48
0.48
0.49
0.42
0.51
0.49
0.45
0.52
0.48
0.48
0.42
0.47
0.49
0.51
0.47
0.52
0.50
0.47
0.52
0.46
0.47
0.50
0.45
0.48
0.51
0.52
0.53
0.50
0.54
0.50
0.48
0.50
0.49
0.54
0.42
0.37
0.38
0.47
0.50
0.49
0.46
0.48
0.42
0.53
0.44
0.47
0.50
0.50
0.48
0.40
0.39
0.39
0.50
0.53
0.56
0.51
0.53
0.52
0.47
0.54
0.46
0.44
0.49
0.51
0.51
0.38
0.38
0.44
0.48
0.49
0.52
0.53
0.51
0.47
0.45
0.38
0.44
0.51
0.49
0.54
0.50
0.44
0.51
0.45
0.51
0.53
0.50
0.47
0.53
0.43
0.34
0.35
0.41
0.49
0.52
0.54
0.50
0.55
0.46
0.53
0.47
0.51
0.51
0.45
0.53
0.52
0.52
0.54
0.44
0.51
0.39
0.33
0.43
0.46
0.45
0.49
0.50
0.39
0.38
0.48
0.41
0.43
0.42
0.51
0.47
0.45
0.51
0.54
0.43
0.40
0.34
0.31
0.45
0.43
0.36
0.34
0.38
0.43
0.50
0.42
0.45
0.47
0.55
0.56
0.50
0.52
0.48
0.52
0.46
0.41
0.43
0.50
0.53
0.55
0.53
0.48
0.49
0.45
0.51
0.57
0.52
0.52
0.52
0.52
0.49
0.52
0.53
0.54
0.53
0.51
0.50
0.51
0.54
0.47
0.55
0.53
0.54
0.51
0.53
0.51
0.49
0.55
0.48
0.55
0.49
0.49
0.51
0.55
0.49
0.52
0.53
0.46
0.41
0.44
0.55
0.46
0.49
0.48
0.51
0.51
0.52
0.49
0.53
0.48
0.53
0.53
0.54
0.55
0.49
0.51
0.49
0.49
0.37
0.42
0.44
0.47
0.54
0.41
0.51
0.51
0.46
0.47
0.48
0.52
0.51
0.55
0.50
0.52
0.54
0.47
0.53
0.50
0.49
0.48
0.51
0.52
0.53
0.53
0.52
0.41
0.38
0.46
0.50
0.45
0.37
0.46
0.48
0.48
0.49
0.41
0.47
0.41
0.40
0.42
0.43
0.41
0.40
0.43
0.42
0.40
0.42
0.40
0.46
0.44
0.44
0.45
0.51
0.47
0.48
0.53
0.50
0.48
0.53
0.41
0.33
0.39
0.39
0.41
0.51
0.52
0.48
0.53
0.51
0.54
0.50
0.50
0.54
0.51
0.50
0.45
0.53
0.54
0.50
0.52
0.47
0.53
0.54
0.53
0.50
0.55
0.49
0.48
0.57
0.49
0.49
0.47
0.59
0.53
0.43
0.47
0.44
0.47
0.43
0.49
0.53
0.52
0.55
0.52
0.51
0.48
0.49
0.51
0.53
0.49
0.54
0.46
0.45
0.44
0.48
0.46
0.47
0.47
0.47
0.49
0.49
0.50
0.53
0.51
0.51
0.56
0.50
0.53
0.54
0.45
0.50
0.45
0.48
0.50
0.48
0.52
0.51
0.44
0.42
0.41
0.49
0.52
0.50
0.53
0.56
0.51
0.37
0.40
0.39
0.38
0.52
0.56
0.53
0.53
0.52
0.50
0.51
0.46
0.44
0.45
0.57
0.51
0.47
0.47
0.44
0.50
0.52
0.54
0.54
0.48
0.58
0.42
0.39
0.40
0.42
0.29
0.28
0.29
0.37
0.47
0.38
0.44
0.45
0.47
0.39
0.47
0.45
0.50
0.54
0.51
0.48
0.48
0.48
0.47
0.51
0.48
0.47
0.54
0.37
0.48
0.54
0.50
0.48
0.47
0.47
0.54
0.51
0.50
0.48
0.46
0.54
0.50
0.49
0.47
0.47
0.49
0.51
0.52
0.49
0.54
0.49
0.43
0.51
0.54
0.49
0.41
0.49
0.50
0.46
0.41
0.47
0.47
0.37
0.51
0.51
0.42
0.34
0.36
0.50
0.52
0.45
0.42
0.37
0.31
0.32
0.34
0.46
0.51
0.46
0.53
0.42
0.39
0.47
0.45
0.38
0.46
0.49
0.39
0.42
0.49
0.43
0.45
0.48
0.50
0.50
0.39
0.44
0.49
0.50
0.47
0.47
0.51
0.53
0.46
0.51
0.44
0.49
0.48
0.51
0.51
0.49
0.54
0.48
0.50
0.51
0.54
0.47
0.53
0.54
0.47
0.51
0.52
0.51
0.53
0.51
0.54
0.54
0.45
0.54
0.55
0.52
0.45
0.52
0.48
0.51
0.51
0.44
0.40
0.48
0.51
0.39
0.37
0.34
0.40
0.53
0.53
0.43
0.47
0.48
0.42
0.53
0.42
0.51
0.43
0.46
0.49
0.47
0.49
0.51
0.46
0.52
0.49
0.55
0.53
0.44
0.53
0.51
0.48
0.49
0.49
0.52
0.42
0.45
0.47
0.50
0.48
0.43
0.54
0.55
0.44
0.40
0.49
0.38
0.45
0.52
0.54
0.52
0.52
0.50
0.38
0.47
0.47
0.44
0.41
0.35
0.49
0.47
0.43
0.40
0.38
0.50
0.45
0.43
0.39
0.40
0.48
0.45
0.43
0.37
0.42
0.49
0.45
0.42
0.37
0.47
0.46
0.43
0.39
0.43
0.48
0.45
0.43
0.36
0.41
0.41
0.47
0.54
0.55
0.51
0.44
0.42
0.52
0.50
0.54
0.53
0.53
0.49
0.41
0.46
0.56
0.58
0.53
0.43
0.37
0.41
0.52
0.56
0.52
0.56
0.52
0.37
0.34
0.32
0.29
0.26
0.28
0.28
0.30
0.27
0.30
0.36
0.54
0.50
0.49
0.44
0.51
0.54
0.56
0.54
0.46
0.48
0.42
0.53
0.56
0.51
0.43
0.46
0.53
0.55
0.53
0.44
0.49
0.53
0.53
0.39
0.37
0.52
0.55
0.53
0.48
0.36
0.40
0.43
0.49
0.51
0.55
0.50
0.52
0.52
0.45
0.49
0.49
0.49
0.46
0.43
0.46
0.49
0.52
0.47
0.50
0.52
0.51
0.50
0.47
0.47
0.46
0.51
0.49
0.53
0.49
0.54
0.53
0.39
0.52
0.46
0.42
0.49
0.49
0.48
0.53
0.48
0.49
0.42
0.44
0.40
0.48
0.43
0.48
0.42
0.49
0.39
0.42
0.47
0.45
0.48
0.45
0.47
0.46
0.48
0.45
0.48
0.46
0.46
0.39
0.46
0.52
0.52
0.41
0.45
0.47
0.52
0.46
0.35
0.47
0.53
0.47
0.53
0.50
0.45
0.52
0.51
0.54
0.55
0.53
0.50
0.38
0.31
0.34
0.47
0.53
0.50
0.53
0.45
0.44
0.51
0.43
0.49
0.48
0.49
0.44
0.54
0.52
0.49
0.45
0.52
0.47
0.55
0.49
0.50
0.51
0.54
0.47
0.52
0.50
0.52
0.52
0.49
0.52
0.47
0.46
0.48
0.49
0.45
0.43
0.45
0.46
0.54
0.51
0.47
0.51
0.46
0.54
0.47
0.55
0.56
0.53
0.55
0.45
0.52
0.45
0.51
0.45
0.53
0.47
0.50
0.51
0.52
0.55
0.47
0.47
0.51
0.55
0.51
0.47
0.44
0.46
0.42
0.40
0.42
0.45
0.41
0.44
0.41
0.43
0.42
0.42
0.44
0.41
0.43
0.36
0.32
0.29
0.31
0.34
0.49
0.46
0.53
0.49
0.47
0.42
0.44
0.50
0.53
0.47
0.45
0.49
0.52
0.50
0.51
0.54
0.56
0.51
0.47
0.48
0.47
0.51
0.49
0.46
0.47
0.42
0.47
0.57
0.48
0.50
0.47
0.49
0.45
0.44
0.37
0.49
0.39
0.44
0.48
0.37
0.47
0.47
0.37
0.48
0.41
0.42
0.54
0.55
0.40
0.45
0.33
0.48
0.42
0.34
0.38
0.52
0.35
0.33
0.34
0.38
0.51
0.39
0.37
0.53
0.38
0.34
0.43
0.48
0.40
0.31
0.45
0.43
0.32
0.35
0.51
0.44
0.32
0.47
0.42
0.37
0.49
0.39
0.31
0.44
0.42
0.35
0.47
0.47
0.37
0.35
0.46
0.43
0.35
0.32
0.46
0.41
0.37
0.35
0.31
0.39
0.56
0.39
0.30
0.44
0.50
0.34
0.33
0.34
0.54
0.52
0.54
0.53
0.49
0.36
0.32
0.46
0.41
0.34
0.36
0.35
0.52
0.41
0.34
0.49
0.42
0.32
0.40
0.48
0.36
0.34
0.49
0.44
0.32
0.46
0.49
0.42
0.37
0.45
0.32
0.41
0.38
0.50
0.36
0.29
0.49
0.43
0.34
0.32
0.41
