0.37
0.36
0.43
0.44
0.34
0.30
0.28
0.37
0.49
0.45
0.40
0.44
0.41
0.44
0.43
0.44
0.32
0.34
0.34
0.31
0.36
0.36
0.49
0.53
0.42
0.44
0.45
0.37
0.34
0.28
0.30
0.40
0.43
0.29
0.29
0.39
0.48
0.47
0.32
0.29
0.29
0.32
0.36
0.41
0.40
0.41
0.50
0.45
0.40
0.30
0.28
0.32
0.41
0.42
0.39
0.36
0.44
0.45
0.35
0.28
0.32
0.43
0.47
0.43
0.29
0.30
0.39
0.48
0.46
0.32
0.29
0.29
0.31
0.36
0.41
0.41
0.41
0.49
0.44
0.40
0.32
0.28
0.32
0.37
0.42
0.42
0.43
0.47
0.46
0.36
0.31
0.40
0.47
0.45
0.33
0.41
0.41
0.41
0.48
0.46
0.38
0.30
0.31
0.28
0.34
0.37
0.42
0.41
0.45
0.48
0.44
0.33
0.30
0.29
0.35
0.49
0.47
0.40
0.44
0.42
0.47
0.50
0.50
0.45
0.43
0.40
0.44
0.43
0.40
0.31
0.35
0.31
0.37
0.38
0.48
0.49
0.41
0.41
0.42
0.38
0.37
0.44
0.49
0.52
0.43
0.29
0.31
0.29
0.46
0.48
0.43
0.42
0.41
0.42
0.50
0.50
0.48
0.43
0.43
0.41
0.44
0.42
0.44
0.30
0.34
0.34
0.35
0.37
0.46
0.47
0.42
0.41
0.42
0.40
0.36
0.43
0.46
0.54
0.43
0.44
0.45
0.39
0.32
0.30
0.30
0.40
0.41
0.36
0.41
0.42
0.44
0.46
0.42
0.32
0.29
0.28
0.38
0.48
0.41
0.30
0.33
0.40
0.47
0.52
0.43
0.44
0.45
0.38
0.32
0.29
0.30
0.41
0.40
0.30
0.28
0.32
0.36
0.41
0.42
0.41
0.49
0.45
0.37
0.30
0.30
0.32
0.46
0.49
0.41
0.42
0.42
0.46
0.50
0.50
0.47
0.43
0.41
0.43
0.42
0.43
0.40
0.30
0.36
0.30
0.37
0.38
0.44
0.37
0.33
0.48
0.36
0.40
0.42
0.39
0.35
0.48
0.48
0.42
0.45
0.40
0.40
0.48
0.48
0.48
0.50
0.42
0.46
0.51
0.49
0.46
0.46
0.49
0.46
0.47
0.49
0.43
0.42
0.41
0.38
0.45
0.51
0.46
0.52
0.43
0.43
0.51
0.52
0.47
0.43
0.41
0.32
0.34
0.33
0.33
0.34
0.34
0.34
0.31
0.39
0.42
0.44
0.42
0.44
0.43
0.49
0.47
0.49
0.48
0.44
0.45
0.52
0.53
0.46
0.44
0.46
0.46
0.49
0.50
0.51
0.49
0.50
0.50
0.50
0.48
0.44
0.43
0.46
0.49
0.41
0.48
0.46
0.46
0.50
0.51
0.50
0.52
0.49
0.50
0.50
0.39
0.49
0.41
0.32
0.29
0.32
0.48
0.42
0.52
0.50
0.48
0.34
0.42
0.34
0.33
0.41
0.48
0.46
0.47
0.46
0.41
0.52
0.53
0.53
0.54
0.54
0.44
0.40
0.46
0.43
0.47
0.52
0.51
0.40
0.46
0.52
0.45
0.50
0.42
0.39
0.41
0.42
0.46
0.49
0.46
0.46
0.49
0.48
0.46
0.47
0.43
0.49
0.48
0.48
0.47
0.45
0.48
0.39
0.42
0.40
0.53
0.47
0.45
0.33
0.38
0.49
0.38
0.40
0.47
0.29
0.33
0.31
0.39
0.47
0.48
0.45
0.42
0.47
0.52
0.51
0.47
0.48
0.53
0.50
0.48
0.53
0.43
0.56
0.45
0.51
0.51
0.51
0.39
0.38
0.48
0.51
0.51
0.54
0.53
0.53
0.53
0.54
0.53
0.52
0.53
0.53
0.53
0.39
0.45
0.30
0.27
0.28
0.31
0.40
0.48
0.54
0.50
0.39
0.41
0.53
0.50
0.47
0.52
0.52
0.56
0.52
0.45
0.53
0.52
0.48
0.51
0.43
0.49
0.51
0.47
0.52
0.52
0.42
0.38
0.46
0.47
0.48
0.52
0.47
0.55
0.43
0.41
0.50
0.51
0.55
0.52
0.40
0.45
0.48
0.50
0.48
0.47
0.47
0.47
0.58
0.53
0.51
0.52
0.53
0.50
0.49
0.50
0.44
0.54
0.55
0.52
0.46
0.49
0.47
0.51
0.55
0.48
0.46
0.44
0.46
0.46
0.52
0.52
0.53
0.52
0.55
0.54
0.54
0.52
0.55
0.53
0.47
0.48
0.41
0.44
0.52
0.51
0.54
0.52
0.39
0.32
0.31
0.39
0.28
0.30
0.30
0.30
0.36
0.41
0.43
0.54
0.40
0.43
0.51
0.36
0.42
0.47
0.37
0.48
0.40
0.42
0.50
0.55
0.52
0.53
0.46
0.39
0.38
0.49
0.56
0.51
0.50
0.49
0.49
0.53
0.48
0.54
0.51
0.46
0.38
0.44
0.42
0.35
0.31
0.30
0.32
0.42
0.47
0.45
0.51
0.52
0.51
0.45
0.48
0.45
0.45
0.46
0.40
0.42
0.45
0.43
0.40
0.40
0.46
0.39
0.43
0.43
0.43
0.40
0.41
0.48
0.38
0.43
0.42
0.43
0.41
0.41
0.48
0.50
0.50
0.49
0.47
0.38
0.33
0.39
0.42
0.40
0.49
0.52
0.48
0.54
0.45
0.46
0.44
0.42
0.45
0.47
0.49
0.38
0.34
0.31
0.35
0.45
0.50
0.38
0.42
0.45
0.42
0.51
0.51
0.40
0.49
0.51
0.50
0.49
0.50
0.51
0.52
0.50
0.52
0.49
0.49
0.36
0.31
0.32
0.35
0.41
0.39
0.47
0.48
0.47
0.51
0.47
0.46
0.49
0.51
0.48
0.37
0.42
0.51
0.39
0.28
0.32
0.30
0.26
0.31
0.31
0.36
0.54
0.34
0.33
0.34
0.52
0.51
0.51
0.48
0.52
0.48
0.45
0.46
0.47
0.46
0.50
0.50
0.52
0.47
0.52
0.53
0.52
0.49
0.45
0.40
0.51
0.53
0.53
0.45
0.47
0.52
0.56
0.46
0.46
0.45
0.44
0.43
0.48
0.52
0.41
0.50
0.52
0.45
0.47
0.44
0.49
0.49
0.41
0.31
0.35
0.35
0.53
0.53
0.47
0.39
0.53
0.49
0.43
0.51
0.46
0.47
0.47
0.47
0.47
0.47
0.47
0.47
0.44
0.48
0.41
0.50
0.36
0.29
0.34
0.49
0.51
0.53
0.41
0.41
0.48
0.47
0.40
0.49
0.41
0.41
0.51
0.48
0.46
0.48
0.51
0.50
0.47
0.51
0.53
0.51
0.49
0.39
0.44
0.42
0.51
0.41
0.41
0.33
0.47
0.45
0.46
0.49
0.50
0.38
0.45
0.42
0.42
0.52
0.51
0.46
0.46
0.53
0.50
0.51
0.42
0.53
0.45
0.45
0.53
0.51
0.43
0.51
0.52
0.36
0.37
0.41
0.32
0.49
0.41
0.50
0.40
0.46
0.49
0.39
0.39
0.44
0.37
0.52
0.40
0.34
0.42
0.34
0.39
0.56
0.46
0.42
0.40
0.49
0.52
0.44
0.51
0.49
0.42
0.40
0.46
0.46
0.56
0.49
0.53
0.45
0.53
0.46
0.51
0.50
0.50
0.53
0.45
0.50
0.47
0.44
0.51
0.46
0.47
0.52
0.47
0.44
0.39
0.46
0.43
0.44
0.48
0.53
0.56
0.55
0.54
0.54
0.55
0.53
0.52
0.52
0.56
0.55
0.47
0.58
0.52
0.53
0.52
0.51
0.52
0.50
0.51
0.48
0.47
0.48
0.42
0.46
0.45
0.42
0.55
0.55
0.39
0.50
0.48
0.49
0.39
0.40
0.46
0.43
0.48
0.47
0.51
0.47
0.51
0.45
0.56
0.60
0.51
0.53
0.51
0.52
0.55
0.52
0.52
0.53
0.51
0.52
0.51
0.51
0.48
0.50
0.52
0.50
0.53
0.51
0.50
0.51
0.48
0.46
0.51
0.50
0.47
0.40
0.43
0.42
0.43
0.41
0.43
0.42
0.42
0.42
0.41
0.43
0.40
0.44
0.40
0.45
0.39
0.44
0.47
0.46
0.56
0.56
0.54
0.52
0.55
0.53
0.46
0.49
0.53
0.55
0.54
0.51
0.48
0.46
0.53
0.59
0.50
0.47
0.56
0.47
0.47
0.53
0.55
0.55
0.56
0.49
0.47
0.55
0.53
0.58
0.49
0.52
0.55
0.45
0.47
0.50
0.59
0.46
0.46
0.48
0.54
0.52
0.52
0.56
0.54
0.52
0.47
0.54
0.55
0.56
0.53
0.53
0.44
0.48
0.57
0.43
0.54
0.57
0.52
0.46
0.46
0.50
0.50
0.53
0.48
0.48
0.51
0.56
0.43
0.38
0.36
0.48
0.47
0.52
0.49
0.51
0.52
0.51
0.54
0.51
0.52
0.55
0.47
0.34
0.38
0.48
0.43
0.49
0.51
0.56
0.53
0.52
0.50
0.55
0.52
0.56
0.51
0.53
0.46
0.47
0.49
0.50
0.49
0.45
0.47
0.45
0.46
0.51
0.42
0.33
0.44
0.52
0.51
0.53
0.53
0.45
0.44
0.45
0.50
0.47
0.49
0.44
0.44
0.45
0.53
0.53
0.35
0.40
0.39
0.28
0.29
0.30
0.46
0.50
0.45
0.48
0.45
0.47
0.38
0.42
0.51
0.39
0.48
0.51
0.44
0.33
0.34
0.42
0.31
0.29
0.38
0.42
0.44
0.44
0.41
0.36
0.28
0.42
0.36
0.32
0.34
0.40
0.45
0.39
0.49
0.37
0.32
0.35
0.40
0.34
0.33
0.40
0.45
0.41
0.48
0.37
0.32
0.33
0.40
0.35
0.33
0.39
0.41
0.45
0.42
0.43
0.37
0.27
0.41
0.39
0.31
0.37
0.38
0.45
0.41
0.46
0.38
0.33
0.33
0.43
0.31
0.30
0.38
0.39
0.45
0.45
0.43
0.36
0.40
0.42
0.41
0.41
0.44
0.47
0.48
0.44
0.32
0.43
0.44
0.33
0.52
0.46
0.35
0.34
0.34
0.45
0.43
0.32
0.41
0.48
0.33
0.29
0.51
