1.3567
1.3905
1.4310
1.3905
1.3841
1.3799
1.4812
1.4505
1.3143
1.2666
1.2898
1.4622
1.2797
1.2037
1.4214
1.3458
1.2887
1.5285
1.4117
1.2792
1.3791
1.4088
1.4440
1.2828
1.2842
1.3647
1.2427
1.2103
1.2449
1.3006
1.3213
1.2585
1.2463
1.2386
1.2978
1.3514
1.4090
1.5394
1.6756
1.8724
1.2595
1.1460
1.1356
1.1727
1.1911
1.2157
1.2300
1.2371
1.2376
1.2476
1.2586
1.3524
1.3822
1.4126
1.2942
1.2842
1.2784
1.2359
1.2683
1.3524
1.1835
1.1756
1.3152
1.1375
1.0618
1.0976
1.1640
1.2059
1.1553
1.2711
1.3831
1.1308
1.1836
1.2696
1.0924
1.0799
1.1056
1.2231
1.2372
1.1820
1.1288
1.0979
1.0540
1.0434
1.0455
1.1712
1.1030
1.0405
1.2274
1.2605
1.2982
1.1981
1.1441
1.0651
1.1322
1.1637
1.2067
1.0957
1.0698
1.1644
1.1268
1.1062
1.1292
1.1259
1.1229
1.0232
1.0255
1.0294
0.9452
0.9409
0.9496
1.0482
1.0531
1.0053
1.0328
1.0212
0.9216
0.9180
0.9223
0.9850
1.0618
1.1242
0.8884
0.9277
0.9739
0.9528
0.9502
0.9490
0.8927
0.8865
0.9003
0.9573
0.9388
0.7782
0.8041
0.8203
0.8403
0.9080
0.9597
0.8914
0.9432
1.0009
0.9906
0.9431
0.8682
0.9009
0.8898
0.8488
0.8840
0.9178
1.0026
0.9118
0.8717
0.9144
0.8488
0.8035
0.9064
0.9103
0.9143
0.9277
0.8966
0.8484
1.1095
1.1579
1.1662
0.9208
0.9055
1.1176
0.9691
0.8769
0.7378
0.7877
0.8215
0.7958
0.8415
0.8872
0.9951
1.1296
1.3153
0.9750
0.9083
0.8777
0.7806
0.7545
0.7597
0.8695
0.8929
0.7413
0.8370
0.8983
0.8639
0.8963
0.9271
0.9180
0.9887
1.0849
0.8219
0.8157
0.8738
0.8652
0.8465
0.7961
0.8545
0.8892
0.9426
0.9383
0.9250
0.7861
0.8082
0.8282
0.8616
0.9553
1.0748
1.1534
1.1024
0.9901
0.9154
0.8554
0.7365
0.8130
0.8563
0.9193
1.0533
1.1267
1.0626
1.0535
1.0457
0.8055
0.8181
0.8347
0.7917
0.8170
0.8692
0.7870
0.7784
0.8040
0.7965
0.7765
0.7010
0.8053
0.8658
0.8873
0.8847
0.8822
0.8376
0.8531
0.8710
0.8094
0.8340
0.8836
0.7429
0.7688
0.9038
0.9098
0.9066
0.8857
0.7771
0.7397
0.8984
0.8171
0.7559
0.8072
0.7957
0.7831
0.7988
0.8244
0.8629
0.8678
0.8362
0.7610
0.7704
0.7513
0.6687
0.7252
0.7706
0.8938
0.9012
0.9052
0.8669
0.7880
0.7063
0.8857
0.8702
0.8325
0.8348
0.8145
0.7695
0.7663
0.7987
0.9132
0.8080
0.7795
0.9094
0.8614
0.8278
0.8137
0.8171
0.8205
0.7515
0.7768
0.8162
0.9359
0.9393
0.9104
0.9752
0.9669
0.8832
0.7400
0.6782
0.6847
0.8622
0.9669
0.8063
0.8261
0.8445
0.8476
0.8828
0.9293
0.7369
0.7417
0.7994
0.8568
0.8616
0.8324
0.8528
0.8669
0.8959
0.9668
0.9945
0.8013
0.7976
0.7942
0.9984
0.9217
0.8218
0.8793
0.8435
0.7664
0.8421
0.9232
1.0984
0.8028
0.7284
0.9125
0.7980
0.7389
0.8148
0.8637
0.9045
0.7870
0.8309
0.8833
0.9357
0.8817
0.7799
0.7995
0.7937
0.7678
0.8687
0.9004
0.8804
0.9551
0.9853
0.8926
0.8417
0.8052
1.0975
1.0790
1.0581
1.1703
1.1841
1.1919
0.9297
0.8605
0.8166
0.8514
0.8456
0.7774
0.8500
0.8771
0.7969
0.8709
0.9231
0.7996
0.7857
0.7707
0.7457
0.7560
0.7744
0.7954
0.7871
0.7596
0.8580
0.8616
0.7634
0.7847
0.8045
0.8685
0.8793
0.8850
0.8384
0.8055
0.7721
0.8645
0.8944
0.9310
1.0414
1.0103
0.9065
0.9315
0.9092
0.8104
0.8826
0.9148
0.9097
0.8173
0.7620
0.8871
0.8421
0.7987
0.9674
0.9665
0.9569
0.9292
0.9147
0.8935
0.8913
0.8753
0.8273
0.8001
0.7974
0.8465
0.8171
0.7985
0.7994
0.7835
0.7689
0.7233
0.7466
0.7782
0.6686
0.7152
0.8292
0.7731
0.7611
0.7665
0.7737
0.7688
0.7297
0.8397
0.8983
0.8106
0.8432
0.8715
0.7493
0.7540
0.7609
0.7992
0.8088
0.8188
0.9248
0.9441
0.9308
0.8823
0.8602
0.8429
0.8194
0.8258
1.0173
0.9643
0.9210
0.9812
0.9224
0.8536
0.8788
0.8474
0.7905
0.9118
0.9402
0.9484
0.9833
0.9678
0.8535
0.8556
0.8570
0.8598
0.9089
0.9474
0.9664
0.9181
0.8645
0.7826
0.8220
0.8945
1.0308
0.9925
0.8410
0.8451
0.8473
0.8507
0.9274
0.9618
0.9297
0.8669
0.8203
0.8066
0.7923
0.7772
0.8771
0.9380
1.0208
0.9556
0.9258
0.8844
0.8607
0.8543
0.8574
0.8605
0.8671
0.9008
0.9022
0.9045
0.9316
0.9391
0.9467
0.9348
0.9717
1.0253
1.0892
1.1317
1.2002
0.9786
0.9440
1.0357
1.0342
1.0167
0.9191
0.8723
0.8432
0.8716
0.8970
0.9210
0.8527
0.8028
0.7382
0.9697
0.9727
0.9172
0.9318
0.9656
1.0563
1.0047
0.9719
0.9129
0.9215
0.9265
0.9225
0.9134
0.9052
0.9792
1.0254
1.0829
1.0031
0.9538
0.8798
0.9074
0.9264
0.9613
0.9223
0.9045
0.8928
0.8162
0.7870
0.9597
0.9982
1.0309
0.9976
0.9354
0.8601
0.8566
0.8647
0.8793
0.8627
0.8473
0.8162
0.8989
0.9227
0.8942
0.8930
0.8788
0.7532
0.8045
0.8477
1.0467
1.0150
0.9787
0.7700
0.8000
0.8789
0.8946
0.8847
0.8525
0.9516
0.9863
0.9889
0.8692
0.8086
0.8271
0.8018
0.7796
0.6590
0.7472
0.8433
0.9372
0.9241
0.8932
0.8154
0.8237
0.8757
0.8570
0.8511
0.8513
0.7685
0.7547
0.9449
0.9031
0.8734
0.8870
0.8802
0.8731
0.9914
1.0401
1.1024
1.1568
1.1029
0.9667
1.3080
1.4157
1.4366
1.1226
0.9614
0.8674
0.9036
0.9285
0.9312
0.8986
0.8667
0.8500
0.8838
0.9321
0.8799
0.8829
0.9048
0.9746
0.9236
0.7011
0.7696
0.8158
0.9069
0.8596
0.8315
0.8707
0.8156
0.7643
0.8504
0.8469
0.8392
0.9576
0.9404
0.8778
0.8228
0.8164
0.8386
0.8394
0.8449
0.8716
0.8943
0.9119
0.9572
0.8776
0.8077
0.9160
0.9384
0.9648
0.9475
0.9400
0.9301
0.8327
0.8330
0.8963
0.9498
0.9596
0.9100
0.8629
0.8425
0.9119
0.8978
0.8861
0.9335
0.8856
0.8286
0.8672
0.8884
0.9185
0.8564
0.8417
0.8378
0.9302
0.9444
0.8638
0.8635
0.8615
0.8461
0.9555
1.0395
0.8659
0.8522
0.8367
0.9445
0.9290
0.8900
0.8131
0.8237
0.8854
0.8561
0.8518
0.8737
0.8698
0.8526
0.7370
0.8570
0.9417
0.7574
0.7880
0.8207
0.8836
0.9078
0.9387
0.8559
0.8622
0.9092
0.9053
0.8632
0.7162
0.7786
0.8136
0.8457
0.8186
0.8088
1.0294
0.9333
0.8360
0.7871
0.7810
0.7757
0.7831
0.7924
0.8098
0.7893
0.8028
0.8673
0.8749
0.8829
0.9106
0.9364
0.9492
0.8688
0.8757
0.8824
0.8338
0.8295
0.8258
0.8697
0.8264
0.7275
0.7525
0.7806
0.8468
0.8361
0.8419
0.8978
0.9202
0.9354
0.9490
0.8987
0.8529
0.8347
0.8661
0.9073
0.9383
0.9320
0.9128
0.9378
0.9133
0.8250
0.9197
0.9526
0.9278
0.8533
0.8194
0.9411
0.8809
0.8289
0.8734
0.8749
0.8764
0.9032
0.8670
0.7976
0.7956
0.8033
0.8252
0.9233
0.9341
0.8172
0.8523
0.8697
0.8462
0.7859
0.7372
0.8396
0.8662
0.8973
0.9027
0.8783
0.8366
0.7942
0.8300
0.9421
0.7768
0.7463
0.8588
0.7551
0.7230
0.9160
0.8828
0.8548
0.7369
0.7609
0.7873
0.8650
0.8186
0.7358
0.8298
0.8054
0.7066
0.8128
0.8461
0.8412
0.9321
0.9586
0.8181
0.8856
0.9341
0.9027
0.8239
0.7413
0.7773
0.8061
0.8461
0.8449
0.8383
0.8241
0.8126
0.8126
0.8251
0.8472
0.8481
0.7864
0.8494
0.8955
0.9441
0.8895
0.8351
0.8600
0.9299
1.0278
0.9859
1.0222
1.1107
1.1111
1.0686
0.9305
0.8848
0.8789
0.9631
0.9322
0.9070
0.8300
0.8659
0.8997
0.8820
0.8147
0.7248
0.8576
0.9069
0.9689
1.0547
1.0767
1.0758
0.9296
0.8552
0.7861
0.8137
0.8497
1.0908
1.0565
1.0258
1.0073
1.0068
1.0066
0.7452
0.7896
0.9280
0.7734
0.7502
0.7889
0.7425
0.7659
0.9638
0.9797
0.9898
0.9971
0.9743
0.9551
0.9677
0.8928
0.8023
0.8389
0.8320
0.8135
0.8096
0.8057
0.7978
0.9339
0.9937
1.0373
1.0050
0.9672
0.7857
0.8694
0.9364
0.9260
0.8601
0.7846
0.7944
0.8157
0.8494
0.8660
0.8538
0.8157
0.8610
0.8479
0.7342
0.8173
0.8606
0.8587
0.9146
0.9575
0.9756
0.9559
0.9345
1.0649
0.9792
0.8319
0.8883
0.8714
0.8086
0.8928
0.9457
1.0417
1.0023
1.0137
1.2289
1.2930
1.3232
0.9079
0.9044
0.9008
0.7597
0.8432
0.9775
0.8382
0.8208
0.8319
0.7395
0.7710
0.9707
0.9063
0.8586
0.7467
0.8157
0.8628
0.8643
1.0199
1.1716
0.9043
0.9381
0.9998
0.8639
