1.3603
1.0377
0.8992
0.9215
0.9152
0.8649
0.9941
1.0050
0.9164
0.8755
0.8552
0.9305
0.9632
0.8605
0.8846
0.8983
0.9927
1.0267
1.0275
0.8344
0.8936
1.0316
0.8282
0.9062
0.8098
0.9148
0.9528
0.9790
1.0421
0.9936
0.9213
0.9253
0.8548
0.9846
0.8250
1.0651
0.8617
0.8720
0.9283
0.9273
0.9689
1.1023
0.9826
0.9213
1.0067
0.9149
0.9789
0.8751
0.9004
0.8527
0.8834
0.9656
1.0587
0.8884
0.8930
0.8683
0.8305
0.8686
1.0640
0.9302
0.9883
0.9501
0.9977
0.8731
0.8672
0.8345
0.9648
0.8486
0.8218
0.9791
0.8103
0.9168
0.8351
0.8702
0.9080
0.9285
0.8926
1.0637
0.9722
1.1149
1.0995
0.9662
0.9598
0.8136
0.9263
0.9656
0.9806
0.9135
0.8559
0.9411
0.9708
0.8685
0.9068
0.9754
0.8269
0.8309
0.8352
0.8150
0.6962
0.8431
0.8668
0.9001
0.8587
0.9579
0.9493
0.8568
0.8482
0.8290
0.8105
0.7951
0.8396
0.8516
0.8349
0.7349
0.6823
0.7603
0.8005
0.7843
0.8024
0.7730
0.7560
0.7433
0.8793
0.9495
0.8708
0.8760
0.8088
0.8148
0.8303
0.7371
0.8369
0.8244
0.8884
0.9216
0.8091
0.7207
0.8010
0.7424
0.7687
0.8091
0.8473
0.7855
0.8187
0.8536
0.8342
0.9156
0.8434
0.9230
0.8728
0.9399
0.9164
0.8134
0.8557
0.9082
0.8753
0.8930
0.8656
0.8885
0.9871
0.8205
0.9095
0.8405
0.7981
0.7797
0.7936
0.8304
0.8104
0.8665
0.8065
0.8569
0.8401
0.9208
0.9317
0.9875
0.9483
1.0949
1.1746
0.9764
1.0035
1.1374
1.2515
1.0143
1.1069
0.8777
0.8627
0.8442
0.7572
0.8361
0.7210
0.8357
0.8873
0.9203
0.8397
0.8537
0.8147
0.9500
0.8941
0.8877
0.8918
0.8540
0.8900
0.8447
0.8602
0.8046
0.9188
0.8446
0.8686
0.8673
0.8860
0.8904
0.8617
0.7705
0.8438
0.8380
0.8906
0.9464
0.8475
0.8077
0.7287
0.8177
0.8161
0.8122
1.0790
1.0222
0.9879
0.8534
0.9013
0.8208
0.8315
0.8632
0.8782
0.8604
0.8170
0.8819
0.7118
0.7204
0.7869
0.8356
0.8277
0.8725
0.8477
0.7956
0.8367
0.8398
0.7340
0.7737
0.7708
0.7834
0.7610
0.7732
0.8126
0.8134
0.9126
0.8646
0.9001
0.9303
0.9805
0.8976
0.9262
0.9618
0.9003
0.8310
0.9302
0.8125
0.7540
0.8186
0.8586
0.7756
0.8403
0.8520
0.8927
0.8239
0.8569
0.7453
0.8421
0.7927
0.8180
0.8036
0.8425
0.8483
0.7664
0.8041
0.8196
0.8352
0.8526
0.8658
0.8848
0.8814
0.8208
0.8779
0.7299
0.8830
0.7762
0.8238
0.8122
0.9553
0.7691
0.8241
0.7255
0.7217
0.7652
0.7803
0.7725
0.8280
0.8921
0.9200
0.7889
0.8691
0.7790
0.7570
0.8412
0.8617
0.8121
0.8089
0.8066
0.8031
0.9209
0.9463
0.8377
0.7463
0.7845
0.7788
0.7810
0.8142
0.8095
0.7960
0.7799
0.8241
0.8463
0.8479
0.8837
0.9228
1.0025
0.7975
0.8380
0.8758
0.9552
0.9589
0.9363
1.0095
0.8732
0.9572
1.0249
0.8573
0.8269
0.9292
0.8684
1.0251
1.1417
0.9517
0.8988
0.8311
0.8538
0.8115
0.8455
0.8637
0.8980
0.8183
0.7897
0.8331
0.7899
0.8419
0.8388
1.0049
0.8379
0.9515
1.1317
1.0455
0.9805
1.0652
1.0061
1.1139
0.9455
0.8570
0.8102
0.7878
0.7707
0.8021
0.7807
0.7035
0.7201
0.7698
0.9476
0.8226
0.8001
0.9423
0.7853
0.7617
0.7532
0.7631
0.8618
0.8437
0.8245
0.7863
0.8559
0.7795
0.9141
0.8967
0.7870
0.7893
0.8140
0.8862
0.8787
0.8586
0.8329
0.7874
0.8111
0.7740
0.8239
0.8851
0.8236
0.7920
0.8396
0.9087
0.8225
0.8421
0.8283
0.8337
0.8967
0.8343
0.8885
0.9685
0.8909
0.8510
0.8682
0.8957
0.7816
0.9227
0.8820
0.7725
0.7218
0.7578
0.8267
0.8981
0.8289
0.8311
0.8206
0.8123
0.9002
0.9082
0.8356
0.8726
0.7797
0.7786
0.7911
0.8513
0.8899
0.8531
0.8443
0.8391
0.8648
0.7985
0.8089
0.8516
0.8718
1.0833
0.8688
0.9190
0.8630
0.8385
0.8507
0.8012
0.8658
0.8606
0.8036
0.7866
0.8592
0.8750
0.8912
0.7996
0.9086
0.7976
0.8996
0.8988
0.8811
0.9043
0.8201
0.9141
0.8545
0.8129
0.7936
0.8487
0.8335
0.7894
0.8760
0.8362
0.9886
0.8217
0.8521
0.8767
0.8409
0.8907
0.8265
0.8975
0.9487
0.8218
0.8262
0.8455
0.8712
0.8519
0.8163
0.9188
0.9089
0.7600
0.7913
0.9192
0.8239
0.8755
0.9091
0.9419
0.9132
0.8522
0.8505
0.7838
0.8966
0.8759
0.8672
0.8319
0.7458
0.9095
0.8851
0.8601
0.7709
0.8335
0.8408
0.8406
0.8594
0.7836
0.8479
0.8931
0.8110
0.8059
0.8784
0.8289
0.8040
0.9151
0.7821
1.0238
0.9538
0.8262
0.8066
0.8266
0.8734
1.0609
1.1424
0.9380
0.9179
0.8163
0.9580
0.8594
0.8413
0.7688
0.8708
0.9157
0.8392
0.8853
0.9194
0.8015
0.7610
0.8317
0.8827
0.7850
0.9241
0.8841
0.8700
0.7626
0.8790
0.8787
0.8933
0.9493
0.9205
0.8665
0.8246
0.8987
0.8349
0.8682
0.8548
0.8196
0.8167
0.9779
0.8130
0.8329
0.8179
0.7969
0.8985
0.7954
0.8791
0.8393
0.8271
0.7854
0.8508
0.8552
0.8254
0.8620
0.9019
0.9095
0.8846
0.9533
0.8631
1.1697
0.8665
0.8335
0.8409
0.9656
0.9801
0.8411
0.8296
0.8067
0.7503
0.7716
0.8566
0.7880
0.7658
0.8296
0.8306
0.8502
0.9246
0.9158
0.7527
0.7702
0.8636
1.0283
0.9787
0.9407
0.8032
0.7910
0.8048
0.8109
0.8297
0.8532
0.8501
0.7241
0.7497
0.8121
0.7545
0.8428
0.9255
0.8980
0.9027
0.9774
1.1167
1.1494
1.0848
0.9464
0.8703
0.9153
0.8667
0.7921
0.8012
0.7479
0.8058
0.7904
0.7456
0.7324
0.7685
0.7678
0.7599
0.7545
0.6867
0.7524
0.8056
0.7805
0.7655
0.8078
0.8057
0.8425
0.8457
0.8845
0.7956
0.7515
0.8745
0.9722
0.8089
0.8564
0.8013
0.7195
0.8175
0.8920
0.8420
0.8941
0.9123
0.8251
0.8079
0.9995
1.0515
0.9933
0.9530
0.8337
0.8734
0.8396
0.8781
0.7172
0.9689
0.8661
0.8883
0.9425
1.0249
0.9498
0.9149
0.9378
0.8469
0.8135
1.0336
0.9055
0.9140
1.0027
0.9650
1.1165
0.9835
0.8000
0.9235
0.8380
1.0062
1.0489
0.9522
0.8562
0.8416
0.9128
1.1432
1.0105
0.8330
0.9254
0.8428
0.7691
0.8962
0.8881
0.8090
0.9363
0.9269
0.9959
0.8507
0.8154
0.8534
0.9481
0.9025
0.9283
0.8964
0.9201
0.9333
0.8648
0.9731
1.0033
1.0490
0.8178
0.8514
0.8445
0.9746
0.9982
0.9571
0.9002
0.8134
0.8873
0.9080
0.8147
0.9137
0.9372
0.9457
0.9190
0.9204
1.0660
0.9052
0.9451
0.8791
0.8363
0.8559
0.8403
0.8585
0.9277
0.9935
0.8644
0.8228
1.0008
1.0184
1.0390
1.0184
0.8252
0.9510
0.9274
0.9411
0.8265
0.8150
0.9677
0.8561
0.9142
0.9867
0.9775
0.8161
0.7720
0.8296
0.7592
0.7686
0.8843
1.0255
1.0056
0.8930
0.8258
0.8840
0.8949
0.8272
0.8287
0.8368
0.9214
0.9023
0.9001
0.8003
1.0468
0.9300
1.0058
0.9493
0.9668
0.9408
0.9306
0.8905
1.1079
0.8832
0.8769
0.9568
0.8795
0.9012
0.9108
0.9496
0.8487
1.0326
0.8703
0.9126
1.0428
1.0098
0.9330
0.9760
0.9387
0.9514
0.8951
0.9297
0.9008
0.9497
0.8608
1.0039
1.1147
0.9811
0.8834
0.9335
0.9084
0.9208
0.8782
0.9857
1.0961
1.0547
0.9442
0.8680
0.9162
0.9178
0.7995
0.8948
0.8693
1.0525
1.0332
0.9201
0.9854
0.9424
0.9437
0.9400
1.1270
1.0401
1.0194
0.9237
0.8724
0.9880
0.8582
0.7881
0.8269
0.7355
0.7375
0.8764
0.8367
0.8702
0.9493
0.9338
0.7849
0.8401
0.7322
0.7469
1.0014
0.9033
0.8350
0.8324
0.7914
1.1024
0.8374
1.0870
0.8350
1.0692
0.9704
0.9790
0.8460
0.8679
0.9125
0.8986
0.9577
0.8850
0.7596
0.9732
0.8852
0.9050
1.0841
0.9158
1.0084
0.8608
0.8813
0.9421
0.8933
0.7993
0.8755
0.8842
0.9177
0.9038
0.9250
0.9378
1.0336
0.9824
0.8670
0.9247
0.9775
1.0574
0.8886
0.9404
0.8835
0.8255
0.9023
0.7856
0.9446
0.8658
0.9953
1.2217
1.0230
1.1600
0.8648
0.9447
0.8958
1.1199
0.7986
0.9131
0.8946
1.1680
1.0732
1.0852
1.0875
0.8221
1.1327
0.9699
0.9318
1.0470
0.9391
0.9094
1.0146
0.9795
0.9063
0.8261
0.8228
0.8677
1.0091
0.9460
0.9168
1.2948
1.1030
0.9860
1.0769
1.3035
1.0097
1.1461
1.0863
1.0528
0.9894
1.1373
1.0920
1.1653
1.1347
1.1475
1.2835
1.1038
1.0550
1.2978
1.0601
1.1522
1.1920
1.5836
1.2955
1.1543
1.2260
1.2924
1.4637
1.5363
1.5179
1.2832
1.6702
1.3995
1.1832
1.4091
1.4241
1.1144
1.1396
