0.9179
0.9179
0.9747
0.9807
1.0970
1.1241
1.0457
1.0148
1.0077
1.0035
1.0063
1.0087
0.9884
0.9622
1.0902
1.3364
1.3055
1.2120
1.1885
1.0595
1.0526
0.9438
0.9438
1.0997
1.1051
1.1397
1.1448
1.2151
1.2351
1.0616
0.9818
1.1307
1.2338
1.3966
1.5612
1.3919
1.1412
1.1400
1.1373
1.1296
1.1015
1.1234
1.2836
1.2854
1.3505
1.3505
1.0554
1.0344
1.1951
1.2257
1.1481
1.1216
1.0958
1.0820
1.1058
1.1246
1.1151
1.1041
1.1939
1.3470
1.3424
1.3305
1.2951
1.1360
1.1305
1.0733
1.0733
1.2401
1.2409
1.2243
1.2225
1.0675
1.0304
1.1949
1.2610
1.3598
1.4204
1.1114
0.8316
0.9023
0.9956
1.0473
1.1491
1.1528
1.1643
1.1942
1.3646
1.3524
1.1442
1.1442
1.0351
1.0308
1.2136
1.2413
1.3969
1.4422
1.2095
1.1002
1.0918
1.0858
1.0941
1.1027
1.1137
1.1304
1.1564
1.2158
1.1932
1.1085
1.1433
1.4074
1.4019
1.1632
1.1632
1.0614
1.0537
1.1548
1.1747
1.1196
1.1003
1.1305
1.1469
1.2784
1.3845
1.2837
1.1650
1.1495
1.1225
1.0975
1.0305
1.0484
1.1314
1.1362
1.1885
1.1885
1.2292
1.2295
1.1632
1.1555
1.2269
1.2445
1.1654
1.1329
1.1788
1.2076
1.1556
1.1078
1.1123
1.1184
1.1026
1.0710
1.0599
1.0243
1.0879
1.4627
1.4428
1.0660
1.0660
1.1224
1.1250
1.1099
1.1076
1.2165
1.2491
1.1945
1.1683
1.2834
1.3661
1.2118
1.0497
1.0886
1.1484
1.1361
1.1074
1.1042
1.0917
1.0942
1.1144
1.1177
1.3014
1.3014
1.2582
1.2547
1.1716
1.1547
1.3456
1.4138
1.3630
1.3348
1.2480
1.1768
1.1826
1.1895
1.1852
1.1775
1.1924
1.2333
1.2223
1.1701
1.1827
1.3306
1.3306
1.4007
1.4017
1.1236
1.0899
1.2370
1.2742
1.2503
1.2403
1.2046
1.1818
1.1814
1.1810
1.1856
1.1919
1.2153
1.2633
1.2742
1.3098
1.3184
1.3714
1.3704
1.3504
1.3504
1.3443
1.3441
1.3164
1.3119
1.3230
1.3264
1.2989
1.2854
1.2178
1.1682
1.1741
1.1804
1.1970
1.2232
1.2518
1.3203
1.3612
1.5239
1.5398
1.6721
1.6772
2.0486
2.0486
1.6584
1.6246
2.4232
2.5908
1.7754
1.4766
1.4613
1.4526
1.4607
1.4675
1.3974
1.3117
1.3217
1.3397
1.3468
1.3666
1.3937
1.5275
1.5160
1.3734
1.3734
1.1367
1.1322
1.3168
1.3403
1.3238
1.3194
1.4436
1.4971
1.5184
1.5323
1.4314
1.3351
1.3111
1.2776
1.3370
1.4611
1.4654
1.4797
1.4968
1.6056
1.5982
1.4247
1.4247
1.4603
1.4623
1.5673
1.5852
1.4759
1.4414
1.4580
1.4664
1.3074
1.1888
1.1962
1.2043
1.1496
1.0621
1.0840
1.1373
1.1443
1.1731
1.1773
1.2142
1.2157
1.3966
1.3966
1.2147
1.1979
1.4167
1.4642
1.3222
1.2691
1.3115
1.3360
1.2943
1.2587
1.2939
1.3375
1.4048
1.5288
1.5109
1.4590
1.4395
1.3399
1.3279
1.1682
1.1682
1.3469
1.3512
1.4211
1.4303
1.4407
1.4435
1.4522
1.4561
1.3882
1.3432
1.2912
1.2407
1.2163
1.1815
1.1950
1.2239
1.2009
1.1217
1.1359
1.2307
1.2301
1.2148
1.2148
1.1707
1.1681
1.1797
1.1817
1.2375
1.2555
1.1070
1.0312
1.0464
1.0580
1.1003
1.1474
1.1391
1.1256
1.1427
1.1854
1.2315
1.4259
1.4209
1.3749
1.3738
1.1164
1.1164
1.0883
1.0855
1.1015
1.1051
1.0844
1.0764
1.0476
1.0306
1.0759
1.1153
1.1302
1.1493
1.1502
1.1521
1.1536
1.1580
1.1635
1.1925
1.1881
1.1250
1.1250
0.9912
0.9874
1.0419
1.0495
1.0836
1.0930
1.1841
1.2250
1.1563
1.1098
1.1659
1.2216
1.1132
0.9560
0.9492
0.9342
0.9744
1.1166
1.1002
0.9871
0.9871
0.9868
0.9868
1.0262
1.0287
1.0081
1.0043
1.0097
1.0115
1.0065
1.0038
1.0442
1.0755
1.0083
0.9324
0.9222
0.9053
0.9064
0.9092
0.8803
0.7551
0.7688
0.9030
0.9030
0.9675
0.9675
0.9488
0.9468
1.1104
1.1482
1.4126
1.5163
1.4076
1.3423
1.1927
1.0605
1.0280
0.9862
0.9669
0.9300
0.9523
1.0200
0.9976
0.8748
0.8815
0.9864
0.9864
0.7684
0.7610
0.8555
0.8692
1.0099
1.0497
1.0007
0.9783
0.9087
0.8607
0.8612
0.8617
0.8746
0.8938
0.8847
0.8645
0.9226
1.1341
1.1483
1.2511
1.2417
0.9097
0.9097
0.8740
0.8715
0.8686
0.8681
0.8430
0.8345
0.8838
0.9101
0.8870
0.8688
0.9223
0.9840
0.9402
0.8656
0.9180
1.0551
1.0383
0.9629
0.9667
1.0058
1.0058
0.9532
0.9530
0.9007
0.8950
0.8310
0.8158
0.8609
0.8790
0.9176
0.9414
0.8952
0.8536
0.8042
0.7392
0.7527
0.7791
0.7780
0.7747
0.7808
0.8153
0.8245
0.9794
0.9794
0.7210
0.7111
0.7646
0.7726
0.8919
0.9266
0.8523
0.8174
0.8348
0.8471
0.8689
0.8913
0.8377
0.7569
0.7925
0.8734
0.9358
1.1688
1.1317
0.8529
0.8533
0.8698
0.8698
0.8709
0.8710
0.8123
0.8007
0.7953
0.7934
0.8590
0.8946
0.9072
0.9174
0.9387
0.9638
1.0682
1.2489
1.1770
0.9848
0.9760
0.9356
0.9292
0.8584
0.8584
0.7159
0.7146
0.7175
0.7178
0.8467
0.8783
0.8713
0.8685
0.8408
0.8236
0.7483
0.6792
0.7594
0.8668
0.8561
0.8347
0.8338
0.8310
0.8176
0.7385
0.7393
0.7532
0.7532
0.8424
0.8463
0.8137
0.8086
0.8305
0.8370
0.7956
0.7758
0.7273
0.6926
0.7859
0.8835
0.8221
0.7279
0.7493
0.7994
0.7894
0.7509
0.7524
0.7642
0.7677
0.9569
0.9569
0.8172
0.8059
0.8206
0.8236
0.9024
0.9304
0.8988
0.8813
0.9924
1.0834
1.0031
0.9069
0.8991
0.8853
0.8718
0.8346
0.8299
0.8074
0.8173
0.9321
0.9321
0.8521
0.8510
0.7864
0.7786
0.7713
0.7695
0.8437
0.8749
0.8741
0.8736
0.8792
0.8845
0.8766
0.8657
0.8583
0.8433
0.8432
0.8428
0.8448
0.8567
0.8514
0.7419
0.7419
0.7991
0.8018
0.8008
0.8006
0.8089
0.8114
0.8555
0.8771
0.8568
0.8420
0.8825
0.9256
0.8990
0.8573
0.8470
0.8224
0.8499
0.9585
0.9520
0.8984
0.8985
0.9007
0.9007
0.8455
0.8407
0.9374
0.9577
0.8955
0.8728
0.8889
0.8980
0.8988
0.8995
0.9167
0.9376
0.9771
1.0484
0.9804
0.7903
0.7906
0.7919
0.7928
0.8042
0.8042
0.7771
0.7766
0.8096
0.8138
0.8407
0.8477
0.9068
0.9322
0.8968
0.8738
0.9685
1.0586
1.0102
0.9430
0.9249
0.8871
0.8630
0.7822
0.7881
0.8258
0.8223
0.7422
0.7422
0.8027
0.8060
0.8414
0.8474
0.8417
0.8399
0.8357
0.8336
0.7977
0.7711
0.8090
0.8501
0.8785
0.9238
0.9185
0.9055
0.8930
0.8422
0.8410
0.8300
0.8302
0.8494
0.8494
0.8696
0.8714
0.7521
0.7262
0.7805
0.8007
0.8262
0.8409
0.8235
0.8087
0.7660
0.7130
0.7544
0.8305
0.8067
0.7382
0.7794
0.9886
0.9814
0.8860
0.8860
0.8825
0.8824
0.8937
0.8952
0.9337
0.9439
1.0484
1.0940
0.9774
0.9000
0.8900
0.8803
0.9051
0.9404
0.9716
1.0380
0.9885
0.8185
0.8369
0.9584
0.9559
0.8912
0.8912
0.8036
0.7984
0.7932
0.7922
0.8379
0.8526
0.9272
0.9653
0.8628
0.7848
0.7842
0.7834
0.7764
0.7650
0.8297
0.9908
0.9639
0.8508
0.8549
0.8916
0.8909
0.7457
0.7457
0.7801
0.7834
0.8777
0.8988
0.8557
0.8392
0.7584
0.7108
0.7481
0.7804
0.7735
0.7647
0.8172
0.9155
0.8621
0.7054
0.7391
0.9160
0.9107
0.8349
0.8349
0.8748
0.8760
0.8559
0.8532
0.7857
0.7671
0.8606
0.9025
0.8851
0.8733
0.8550
0.8370
0.8549
0.8807
0.8594
0.8132
0.8200
0.8442
0.8542
0.9234
0.9215
0.8657
0.8657
0.7468
0.7392
0.8689
0.8925
0.8217
0.7984
0.8741
0.9135
0.8955
0.8815
0.8677
0.8521
0.8854
0.9407
0.9195
0.8655
0.8921
1.0073
1.0071
1.0047
1.0047
1.0075
1.0075
0.9709
0.9672
0.9399
0.9337
0.8906
0.8738
0.8976
0.9118
0.9333
0.9523
0.9251
0.8901
0.9132
0.9575
0.9476
0.9177
0.9306
1.0012
1.0160
1.2437
1.2437
1.0005
0.9925
0.8914
0.8769
0.8297
0.8165
0.7840
0.7691
0.8947
0.9812
0.9764
0.9717
0.9750
0.9799
0.9805
0.9819
0.9797
0.9718
0.9717
0.9709
0.9698
0.9321
0.9321
0.8861
0.8829
0.9184
0.9250
0.8942
0.8837
0.8745
0.8696
0.9743
1.0568
0.9872
0.9070
0.9557
1.0382
0.9808
0.8313
0.8409
0.8835
0.8947
1.0089
1.0089
0.8639
0.8635
0.9412
0.9496
0.9026
0.8915
0.9970
1.0392
1.0300
1.0244
0.9522
0.8873
0.9238
0.9717
0.9486
0.9036
0.9121
0.9382
0.9325
0.9001
0.8963
0.8347
0.8347
0.8309
0.8308
0.8809
0.8885
0.9471
0.9641
0.9238
0.9050
0.9650
1.0071
0.9480
0.8874
0.9553
1.0573
1.0170
0.9255
0.9528
1.0543
