0.9798
1.0317
1.0155
0.9805
0.8475
0.8203
0.8841
0.8113
1.0013
0.8321
0.8188
0.9615
0.9551
0.9289
0.9065
0.9601
0.7917
0.9041
0.7866
0.9303
0.9218
0.8425
0.9865
1.0856
1.0405
1.1020
1.0281
1.0313
0.9816
0.8827
0.8367
0.9866
0.9015
0.8535
0.8663
0.9160
0.9659
0.9511
0.8682
0.8659
0.8975
0.9779
0.9709
0.8827
0.9044
0.9224
0.9553
0.8379
1.0006
1.1806
1.0706
0.9523
0.8911
0.9507
1.0251
1.0139
0.8927
0.9533
0.9531
0.8691
0.8148
0.7672
0.8470
0.9307
0.9535
0.9218
0.8653
0.8496
0.8846
0.8769
0.8763
0.8985
0.8264
0.8363
0.8728
0.8102
0.7614
0.7529
0.7577
0.8130
0.8600
0.8753
0.9019
0.8513
0.8434
0.8246
0.7132
0.7554
0.7935
0.8837
0.8831
0.8185
0.8828
0.8217
0.7835
0.8394
0.7693
0.7569
0.9386
0.8440
0.8334
0.9637
1.1685
1.0510
0.8479
0.8201
0.8701
1.0018
0.9707
0.9499
1.1058
1.2037
1.2669
1.0784
0.8589
0.9367
0.9159
0.7142
0.8992
0.8329
0.7997
0.7952
0.8216
0.9052
0.9118
0.9137
0.7632
0.8842
0.9094
0.7400
0.8975
0.8710
0.9349
0.7932
0.7982
0.8099
0.8275
0.8504
0.6918
0.7961
0.8246
0.8876
0.8923
0.7873
0.9578
0.9560
0.9728
0.8779
0.9775
1.0324
0.9544
0.9139
1.0080
0.8909
0.9421
0.9458
0.9174
0.9128
1.0236
1.0015
1.0405
0.9846
0.9775
1.1023
0.9906
1.0407
1.0119
1.0360
1.1519
1.0701
1.1174
0.9914
1.0067
0.9882
1.0286
1.0183
1.0535
1.1402
1.1226
1.1253
1.1008
1.0904
1.2152
1.3388
1.3681
1.2318
1.2314
1.1972
1.1754
1.1305
1.1643
1.1485
1.1216
1.0702
0.9962
1.0256
0.9952
0.9945
0.9639
0.9856
1.0204
0.9357
0.9834
1.0368
1.0067
0.9540
0.9742
1.0532
1.0056
0.9539
0.9220
0.9190
0.9174
0.8493
0.9211
0.9702
0.9837
0.9630
0.9403
0.9458
0.9223
0.9875
0.9615
0.9162
0.9069
0.8771
0.8068
0.7272
0.7750
0.7883
0.8081
0.8524
1.0184
1.0471
0.8927
0.8990
0.8670
0.8368
0.7432
0.7866
0.8412
0.8209
0.8564
0.7898
0.7622
0.7571
0.7416
0.7588
0.8438
0.8194
0.8530
0.8084
0.9143
0.8502
0.8520
0.7695
0.8060
0.8081
0.9685
0.8459
0.7926
0.8082
0.7685
0.9346
0.8195
0.7930
0.7455
0.8390
0.8395
0.7474
0.8077
0.7702
0.8642
0.8049
0.6879
0.8930
0.8426
0.6961
0.8175
0.8092
0.9695
0.7925
0.8647
0.8932
1.0257
0.8558
0.8687
0.8875
0.8920
0.7980
0.8095
0.7845
0.7065
0.8124
0.8882
0.8445
0.7682
0.8705
0.9799
0.8655
0.9089
0.9666
0.8865
0.7712
0.8196
0.8544
0.7719
0.8465
0.8687
0.8267
0.8915
0.9643
0.9383
1.0133
0.9762
0.9344
0.9337
0.8304
0.9258
0.9881
1.0202
1.0863
1.0782
0.9942
0.9205
0.9291
1.0175
1.0439
1.0419
1.1204
1.1120
1.0988
1.0951
1.0575
1.1419
1.2529
1.2445
1.1941
1.1362
1.0845
1.0844
1.0433
1.0765
1.0721
1.0105
1.0627
1.0172
0.9931
1.0590
1.0931
1.2314
1.2344
1.1097
1.0407
1.0797
1.1033
1.0756
1.0847
1.1135
1.1479
1.0428
1.0794
1.0588
1.1392
1.1161
1.1159
1.0550
1.0645
1.0674
0.9384
0.8949
1.0284
0.9760
0.8685
0.9329
0.9587
0.8833
0.9470
0.9551
0.9607
0.9213
0.8970
0.8509
0.9421
0.8318
0.9277
0.9019
1.0219
0.8668
0.9008
0.9311
0.9756
0.9988
0.8710
0.9201
0.9732
0.9144
0.9722
0.9850
0.9897
0.9562
0.8600
0.9908
0.9319
0.9304
0.9616
0.9349
0.9852
1.1030
1.0116
1.0046
1.0036
0.9332
0.9452
0.9347
0.8449
0.8078
0.8429
0.9235
0.9172
0.9650
0.9307
0.9450
0.9399
0.8853
0.8751
0.8731
0.8957
1.1409
0.9982
0.9531
0.9369
0.9675
0.8258
0.7949
0.8902
0.9157
0.8197
0.8354
0.8934
0.9285
0.9096
0.9091
0.8542
0.8886
0.8906
0.8613
0.7781
0.7475
0.8548
0.8506
0.8652
0.9220
0.8566
0.7873
0.8544
0.8604
0.9253
0.9591
0.8444
0.8434
0.9061
0.9711
0.9370
0.9175
0.9461
0.8826
0.8664
0.9238
0.9344
0.8608
0.8575
0.8454
0.7886
0.8155
0.8505
0.8431
0.7911
0.7506
0.7159
0.7365
0.7379
0.8746
0.9103
0.8068
0.8077
0.8735
0.8767
0.9272
0.8917
0.9018
0.8543
0.7892
0.7655
0.8291
0.8212
0.8464
0.9793
1.2248
1.2499
1.0644
0.8868
0.8571
1.0141
0.9779
0.7850
0.9130
0.8691
0.7640
0.7383
0.8105
0.7729
0.7940
0.8717
0.9160
0.7951
0.6771
0.8224
0.8566
0.9049
0.7628
0.8281
0.8534
0.7973
0.8929
0.8177
0.8745
0.8944
0.8070
0.6803
0.7576
0.7413
0.7675
0.8438
0.8241
0.9146
0.7170
0.7215
0.7493
0.8351
0.9109
1.1559
0.8489
0.7216
0.9962
0.8296
0.7940
0.8640
0.9998
0.8811
0.7277
0.8151
0.8927
0.8020
0.8906
0.8984
1.0149
0.8905
0.8752
0.9323
0.9619
0.9441
0.9162
0.7866
0.8346
0.9033
0.7861
0.7770
0.7987
0.8512
0.8073
0.7763
0.8412
0.8788
0.8977
0.9155
0.8613
0.7942
0.9012
0.9507
0.9899
0.9234
0.8727
0.8183
0.8331
0.9476
1.0399
0.9547
0.8691
0.8479
0.8739
0.8642
0.7633
0.7611
0.8217
0.7857
0.7098
0.7279
0.8722
0.9155
0.8546
0.8225
0.8043
0.7878
0.7895
0.8029
0.7538
0.7672
0.7994
0.7952
0.7668
0.8010
0.9058
0.9584
1.0209
0.9803
0.8643
0.8982
0.8959
0.8965
0.8748
0.8658
0.8170
0.8195
0.8504
0.8416
0.7903
0.7671
0.7393
0.7430
0.7945
0.7594
0.7700
0.7690
0.7404
0.7402
0.6913
0.7756
0.7672
0.7477
0.7618
0.7645
0.8327
0.9853
0.9205
0.9073
0.9334
0.9360
0.8555
0.6979
0.9263
0.8365
0.9389
0.8090
0.8930
0.8102
0.8185
0.8772
0.7887
0.8003
0.6758
0.8089
0.9123
0.9014
0.7854
0.8112
0.7256
0.7806
0.9408
0.8891
0.8933
0.8277
0.8945
0.7895
0.7619
0.8387
0.7699
0.7994
0.7944
0.8619
0.8448
0.7342
0.7076
0.8479
0.7828
0.7983
0.7357
0.7298
0.8979
0.8713
0.8570
0.8043
0.8051
0.7714
0.7716
0.7569
0.7868
0.7978
0.8838
0.8818
0.7955
0.7955
0.7823
0.8948
0.8810
0.8496
0.8281
0.8217
0.7666
0.7576
0.8111
0.8165
0.7766
0.8069
0.8670
0.9988
1.0396
0.9583
0.8031
0.7641
0.8152
0.8519
0.9385
0.8582
0.7506
0.7777
0.8446
0.9044
0.9051
0.8700
0.7985
0.7672
0.8315
0.8698
0.8281
0.8297
0.8209
0.8078
0.8603
0.9082
1.1824
1.1498
0.7849
0.8318
0.8287
0.8332
0.8718
0.8750
0.8535
0.9211
0.9286
0.9881
0.9309
0.8458
0.8678
0.9828
1.1158
1.0755
0.8285
0.8969
0.8771
0.8800
0.9377
0.8856
0.8885
1.0178
1.0157
0.9049
1.1127
1.0821
0.9800
1.1291
1.2433
0.9987
1.3003
1.3832
0.8057
0.8285
0.8731
0.9556
0.8303
0.9105
1.0194
1.0084
1.0233
0.9729
1.0103
0.7282
0.7431
0.8653
0.7802
0.8904
0.8487
0.7579
0.7471
0.8954
0.7755
0.9133
0.9788
0.9209
0.8648
0.9092
0.8899
0.8936
0.9282
0.8714
0.7947
0.9158
0.8873
0.8212
0.7807
0.8027
0.8559
0.8070
0.8266
0.8314
0.7918
0.8408
0.9016
0.7846
0.7893
0.8900
0.9083
0.8441
0.8035
0.8476
1.0264
0.9301
0.9067
0.8575
0.8547
0.8361
0.8765
0.9722
0.9344
0.9858
1.0401
0.9499
0.8986
0.8338
0.8351
1.0042
1.0384
1.0055
1.1159
1.1232
1.0806
1.0890
1.1181
1.0746
1.0767
1.0230
1.1054
1.1236
1.0767
0.9543
0.9950
1.0622
0.9807
0.9619
1.0436
1.0495
1.0868
1.1136
1.1274
1.2568
1.2562
1.1712
1.1191
1.0966
1.0984
1.0693
1.0772
1.1256
1.2263
1.3090
1.2510
1.2491
1.2590
1.1619
1.2103
1.3080
1.2529
1.2191
1.3063
1.3493
1.4216
1.2911
1.2863
1.3057
1.3699
1.5382
1.5643
1.3008
1.2506
1.3004
1.4446
1.4346
1.2573
1.4045
1.3518
1.3028
1.3279
1.1715
1.1543
1.2473
1.1453
1.2758
1.1917
1.2151
1.1243
1.4797
1.3405
1.3983
1.1972
1.2667
1.1957
1.2519
1.6113
1.4217
1.4443
1.3433
1.2454
1.2445
1.2580
1.3691
1.2403
1.3757
1.2070
1.2558
0.9557
1.1740
1.2804
1.0603
1.1685
1.1981
1.3149
1.1038
1.1636
1.2252
1.0160
1.2023
1.1129
1.0054
1.1482
1.1873
1.1582
1.1440
0.9891
0.9941
1.0662
0.8954
0.9393
0.8972
0.8729
0.9783
1.0722
1.0924
1.2272
1.1389
1.0713
0.9878
0.9711
0.9846
0.9240
0.9920
1.0219
0.8507
0.8252
0.9052
0.9086
0.9027
0.8583
0.8341
0.8938
0.8901
0.9512
0.9577
0.9097
0.9327
0.9114
0.9573
0.9568
0.9447
0.9890
0.9769
0.8221
0.8137
0.9884
0.9673
0.9693
0.9888
0.9641
0.9900
0.9355
0.9303
0.9561
0.9501
0.8933
0.9384
